datasets/raw/temp/2019111220191112.grid
ncols 886
nrows 691
xllcenter 112.0000
yllcenter -44.5000
cellsize 0.0500
nodata_value 99999.90
[rows 272 to 305 of 691, columns 539 to 615 of 886]
41.00 41.01 40.98 40.96 40.92 40.80 40.50 40.68 40.77 40.84 40.89 40.89 40.93 40.98 40.97 41.03 41.05 41.07 41.08 41.07 41.09 41.10 41.09 41.08 41.05 41.02 40.99 40.98 40.95 40.93 40.96 41.02 41.03 41.06 41.14 41.18 41.14 41.12 41.13 41.17 41.26 41.22 41.17 41.30 41.36 41.36 41.31 41.30 41.31 41.30 41.23 41.25 41.21 41.02 41.09 41.02 40.90 40.91 40.83 40.88 40.96 40.98 40.96 40.90 40.88 40.79 40.69 40.62 40.64 40.68 40.63 40.55 40.47 40.32 40.13 40.21 40.14
40.98 40.96 40.92 40.88 40.83 40.71 40.60 40.65 40.65 40.73 40.72 40.75 40.85 40.87 40.95 40.96 41.01 41.01 40.92 41.03 41.04 41.04 41.04 41.04 41.04 41.02 40.97 40.95 40.90 40.93 40.99 41.04 41.03 41.09 41.13 41.17 41.18 41.14 41.19 41.13 41.17 41.19 41.17 41.19 41.34 41.32 41.30 41.22 41.08 41.24 41.24 41.22 41.19 41.14 41.16 41.14 41.12 41.08 41.06 41.03 41.01 40.97 40.94 40.89 40.85 40.82 40.77 40.75 40.71 40.64 40.55 40.46 40.36 40.23 40.05 39.95 39.86
40.92 40.85 40.81 40.79 40.67 40.58 40.63 40.63 40.66 40.52 40.60 40.60 40.68 40.71 40.89 40.90 40.92 40.94 40.93 40.98 40.99 40.99 40.98 40.98 41.00 40.97 40.94 40.90 40.85 40.87 40.93 41.01 41.05 41.09 41.13 41.16 41.20 41.20 41.20 41.11 41.19 41.23 41.28 41.33 41.16 41.17 41.27 41.21 41.15 41.13 41.01 41.11 41.13 41.14 41.06 41.08 41.06 40.95 40.92 40.92 40.97 40.96 40.85 40.86 40.79 40.70 40.69 40.65 40.62 40.55 40.55 40.43 40.30 40.23 40.19 40.14 40.00
40.81 40.76 40.54 40.64 40.61 40.59 40.61 40.62 40.61 40.44 40.60 40.65 40.60 40.73 40.81 40.84 40.85 40.86 40.89 40.90 40.94 40.94 40.95 40.95 40.94 40.90 40.90 40.89 40.84 40.71 40.91 40.95 41.00 41.04 41.12 41.15 41.18 41.21 41.12 41.25 41.24 41.27 41.29 41.29 41.22 41.21 41.23 41.20 41.13 41.03 40.92 40.93 40.92 41.03 40.99 40.90 40.91 40.84 40.85 40.93 40.91 40.85 40.71 40.71 40.70 40.58 40.59 40.53 40.50 40.41 40.42 40.39 40.33 40.29 40.22 40.14 39.98
40.73 40.62 40.57 40.50 40.41 40.40 40.48 40.53 40.58 40.61 40.63 40.66 40.67 40.61 40.74 40.76 40.77 40.81 40.83 40.85 40.88 40.90 40.90 40.90 40.91 40.89 40.87 40.84 40.78 40.74 40.78 40.90 40.98 41.04 41.06 41.08 41.07 41.06 41.20 41.23 41.25 41.24 41.28 41.28 41.27 41.24 41.23 41.18 41.14 41.02 41.00 40.94 40.88 40.72 40.87 40.70 40.78 40.83 40.85 40.87 40.83 40.81 40.67 40.57 40.55 40.42 40.52 40.39 40.42 40.42 40.44 40.34 40.19 40.14 40.03 39.93 39.93
40.65 40.61 40.59 40.53 40.40 40.34 40.29 40.19 40.34 40.39 40.54 40.61 40.64 40.47 40.68 40.69 40.71 40.74 40.76 40.77 40.81 40.84 40.85 40.86 40.85 40.86 40.84 40.80 40.75 40.73 40.78 40.87 40.93 40.98 40.98 41.08 41.15 41.15 41.17 41.21 41.22 41.23 41.27 41.26 41.24 41.24 41.21 41.18 41.14 40.95 41.01 40.94 40.89 40.79 40.74 40.70 40.75 40.80 40.78 40.78 40.73 40.71 40.61 40.61 40.49 40.38 40.40 40.44 40.45 40.44 40.44 40.36 40.22 40.14 40.09 39.95 40.02
40.70 40.58 40.57 40.51 40.46 40.30 40.31 40.22 40.18 40.23 40.27 40.38 40.56 40.61 40.64 40.64 40.66 40.68 40.70 40.74 40.77 40.78 40.79 40.79 40.81 40.81 40.81 40.75 40.76 40.73 40.79 40.84 40.89 40.93 40.93 41.04 41.14 41.14 41.16 41.16 41.19 41.21 41.22 41.26 41.24 41.22 41.20 41.18 41.11 41.07 41.00 40.94 40.90 40.84 40.74 40.65 40.67 40.71 40.70 40.70 40.67 40.64 40.58 40.41 40.46 40.25 40.35 40.40 40.38 40.41 40.42 40.34 40.23 40.12 40.06 40.09 40.00
40.64 40.53 40.55 40.52 40.45 40.36 40.35 40.20 40.22 40.31 40.44 40.50 40.54 40.58 40.60 40.61 40.61 40.63 40.64 40.67 40.70 40.72 40.74 40.72 40.73 40.75 40.73 40.75 40.74 40.77 40.77 40.86 40.90 40.90 40.99 41.03 41.09 41.08 41.12 41.18 41.19 41.11 41.20 41.24 41.22 41.18 41.21 41.16 41.11 41.03 40.96 40.89 40.83 40.79 40.71 40.58 40.63 40.58 40.57 40.55 40.60 40.52 40.40 40.44 40.35 40.29 40.33 40.36 40.42 40.46 40.46 40.36 40.28 40.20 40.16 40.15 40.06
40.61 40.49 40.54 40.49 40.42 40.40 40.39 40.38 40.26 40.31 40.41 40.42 40.51 40.55 40.56 40.57 40.57 40.59 40.59 40.62 40.65 40.66 40.67 40.69 40.70 40.71 40.73 40.72 40.74 40.76 40.76 40.83 40.88 40.95 41.01 41.04 41.09 41.16 41.14 41.15 41.15 41.17 41.19 41.21 41.22 41.14 41.12 41.11 41.05 41.00 40.93 40.85 40.81 40.77 40.73 40.67 40.56 40.53 40.53 40.50 40.45 40.41 40.40 40.25 40.27 40.29 40.34 40.39 40.40 40.43 40.43 40.35 40.31 40.27 40.21 40.10 40.02
40.59 40.50 40.52 40.45 40.43 40.48 40.34 40.34 40.39 40.24 40.42 40.47 40.47 40.53 40.53 40.54 40.54 40.57 40.56 40.59 40.60 40.63 40.65 40.66 40.65 40.69 40.72 40.73 40.72 40.74 40.78 40.80 40.83 40.89 40.94 41.01 41.08 41.14 41.11 41.11 41.15 41.07 41.17 41.20 41.18 41.13 41.08 41.10 41.05 41.00 40.99 40.82 40.85 40.79 40.73 40.67 40.55 40.53 40.51 40.50 40.38 40.47 40.38 40.36 40.39 40.38 40.34 40.39 40.37 40.39 40.41 40.35 40.29 40.23 40.12 40.01 39.96
40.51 40.48 40.45 40.55 40.45 40.46 40.24 40.34 40.41 40.12 40.40 40.45 40.48 40.50 40.51 40.53 40.53 40.51 40.54 40.54 40.56 40.57 40.58 40.64 40.65 40.64 40.69 40.68 40.67 40.75 40.78 40.75 40.78 40.82 40.91 40.99 41.02 41.08 41.15 41.14 41.11 41.08 41.18 41.18 41.15 41.11 41.07 40.98 41.02 40.96 40.97 40.87 40.79 40.73 40.68 40.64 40.59 40.49 40.49 40.52 40.45 40.47 40.35 40.39 40.42 40.43 40.38 40.37 40.44 40.44 40.37 40.29 40.21 40.14 40.12 39.95 39.82
40.49 40.50 40.38 40.50 40.50 40.42 40.40 40.40 40.26 40.32 40.41 40.44 40.47 40.46 40.48 40.50 40.52 40.51 40.50 40.52 40.54 40.53 40.55 40.58 40.59 40.58 40.63 40.63 40.67 40.76 40.78 40.78 40.80 40.85 40.84 40.89 41.00 41.07 41.14 41.09 41.12 41.08 41.19 41.12 41.11 41.09 41.05 41.02 40.93 40.86 40.80 40.86 40.76 40.63 40.52 40.50 40.49 40.38 40.48 40.51 40.52 40.53 40.47 40.49 40.47 40.49 40.45 40.46 40.48 40.44 40.38 40.31 40.22 40.10 40.09 39.97 39.83
40.44 40.48 40.46 40.50 40.51 40.48 40.40 40.42 40.34 40.41 40.42 40.45 40.44 40.44 40.48 40.48 40.47 40.48 40.47 40.51 40.51 40.49 40.50 40.54 40.56 40.58 40.58 40.56 40.62 40.73 40.80 40.83 40.88 40.91 40.93 40.95 41.00 41.08 41.11 41.11 41.12 41.11 41.15 41.12 41.11 41.07 41.06 41.02 40.96 40.87 40.77 40.72 40.69 40.61 40.60 40.49 40.43 40.38 40.45 40.43 40.48 40.53 40.56 40.55 40.54 40.52 40.51 40.53 40.49 40.36 40.27 40.21 40.11 40.18 40.05 40.02 40.03
40.43 40.45 40.51 40.50 40.48 40.43 40.26 40.25 40.34 40.36 40.43 40.42 40.43 40.43 40.45 40.45 40.44 40.46 40.47 40.48 40.49 40.50 40.51 40.54 40.56 40.57 40.58 40.61 40.65 40.72 40.80 40.84 40.89 40.93 40.93 40.99 41.00 41.05 41.10 41.11 41.10 41.11 41.12 41.12 41.06 41.04 40.99 40.93 40.95 40.83 40.81 40.72 40.71 40.70 40.57 40.49 40.44 40.32 40.35 40.37 40.42 40.42 40.50 40.50 40.56 40.55 40.53 40.52 40.46 40.37 40.27 40.23 40.14 40.07 40.01 40.08 40.09
40.43 40.42 40.44 40.48 40.45 40.36 40.27 40.26 40.33 40.41 40.42 40.42 40.41 40.42 40.42 40.42 40.43 40.43 40.45 40.46 40.46 40.46 40.47 40.48 40.52 40.55 40.59 40.62 40.68 40.72 40.78 40.84 40.89 40.95 40.97 40.95 41.04 41.07 41.05 41.10 41.10 41.09 41.09 41.06 41.07 41.03 41.00 40.97 40.88 40.80 40.70 40.57 40.60 40.59 40.49 40.53 40.46 40.30 40.28 40.37 40.39 40.50 40.47 40.46 40.54 40.56 40.54 40.49 40.42 40.31 40.24 40.25 40.13 40.04 40.05 40.07 40.13
40.44 40.46 40.47 40.47 40.38 40.24 40.15 40.30 40.38 40.39 40.39 40.39 40.39 40.41 40.40 40.41 40.42 40.40 40.41 40.42 40.41 40.39 40.40 40.41 40.46 40.54 40.58 40.62 40.67 40.70 40.77 40.87 40.89 40.94 40.97 40.95 41.03 41.02 41.01 41.08 41.07 41.08 41.07 41.01 41.00 41.01 40.98 40.91 40.87 40.78 40.59 40.65 40.61 40.62 40.56 40.58 40.48 40.40 40.29 40.38 40.40 40.40 40.55 40.56 40.58 40.55 40.50 40.46 40.41 40.23 40.33 40.21 40.13 40.05 40.09 40.03 40.13
40.30 40.41 40.41 40.37 40.28 40.21 40.22 40.28 40.36 40.33 40.37 40.37 40.36 40.37 40.38 40.38 40.38 40.36 40.39 40.33 40.31 40.32 40.33 40.32 40.40 40.46 40.54 40.60 40.65 40.69 40.75 40.85 40.89 40.92 40.97 40.95 41.02 40.99 41.02 41.03 41.06 41.06 41.05 41.01 40.96 40.94 40.90 40.88 40.91 40.84 40.76 40.74 40.64 40.65 40.63 40.62 40.56 40.50 40.37 40.46 40.50 40.48 40.58 40.60 40.57 40.54 40.49 40.36 40.27 40.34 40.31 40.26 40.17 40.02 40.00 40.08 40.03
40.39 40.36 40.36 40.31 40.31 40.30 40.29 40.32 40.29 40.30 40.31 40.32 40.35 40.37 40.38 40.36 40.32 40.29 40.30 40.26 40.28 40.29 40.27 40.29 40.36 40.42 40.47 40.56 40.59 40.61 40.70 40.82 40.86 40.88 40.93 40.94 40.95 40.99 41.04 41.05 41.03 41.02 41.02 40.98 40.95 40.91 40.86 40.81 40.61 40.84 40.79 40.76 40.68 40.64 40.63 40.63 40.55 40.48 40.51 40.44 40.58 40.45 40.62 40.53 40.54 40.38 40.39 40.25 40.22 40.27 40.23 40.16 40.14 40.07 40.03 39.96 39.93
40.32 40.31 40.26 40.27 40.26 40.23 40.29 40.30 40.30 40.28 40.30 40.31 40.33 40.35 40.24 40.33 40.20 40.19 40.26 40.27 40.30 40.26 40.20 40.31 40.38 40.37 40.42 40.47 40.47 40.58 40.69 40.76 40.84 40.88 40.92 40.95 40.99 40.98 40.97 41.00 41.00 40.96 40.95 40.93 40.87 40.82 40.78 40.75 40.68 40.72 40.74 40.69 40.69 40.68 40.68 40.58 40.50 40.57 40.48 40.54 40.60 40.60 40.53 40.48 40.42 40.38 40.40 40.20 40.30 40.22 40.16 40.12 40.07 40.04 40.06 40.05 40.02
40.26 40.25 40.25 40.24 40.25 40.23 40.23 40.25 40.26 40.13 40.23 40.27 40.33 40.31 40.31 40.16 40.19 40.26 40.32 40.31 40.29 40.28 40.31 40.33 40.36 40.39 40.37 40.45 40.45 40.54 40.66 40.76 40.84 40.89 40.91 40.97 40.93 40.95 40.98 40.95 40.93 40.90 40.85 40.81 40.78 40.78 40.69 40.63 40.65 40.66 40.64 40.58 40.70 40.70 40.58 40.65 40.65 40.65 40.65 40.67 40.62 40.51 40.37 40.32 40.28 40.24 40.24 40.21 40.29 40.24 40.17 40.10 40.03 40.08 40.01 40.04 40.11
40.26 40.23 40.20 40.19 40.18 40.20 40.19 40.23 40.22 40.24 40.18 40.26 40.26 40.28 40.27 40.26 40.21 40.32 40.35 40.34 40.25 40.25 40.30 40.35 40.39 40.36 40.43 40.45 40.48 40.50 40.61 40.72 40.82 40.87 40.91 40.90 40.90 40.93 40.92 40.90 40.86 40.82 40.77 40.72 40.67 40.69 40.65 40.66 40.65 40.69 40.64 40.60 40.68 40.71 40.68 40.69 40.70 40.69 40.69 40.60 40.53 40.47 40.32 40.27 40.15 40.25 40.18 40.20 40.26 40.19 40.11 40.08 40.05 40.05 40.07 40.06 40.10
40.26 40.22 40.21 40.14 40.17 40.16 40.19 40.23 40.20 40.10 40.18 40.28 40.15 40.22 40.20 40.21 40.23 40.30 40.35 40.34 40.29 40.29 40.34 40.40 40.37 40.42 40.48 40.47 40.49 40.57 40.63 40.71 40.82 40.86 40.85 40.90 40.90 40.90 40.90 40.82 40.82 40.79 40.72 40.64 40.59 40.61 40.67 40.68 40.65 40.65 40.62 40.63 40.67 40.74 40.75 40.74 40.69 40.66 40.59 40.56 40.45 40.38 40.28 40.12 40.03 40.09 40.13 40.21 40.27 40.15 40.15 40.09 39.97 40.04 40.08 40.13 40.11
40.25 40.21 40.20 40.18 40.18 40.19 40.18 40.19 40.12 40.14 40.20 40.20 40.23 40.22 40.24 40.21 40.24 40.27 40.23 40.28 40.33 40.36 40.37 40.42 40.45 40.48 40.51 40.55 40.56 40.61 40.65 40.76 40.82 40.84 40.84 40.86 40.89 40.89 40.87 40.81 40.78 40.77 40.70 40.66 40.60 40.64 40.68 40.64 40.66 40.70 40.64 40.68 40.74 40.75 40.70 40.62 40.56 40.61 40.55 40.49 40.41 40.28 40.26 40.14 39.99 39.85 40.08 40.12 40.29 40.24 40.12 40.09 40.06 40.09 40.14 40.13 40.14
40.25 40.23 40.19 40.15 40.16 40.16 40.17 40.17 40.04 40.16 40.19 40.19 40.23 40.24 40.25 40.25 40.26 40.29 40.29 40.35 40.34 40.34 40.31 40.45 40.49 40.42 40.55 40.60 40.64 40.64 40.66 40.76 40.79 40.83 40.86 40.85 40.82 40.84 40.77 40.79 40.77 40.71 40.70 40.69 40.61 40.65 40.67 40.56 40.61 40.71 40.68 40.70 40.76 40.74 40.65 40.58 40.48 40.51 40.50 40.38 40.10 40.15 40.05 40.08 40.00 40.14 40.11 40.18 40.26 40.27 40.21 40.18 40.12 40.13 40.13 40.18 40.19
40.25 40.23 40.21 40.18 40.16 40.15 40.17 40.17 40.16 40.17 40.17 40.20 40.20 40.21 40.21 40.25 40.27 40.29 40.33 40.33 40.40 40.30 40.46 40.40 40.52 40.47 40.50 40.59 40.64 40.63 40.69 40.73 40.76 40.80 40.83 40.84 40.84 40.83 40.83 40.81 40.78 40.75 40.74 40.72 40.69 40.70 40.65 40.60 40.67 40.71 40.73 40.75 40.76 40.70 40.65 40.55 40.54 40.50 40.37 40.32 40.11 40.15 39.99 40.04 40.19 40.18 40.19 40.19 40.30 40.29 40.23 40.20 40.18 40.12 40.02 40.08 39.98
40.23 40.19 40.17 40.10 40.11 40.12 40.11 40.08 40.11 40.16 40.18 40.18 40.19 40.20 40.25 40.23 40.26 40.30 40.31 40.34 40.37 40.44 40.50 40.48 40.46 40.56 40.57 40.56 40.68 40.65 40.67 40.74 40.79 40.80 40.80 40.73 40.76 40.73 40.74 40.73 40.77 40.76 40.75 40.73 40.72 40.68 40.57 40.66 40.70 40.75 40.77 40.75 40.69 40.63 40.61 40.59 40.54 40.48 40.41 40.30 40.34 40.12 39.99 40.08 40.22 40.25 40.02 40.28 40.33 40.34 40.29 40.25 40.18 40.06 40.03 40.06 40.02
40.18 40.16 40.13 40.16 40.14 40.12 40.04 39.97 40.12 40.14 40.18 40.17 40.16 40.20 40.24 40.26 40.23 40.24 40.28 40.38 40.38 40.48 40.47 40.54 40.55 40.53 40.61 40.62 40.63 40.64 40.74 40.76 40.77 40.79 40.81 40.78 40.78 40.74 40.70 40.76 40.77 40.73 40.69 40.67 40.67 40.54 40.67 40.71 40.74 40.78 40.78 40.68 40.62 40.57 40.64 40.60 40.56 40.51 40.46 40.40 40.27 40.08 40.17 39.86 40.10 40.27 40.34 40.29 40.35 40.37 40.24 40.16 40.03 40.16 40.12 40.14 40.12
40.15 40.10 40.10 40.13 40.12 39.98 40.04 39.98 40.14 40.12 40.12 40.15 40.15 40.16 40.18 40.14 40.24 40.29 40.40 40.45 40.49 40.53 40.53 40.53 40.54 40.55 40.55 40.68 40.63 40.73 40.74 40.75 40.79 40.78 40.79 40.81 40.80 40.77 40.76 40.75 40.69 40.70 40.69 40.65 40.62 40.62 40.71 40.76 40.79 40.78 40.78 40.74 40.67 40.60 40.64 40.60 40.59 40.54 40.47 40.42 40.36 40.31 40.07 40.03 40.13 40.11 40.26 40.36 40.40 40.34 40.21 40.05 40.18 40.22 40.13 40.01 40.14
40.11 40.07 40.01 40.14 40.09 40.08 40.03 40.08 40.09 40.06 40.11 40.04 40.16 40.18 40.15 40.22 40.26 40.36 40.43 40.44 40.50 40.53 40.56 40.59 40.60 40.60 40.64 40.58 40.62 40.70 40.73 40.74 40.75 40.80 40.79 40.72 40.79 40.79 40.78 40.71 40.68 40.63 40.60 40.53 40.56 40.66 40.73 40.78 40.79 40.79 40.79 40.74 40.55 40.68 40.64 40.59 40.56 40.49 40.40 40.37 40.35 40.15 39.87 40.15 40.08 40.25 40.33 40.40 40.40 40.29 40.20 40.23 40.23 40.27 40.20 40.17 40.15
40.01 40.06 40.09 40.11 40.06 40.05 39.97 40.05 40.01 39.99 40.07 40.11 40.17 40.20 40.19 40.27 40.35 40.41 40.44 40.47 40.49 40.52 40.55 40.58 40.60 40.52 40.62 40.64 40.70 40.67 40.72 40.72 40.75 40.83 40.79 40.78 40.77 40.78 40.75 40.71 40.71 40.67 40.66 40.44 40.61 40.68 40.76 40.78 40.80 40.80 40.78 40.72 40.64 40.68 40.65 40.59 40.52 40.46 40.27 40.19 40.13 40.12 40.11 40.23 40.32 40.37 40.43 40.45 40.46 40.40 40.39 40.34 40.23 40.16 40.27 40.33 40.35
39.99 40.08 40.11 40.08 40.04 39.99 40.06 40.05 39.98 40.02 40.08 40.09 40.13 40.21 40.23 40.28 40.35 40.41 40.44 40.46 40.49 40.52 40.54 40.55 40.51 40.59 40.62 40.63 40.68 40.69 40.71 40.72 40.78 40.77 40.79 40.74 40.77 40.79 40.79 40.78 40.73 40.70 40.69 40.60 40.68 40.74 40.78 40.80 40.81 40.79 40.77 40.74 40.72 40.66 40.62 40.49 40.34 40.33 40.34 40.09 40.15 40.26 40.12 40.20 40.45 40.47 40.49 40.49 40.49 40.48 40.42 40.32 40.19 40.13 40.34 40.36 40.35
40.02 40.08 40.08 40.02 39.94 40.05 40.05 40.00 40.00 40.04 40.12 40.10 40.15 40.22 40.25 40.29 40.38 40.41 40.43 40.38 40.47 40.52 40.52 40.54 40.46 40.51 40.53 40.59 40.68 40.67 40.70 40.72 40.78 40.79 40.80 40.78 40.83 40.83 40.77 40.76 40.75 40.70 40.71 40.66 40.66 40.77 40.79 40.82 40.80 40.80 40.77 40.74 40.69 40.64 40.57 40.56 40.48 40.34 40.31 40.09 40.06 40.40 40.31 40.43 40.44 40.54 40.53 40.52 40.51 40.52 40.48 40.38 40.11 40.17 40.41 40.41 40.40
39.97 39.96 40.07 40.09 40.08 40.07 39.99 40.02 40.05 40.09 40.14 40.17 40.17 40.23 40.28 40.36 40.38 40.40 40.43 40.42 40.38 40.47 40.48 40.46 40.51 40.54 40.60 40.66 40.66 40.68 40.70 40.71 40.74 40.76 40.78 40.82 40.76 40.74 40.80 40.78 40.78 40.75 40.72 40.64 40.74 40.79 40.82 40.80 40.83 40.81 40.76 40.71 40.63 40.45 40.55 40.58 40.56 40.50 40.34 40.13 40.17 40.36 40.48 40.48 40.54 40.57 40.55 40.55 40.53 40.54 40.49 40.42 40.30 40.16 40.40 40.45 40.42
39.90 39.95 40.01 40.06 40.04 40.00 39.96 40.03 40.05 40.14 40.13 40.16 40.25 40.30 40.34 40.36 40.32 40.30 40.38 40.44 40.35 40.38 40.43 40.51 40.56 40.49 40.60 40.63 40.64 40.67 40.68 40.71 40.72 40.76 40.77 40.79 40.73 40.74 40.79 40.75 40.81 40.79 40.72 40.62 40.74 40.79 40.83 40.86 40.78 40.79 40.75 40.65 40.55 40.36 40.63 40.62 40.58 40.47 40.18 40.21 40.32 40.33 40.48 40.55 40.56 40.61 40.60 40.57 40.56 40.55 40.53 40.45 40.32 40.35 40.37 40.46 40.40
