datasets/raw/temp/2019121620191216.grid
ncols 886
nrows 691
xllcenter 112.0000
yllcenter -44.5000
cellsize 0.0500
nodata_value 99999.90
[rows 476 to 509 of 691, columns 539 to 615 of 886]
37.41 38.14 38.41 38.17 39.11 39.31 39.38 39.56 39.68 39.76 39.82 39.86 39.86 39.90 39.86 39.82 39.80 39.73 39.64 39.50 39.44 39.28 39.37 39.18 39.14 39.02 39.00 38.90 38.80 38.57 38.39 38.30 38.19 38.08 37.97 37.83 37.71 37.59 37.46 37.33 37.21 37.08 37.00 36.94 36.81 36.75 36.71 36.70 36.75 36.81 36.77 36.85 36.72 36.86 36.93 36.93 37.08 37.18 37.17 37.21 37.40 37.53 37.60 37.65 37.68 37.70 37.71 37.61 37.62 37.67 37.65 37.62 37.62 37.55 37.48 37.42 37.47
37.63 37.72 38.21 38.75 39.02 39.21 39.30 39.51 39.62 39.70 39.78 39.83 39.84 39.87 39.83 39.80 39.74 39.72 39.62 39.39 39.36 39.27 39.23 39.15 39.10 38.89 38.84 38.80 38.68 38.46 38.34 38.26 38.15 38.02 37.92 37.78 37.62 37.54 37.42 37.26 37.14 37.04 36.99 36.88 36.75 36.72 36.67 36.64 36.62 36.60 36.68 36.65 36.75 36.73 36.87 36.99 37.01 37.08 37.12 37.32 37.38 37.49 37.48 37.52 37.55 37.53 37.59 37.45 37.58 37.54 37.55 37.55 37.43 37.33 37.22 37.26 37.43
36.78 37.39 37.55 38.10 38.59 38.99 39.14 39.33 39.50 39.64 39.66 39.76 39.82 39.85 39.82 39.80 39.74 39.69 39.53 39.37 39.28 39.16 39.11 39.02 38.93 38.81 38.74 38.62 38.49 38.40 38.29 38.19 38.09 37.95 37.85 37.73 37.61 37.47 37.31 37.43 37.33 37.01 36.88 36.79 36.72 36.59 36.60 36.55 36.55 36.56 36.59 36.59 36.64 36.66 36.85 37.00 37.06 36.98 37.17 37.26 37.36 37.38 37.46 37.42 37.47 37.50 37.40 37.48 37.60 37.60 37.39 37.39 37.22 37.28 37.18 37.28 37.33
36.63 37.31 37.77 38.15 38.50 38.87 39.07 39.21 39.42 39.54 39.56 39.71 39.76 39.81 39.83 39.81 39.76 39.64 39.56 39.39 39.25 39.12 39.04 38.95 38.86 38.71 38.64 38.56 38.37 38.27 38.22 38.23 38.11 37.97 37.79 37.67 37.60 37.44 37.38 37.42 37.30 37.18 36.92 36.77 36.67 36.65 36.65 36.61 36.63 36.58 36.58 36.60 36.69 36.79 36.84 36.93 37.06 37.12 37.14 37.23 37.34 37.32 37.31 37.40 37.34 37.32 37.37 37.39 37.41 37.46 37.29 37.19 37.33 37.08 37.18 37.26 37.28
36.86 37.25 37.87 37.85 38.36 38.81 39.02 39.20 39.36 39.49 39.57 39.70 39.72 39.77 39.80 39.89 39.75 39.68 39.53 39.39 39.26 39.12 39.02 38.88 38.78 38.70 38.57 38.42 38.26 38.22 38.23 38.14 38.01 37.92 37.76 37.67 37.72 37.58 37.49 37.39 37.04 37.13 36.82 36.69 36.60 36.53 36.61 36.58 36.59 36.57 36.64 36.60 36.73 36.72 36.81 36.90 36.96 37.07 37.15 37.26 37.28 37.28 37.33 37.26 37.27 37.29 37.40 37.35 37.41 37.30 37.09 37.25 37.27 37.04 37.16 37.18 37.17
36.86 36.73 37.64 37.55 38.32 38.64 38.95 39.17 39.35 39.39 39.55 39.67 39.73 39.73 39.74 39.81 39.81 39.73 39.64 39.36 39.24 39.14 39.03 38.83 38.73 38.50 38.53 38.30 38.26 38.23 38.23 38.09 37.91 37.86 37.82 37.78 37.69 37.58 37.33 37.04 37.00 37.07 36.95 36.88 36.68 36.49 36.59 36.58 36.59 36.62 36.67 36.65 36.67 36.73 36.75 36.88 36.95 37.04 37.14 37.25 37.22 37.25 37.27 37.28 37.14 37.24 37.29 37.27 37.26 37.21 37.02 37.14 37.15 37.06 37.09 37.09 37.13
36.93 36.81 37.28 37.91 38.09 38.43 38.88 39.10 39.28 39.42 39.53 39.66 39.73 39.69 39.76 39.66 39.66 39.53 39.47 39.42 39.38 39.10 38.94 38.78 38.68 38.51 38.35 38.25 38.24 38.17 38.16 38.05 37.90 37.88 37.67 37.76 37.67 37.53 37.12 36.99 36.95 36.89 36.96 36.86 36.71 36.70 36.63 36.60 36.59 36.61 36.67 36.67 36.70 36.77 36.82 36.94 37.02 37.07 37.13 37.24 37.25 37.20 37.16 37.11 37.28 37.33 37.32 37.22 37.18 37.00 37.17 37.16 37.06 37.15 37.09 37.07 37.12
36.91 37.06 36.73 37.55 37.85 38.23 38.74 39.04 39.32 39.41 39.49 39.69 39.68 39.64 39.86 39.67 39.60 39.51 39.45 39.36 39.17 39.18 38.95 38.81 38.73 38.62 38.40 38.32 38.34 38.21 38.10 38.01 37.89 37.88 37.60 37.56 37.64 37.35 37.18 37.05 36.83 36.86 36.77 36.85 36.78 36.70 36.64 36.61 36.62 36.62 36.66 36.69 36.74 36.79 36.87 36.94 37.00 37.07 37.13 37.15 37.16 37.12 37.13 37.21 37.28 37.29 37.34 37.18 37.09 36.84 37.13 37.10 37.02 37.08 36.97 36.96 36.94
36.94 37.22 37.01 37.14 37.71 38.20 38.59 38.91 39.25 39.42 39.41 39.60 39.63 39.68 39.82 39.66 39.59 39.51 39.40 39.30 39.21 39.08 38.92 38.75 38.60 38.47 38.40 38.31 38.43 38.29 38.18 37.95 37.88 37.75 37.65 37.67 37.59 37.45 37.23 37.08 36.94 36.84 36.73 36.76 36.67 36.72 36.66 36.63 36.62 36.64 36.67 36.71 36.75 36.79 36.84 36.91 36.97 36.99 37.02 37.07 37.06 36.96 36.94 37.08 37.10 37.23 37.19 37.14 37.03 36.90 37.12 37.04 36.98 36.93 36.92 36.90 36.86
37.22 37.35 37.52 36.53 37.51 37.94 38.32 38.86 39.28 39.39 39.45 39.48 39.54 39.67 39.67 39.64 39.58 39.51 39.41 39.29 39.14 38.94 38.83 38.70 38.48 38.44 38.34 38.33 38.31 38.27 38.12 37.98 37.86 37.62 37.73 37.64 37.53 37.43 37.24 37.11 37.02 36.91 36.80 36.67 36.58 36.62 36.55 36.60 36.49 36.62 36.66 36.67 36.69 36.76 36.82 36.87 36.81 36.94 36.94 36.92 36.90 36.92 36.94 36.92 37.01 37.03 37.13 37.04 36.97 37.01 37.06 37.06 37.03 37.03 36.89 36.76 36.80
37.11 37.47 37.40 36.68 37.14 37.98 38.19 38.96 39.31 39.35 39.35 39.37 39.41 39.64 39.69 39.62 39.58 39.49 39.41 39.26 39.08 38.96 38.82 38.71 38.52 38.41 38.36 38.33 38.16 38.19 38.03 37.89 37.83 37.75 37.63 37.43 37.33 37.22 37.23 37.13 37.11 36.95 36.88 36.80 36.57 36.58 36.54 36.53 36.53 36.53 36.55 36.58 36.60 36.68 36.68 36.76 36.79 36.82 36.87 36.89 36.91 36.90 36.94 36.97 36.90 36.99 37.15 37.17 36.98 37.04 37.02 37.00 37.03 36.97 36.87 36.84 36.72
37.80 37.54 36.88 36.73 37.19 37.80 38.44 38.86 39.16 39.27 39.26 39.27 39.39 39.60 39.63 39.63 39.53 39.51 39.39 39.21 39.07 38.97 38.82 38.68 38.49 38.45 38.33 38.30 38.15 38.19 37.91 37.74 37.74 37.45 37.35 37.35 37.29 37.22 37.24 37.14 37.05 36.95 36.95 36.89 36.79 36.63 36.53 36.49 36.51 36.50 36.57 36.61 36.62 36.69 36.78 36.83 36.77 36.83 36.85 36.85 36.95 36.92 37.02 36.98 36.99 37.03 37.03 37.13 37.11 37.07 36.98 36.97 36.90 36.92 36.83 36.81 36.74
36.56 37.19 37.02 36.60 37.15 37.44 38.45 38.79 39.02 39.15 39.22 39.21 39.38 39.56 39.63 39.67 39.55 39.44 39.36 39.23 39.12 38.99 38.83 38.64 38.56 38.47 38.35 38.25 38.09 37.94 37.99 37.82 37.66 37.40 37.32 37.23 37.19 37.19 37.23 37.13 37.02 36.96 36.90 36.91 36.80 36.73 36.65 36.51 36.42 36.49 36.57 36.64 36.66 36.66 36.73 36.77 36.77 36.83 36.87 36.93 36.95 36.98 37.04 36.98 37.00 37.02 37.09 37.09 37.08 37.07 36.98 36.94 36.86 36.83 36.78 36.73 36.66
36.76 36.93 36.87 36.68 36.86 37.26 38.28 38.67 38.90 39.01 39.06 39.12 39.33 39.64 39.57 39.60 39.55 39.48 39.37 39.25 39.15 39.02 38.88 38.69 38.62 38.51 38.35 38.21 38.15 37.98 37.74 37.62 37.60 37.27 37.26 37.24 37.21 37.18 37.15 37.08 37.04 36.99 36.92 36.89 36.87 36.80 36.68 36.66 36.55 36.55 36.46 36.53 36.62 36.72 36.70 36.74 36.75 36.89 36.95 36.98 37.00 36.98 37.01 37.00 36.98 36.97 37.06 36.99 37.05 37.04 36.92 36.86 36.86 36.82 36.74 36.68 36.62
36.82 36.71 36.21 36.42 36.28 37.14 38.19 38.58 38.53 38.87 38.96 39.07 39.34 39.50 39.47 39.52 39.49 39.41 39.35 39.28 39.14 39.06 38.94 38.75 38.67 38.54 38.40 38.25 38.16 37.94 37.78 37.56 37.50 37.35 37.31 37.25 37.18 37.20 37.13 37.08 37.05 37.05 37.00 36.88 36.81 36.78 36.74 36.71 36.64 36.60 36.54 36.53 36.46 36.70 36.72 36.78 36.85 36.97 37.02 36.99 37.05 37.00 36.99 37.01 36.96 36.94 36.99 37.03 37.02 37.00 36.95 36.86 36.81 36.74 36.71 36.61 36.53
36.77 35.19 35.71 36.00 36.30 36.47 37.92 38.45 38.65 38.68 38.83 38.97 39.18 39.52 39.42 39.48 39.47 39.41 39.33 39.29 39.16 39.10 38.98 38.86 38.73 38.59 38.48 38.33 38.19 37.94 37.77 37.67 37.50 37.42 37.33 37.28 37.23 37.20 37.14 37.10 37.07 37.03 37.01 36.99 36.91 36.87 36.77 36.77 36.78 36.76 36.69 36.60 36.65 36.65 36.72 36.81 36.96 37.01 37.07 37.04 37.00 37.06 36.99 37.01 37.00 37.03 36.96 36.98 36.91 36.95 36.93 36.76 36.75 36.68 36.66 36.61 36.54
35.95 34.87 35.40 35.49 36.03 36.34 37.77 38.28 38.40 38.60 38.77 38.89 38.97 39.51 39.37 39.45 39.42 39.38 39.35 39.30 39.22 39.13 39.01 38.85 38.78 38.66 38.53 38.37 38.22 37.99 37.82 37.68 37.57 37.44 37.33 37.25 37.28 37.19 37.18 37.14 37.10 37.05 37.02 37.05 36.93 36.96 36.82 36.84 36.78 36.78 36.79 36.81 36.78 36.62 36.72 36.88 37.03 37.04 37.07 37.08 37.10 37.13 37.11 37.10 37.05 37.03 36.96 36.93 36.91 36.81 36.87 36.84 36.70 36.65 36.60 36.60 36.53
34.41 34.86 35.45 35.72 35.87 36.63 37.77 38.21 38.43 38.66 38.60 38.79 38.89 39.20 39.39 39.26 39.29 39.21 39.26 39.25 39.24 39.15 39.04 38.88 38.81 38.68 38.54 38.38 38.22 38.07 37.86 37.70 37.58 37.45 37.37 37.30 37.29 37.24 37.23 37.23 37.19 37.03 37.08 37.06 36.95 36.96 36.91 36.97 36.89 36.87 36.83 36.91 36.93 36.90 36.86 36.93 37.08 37.15 37.11 37.08 37.16 37.16 37.10 37.09 37.06 37.00 36.95 36.87 36.85 36.79 36.80 36.77 36.63 36.56 36.53 36.45 36.37
34.96 34.96 34.96 35.83 36.05 36.28 37.62 37.94 38.11 38.30 38.72 38.83 38.99 39.10 39.16 39.09 39.24 39.16 39.37 39.27 39.18 39.14 39.03 38.93 38.78 38.67 38.58 38.36 38.19 38.02 37.92 37.72 37.61 37.52 37.39 37.30 37.28 37.20 37.26 37.22 37.16 37.03 37.07 37.08 37.08 37.06 36.99 36.96 36.97 36.99 36.89 36.91 36.96 36.90 37.01 37.08 37.11 37.12 37.13 37.10 37.10 37.15 37.12 37.10 37.04 36.94 36.91 36.82 36.85 36.82 36.76 36.74 36.59 36.53 36.46 36.36 36.30
34.67 34.65 34.51 34.83 35.73 36.86 37.54 38.00 38.01 38.21 38.42 38.54 39.11 38.80 38.89 39.10 39.16 39.21 39.23 39.20 39.17 39.09 39.04 38.93 38.72 38.62 38.53 38.37 38.19 38.06 37.91 37.72 37.60 37.51 37.44 37.36 37.29 37.23 37.23 37.15 37.15 37.12 37.07 37.09 37.13 37.13 37.09 37.03 37.00 37.10 36.96 36.98 36.88 36.96 37.11 37.16 37.13 37.11 37.15 37.12 37.08 37.11 37.08 37.08 37.00 36.92 36.92 36.82 36.82 36.76 36.60 36.60 36.59 36.55 36.42 36.38 36.12
34.60 34.76 34.76 35.40 35.97 36.93 37.43 37.67 38.18 38.13 38.26 38.42 38.95 38.62 38.79 38.95 39.07 39.08 39.15 39.06 39.04 39.01 38.98 38.84 38.65 38.61 38.43 38.33 38.20 38.01 37.85 37.70 37.64 37.49 37.38 37.36 37.30 37.25 37.32 37.28 37.13 37.11 37.17 37.19 37.21 37.19 37.05 36.99 36.99 37.00 37.02 37.03 37.01 37.15 37.16 37.19 37.23 37.16 37.14 37.17 37.09 37.03 37.01 37.02 36.92 36.85 36.75 36.69 36.65 36.64 36.62 36.60 36.46 36.44 36.32 36.23 36.13
34.28 33.96 34.76 35.56 35.96 36.95 37.33 37.42 37.99 38.33 38.36 38.27 38.44 38.99 38.72 38.77 38.87 38.96 38.98 38.97 38.94 39.00 38.91 38.76 38.64 38.42 38.41 38.24 38.12 37.94 37.79 37.68 37.59 37.47 37.34 37.25 37.26 37.28 37.24 37.23 37.16 37.17 37.19 37.18 37.24 37.12 37.01 37.02 37.04 37.05 36.92 37.03 37.21 37.20 37.18 37.14 37.19 37.15 37.10 37.11 37.06 37.03 36.98 36.90 36.85 36.84 36.76 36.71 36.67 36.63 36.52 36.45 36.38 36.33 36.24 36.06 36.07
33.69 34.31 34.80 35.60 36.52 36.91 37.27 37.78 37.92 37.73 38.00 37.92 38.57 38.81 38.54 38.71 38.75 38.92 38.92 38.98 38.93 38.83 38.75 38.71 38.61 38.49 38.34 38.24 38.08 37.92 37.79 37.67 37.51 37.41 37.34 37.33 37.25 37.15 37.23 37.20 37.19 37.17 37.12 37.15 37.15 37.14 37.10 37.07 37.05 37.08 37.12 37.15 37.24 37.25 37.29 36.94 37.19 37.18 37.08 37.00 37.02 36.94 36.95 36.89 36.84 36.81 36.80 36.72 36.58 36.55 36.46 36.38 36.31 36.24 36.16 36.08 36.00
33.65 34.81 34.75 35.62 35.92 36.89 37.55 37.77 37.40 37.44 37.62 37.69 37.90 38.17 38.14 38.35 38.43 38.64 38.57 38.69 38.86 38.77 38.73 38.64 38.57 38.46 38.32 38.05 37.95 37.81 37.72 37.59 37.48 37.30 37.32 37.22 37.27 37.05 37.21 37.19 37.20 37.20 37.18 37.18 37.19 37.14 37.12 37.10 37.12 37.24 37.25 37.29 37.28 37.30 37.25 37.07 37.12 37.18 37.08 37.01 36.94 36.86 36.85 36.81 36.80 36.73 36.69 36.56 36.53 36.49 36.37 36.31 36.23 36.17 36.09 36.00 35.94
34.15 35.04 35.22 35.84 35.93 36.80 37.13 37.26 37.78 37.57 37.66 37.86 38.01 38.17 38.12 38.33 38.54 38.46 38.60 38.49 38.70 38.66 38.62 38.54 38.41 38.24 38.12 37.97 37.86 37.75 37.65 37.54 37.42 37.32 37.30 37.21 37.19 37.07 37.12 37.13 37.18 37.22 37.19 37.25 37.21 37.22 37.12 37.14 37.24 37.25 37.25 37.29 37.33 37.33 37.29 37.15 37.09 37.07 37.01 36.94 36.83 36.83 36.79 36.79 36.72 36.66 36.58 36.51 36.46 36.38 36.30 36.22 36.16 36.11 36.01 35.92 35.91
34.79 35.19 35.58 35.67 36.19 36.61 37.01 37.15 37.57 37.41 37.55 37.61 37.62 37.92 38.11 38.36 38.33 38.43 38.52 38.54 38.55 38.54 38.49 38.41 38.30 38.11 38.00 37.88 37.77 37.62 37.49 37.40 37.39 37.32 37.26 37.19 37.14 37.13 37.09 37.08 37.09 37.17 37.19 37.19 37.19 37.18 37.18 37.26 37.24 37.26 37.23 37.35 37.33 37.31 37.27 37.23 37.20 36.94 36.98 36.95 36.74 36.79 36.74 36.68 36.61 36.58 36.53 36.42 36.35 36.29 36.22 36.15 36.11 36.05 35.92 35.85 35.82
34.83 35.20 35.72 35.62 36.14 36.28 36.87 37.11 37.03 37.09 37.26 37.42 37.44 37.70 37.84 37.96 38.06 38.10 38.33 38.36 38.37 38.30 38.21 38.15 38.06 37.95 37.79 37.65 37.55 37.46 37.38 37.29 37.21 37.18 37.14 37.06 37.00 37.03 36.97 36.95 37.05 37.04 37.09 37.08 37.07 37.21 37.23 37.23 37.25 37.24 37.23 37.24 37.31 37.24 37.25 37.21 37.15 36.98 36.93 36.87 36.81 36.51 36.66 36.62 36.53 36.49 36.45 36.34 36.28 36.21 36.24 36.05 36.01 35.90 35.84 35.76 35.71
34.70 34.95 35.60 35.57 35.85 35.89 36.62 36.89 37.02 37.13 37.14 37.16 37.34 37.50 37.62 37.51 37.82 37.92 37.92 38.17 38.19 38.09 38.04 37.98 37.91 37.83 37.75 37.45 37.55 37.37 37.30 37.22 37.12 37.08 37.05 37.01 36.98 36.96 36.93 36.93 37.02 37.04 37.06 37.05 37.13 37.21 37.19 37.22 37.23 37.19 37.20 37.17 37.14 37.22 37.08 37.03 36.97 36.98 36.91 36.75 36.74 36.57 36.61 36.54 36.48 36.41 36.36 36.32 36.21 36.20 36.06 35.99 35.95 35.90 35.74 35.67 35.59
34.88 35.22 35.42 35.41 35.58 36.06 36.38 36.57 36.78 36.95 37.02 37.07 37.24 37.43 37.56 37.66 37.61 37.57 37.69 37.78 37.79 37.87 37.84 37.80 37.75 37.62 37.43 37.41 37.34 37.27 37.21 37.16 37.10 37.04 36.99 36.96 36.93 36.91 36.89 36.88 36.93 36.94 36.96 37.01 37.08 37.18 37.18 37.06 37.17 37.19 37.09 37.12 37.09 37.06 37.05 36.97 36.90 36.86 36.81 36.68 36.54 36.61 36.42 36.47 36.40 36.33 36.26 36.19 36.12 36.04 35.98 35.88 35.82 35.76 35.65 35.58 35.51
34.52 35.09 35.21 35.45 35.70 35.92 36.09 36.30 36.49 36.69 36.92 36.94 37.14 37.35 37.48 37.63 37.73 37.81 37.64 37.54 37.67 37.56 37.62 37.59 37.56 37.47 37.35 37.29 37.20 37.17 37.13 37.06 37.03 37.00 36.96 36.92 36.89 36.87 36.85 36.84 36.83 36.85 36.87 36.89 37.09 37.13 37.14 37.13 37.09 37.14 37.08 37.06 37.03 37.00 36.96 36.92 36.83 36.77 36.73 36.67 36.54 36.49 36.43 36.32 36.26 36.14 36.09 36.10 36.04 35.94 35.84 35.82 35.81 35.71 35.60 35.52 35.44
34.55 34.80 34.99 35.19 35.40 35.63 35.83 36.00 36.18 36.48 36.62 36.77 36.93 37.08 37.22 37.35 37.47 37.62 37.70 37.51 37.37 37.35 37.46 37.43 37.40 37.37 37.23 37.15 37.11 37.08 37.05 37.02 36.96 36.92 36.91 36.86 36.82 36.82 36.80 36.76 36.78 36.81 36.82 36.84 36.95 36.99 37.09 37.05 37.06 37.06 36.96 36.91 36.94 36.80 36.76 36.66 36.64 36.59 36.54 36.55 36.37 36.34 36.36 36.21 36.17 35.94 35.83 35.88 35.85 35.82 35.82 35.69 35.67 35.59 35.42 35.40 35.37
34.28 34.50 34.70 34.88 35.11 35.27 35.47 35.71 35.92 36.08 36.24 36.44 36.59 36.79 36.94 37.09 37.22 37.33 37.44 37.51 37.41 37.25 37.05 37.26 37.24 37.22 37.18 37.12 37.08 37.05 36.97 36.93 36.92 36.89 36.87 36.71 36.76 36.74 36.73 36.65 36.66 36.66 36.74 36.78 36.91 36.81 36.78 36.87 36.83 36.84 36.82 36.79 36.76 36.72 36.66 36.61 36.44 36.43 36.52 36.49 36.42 36.14 36.17 36.10 36.07 35.96 35.89 35.79 35.61 35.61 35.63 35.59 35.55 35.39 35.30 35.25 35.24
33.99 34.16 34.34 34.53 34.73 34.92 35.12 35.33 35.55 35.78 36.00 36.19 36.37 36.50 36.66 36.81 36.98 37.08 37.19 37.26 37.33 37.25 36.95 36.96 36.96 37.07 37.05 36.93 36.92 36.89 36.88 36.87 36.85 36.70 36.81 36.72 36.68 36.65 36.63 36.62 36.62 36.57 36.61 36.62 36.74 36.74 36.71 36.79 36.80 36.77 36.75 36.72 36.69 36.61 36.51 36.48 36.48 36.35 36.44 36.40 36.37 36.26 36.17 36.13 35.93 35.90 35.79 35.67 35.64 35.47 35.43 35.44 35.40 35.33 35.19 35.20 35.17
33.61 33.81 33.99 34.18 34.37 34.56 34.77 34.97 35.18 35.45 35.63 35.84 36.00 36.18 36.36 36.53 36.71 36.82 36.93 37.03 37.11 37.12 36.99 36.79 36.92 36.91 36.91 36.92 36.83 36.79 36.79 36.77 36.80 36.77 36.75 36.65 36.63 36.59 36.68 36.72 36.60 36.59 36.56 36.60 36.55 36.57 36.65 36.60 36.61 36.69 36.63 36.61 36.53 36.53 36.43 36.32 36.25 36.23 36.32 36.24 36.26 36.13 36.18 36.04 35.84 35.79 35.70 35.56 35.44 35.38 35.37 35.37 35.30 35.23 35.11 35.12 35.08
