datasets/raw/temp/2019100820191008.grid
ncols 886
nrows 691
xllcenter 112.0000
yllcenter -44.5000
cellsize 0.0500
nodata_value 99999.90
[rows 374 to 407 of 691, columns 77 to 153 of 886]
38.24 38.28 38.25 38.06 38.03 38.29 38.10 38.41 38.26 38.53 38.65 38.73 38.53 38.44 38.36 38.17 38.01 38.02 38.03 37.89 37.71 37.34 37.50 37.31 37.26 37.14 37.23 37.20 37.19 37.33 37.47 37.48 37.45 37.37 37.23 37.20 37.11 36.97 36.91 36.86 36.72 36.53 36.42 36.24 35.97 35.53 35.39 35.68 35.70 35.62 35.69 35.57 35.26 35.11 34.90 34.78 34.73 34.76 34.82 34.78 34.77 34.71 34.63 34.52 34.32 34.21 34.19 34.16 34.07 33.93 33.72 33.61 33.43 33.42 33.18 33.20 33.08
38.33 38.27 38.21 38.03 38.02 38.28 38.35 38.33 38.40 38.52 38.54 38.67 38.50 38.29 38.21 37.88 37.78 37.88 37.84 37.85 37.80 37.52 37.27 37.46 37.37 37.39 37.21 37.16 37.20 37.41 37.45 37.40 37.23 37.11 36.93 37.05 36.92 36.65 36.56 36.69 36.61 36.42 36.14 36.04 35.57 35.49 35.55 35.55 35.40 35.54 35.60 35.52 35.32 35.04 34.76 34.66 34.53 34.70 34.68 34.64 34.70 34.58 34.52 34.25 34.27 34.05 34.07 34.03 34.01 33.92 33.54 33.40 33.17 33.12 33.09 33.04 32.89
38.07 38.08 37.95 38.05 38.24 38.26 38.40 38.25 38.53 38.56 38.64 38.57 38.29 38.14 37.97 37.72 37.54 37.68 37.73 37.64 37.73 37.56 36.99 37.37 37.47 37.41 37.31 37.17 37.15 37.32 37.41 37.32 37.15 37.12 37.07 37.03 36.83 36.63 36.45 36.40 36.45 36.33 36.17 35.94 35.52 35.50 35.57 35.51 35.57 35.55 35.37 35.47 35.31 35.10 34.84 34.82 34.60 34.53 34.49 34.56 34.50 34.50 34.40 34.05 33.97 34.05 34.12 34.08 33.94 33.64 33.54 33.28 32.98 32.86 32.95 33.01 32.91
37.88 37.93 38.01 38.13 38.22 38.30 38.30 38.08 38.33 38.49 38.57 38.52 38.41 38.21 38.00 37.83 37.49 37.51 37.47 37.57 37.51 37.49 37.20 37.39 37.42 37.43 37.34 37.26 36.98 37.24 37.32 37.25 37.23 37.16 37.08 36.96 36.79 36.62 36.43 36.04 36.17 36.03 35.92 35.71 35.54 35.53 35.46 35.59 35.54 35.51 35.48 35.48 35.29 35.14 35.03 34.80 34.66 34.51 34.16 34.32 34.45 34.39 34.17 34.15 34.20 34.07 34.12 33.98 33.81 33.66 33.32 33.18 33.05 32.98 32.93 32.87 32.79
37.68 38.01 37.92 38.15 38.24 38.05 37.92 37.88 38.23 38.33 38.44 38.49 38.37 38.23 38.08 37.83 37.82 37.71 37.44 37.33 37.28 37.33 37.24 37.24 37.27 37.26 37.35 37.25 37.05 37.22 37.26 37.20 37.04 36.96 36.81 36.71 36.68 36.45 36.14 35.95 36.08 35.96 35.80 35.79 35.57 35.68 35.51 35.54 35.56 35.45 35.43 35.38 35.20 34.84 34.87 34.69 34.45 34.31 34.19 34.26 34.17 34.07 34.08 34.22 34.12 34.14 33.96 33.80 33.55 33.40 33.47 33.41 33.33 33.16 32.83 33.01 33.01
37.76 38.03 38.07 38.06 38.17 38.02 37.70 37.80 37.95 38.12 38.28 38.42 38.31 38.14 37.85 37.74 37.81 37.68 37.43 37.20 37.10 36.94 36.92 37.09 37.04 37.32 37.33 37.29 37.24 37.22 37.14 37.02 36.93 36.85 36.63 36.34 36.43 36.27 36.19 36.06 36.14 35.96 35.92 35.88 35.81 35.59 35.43 35.33 35.49 35.49 35.26 35.22 35.12 34.88 34.59 34.38 34.42 34.31 34.11 34.01 34.23 34.08 34.06 33.91 33.95 33.85 33.65 33.50 33.51 33.62 33.59 33.54 33.38 33.05 32.93 32.85 32.86
37.63 37.94 38.06 38.03 38.05 37.82 37.85 37.98 38.08 38.25 38.30 38.30 38.21 38.00 37.93 37.92 37.70 37.51 37.22 37.22 37.24 37.02 37.04 37.16 37.17 37.21 37.23 37.08 37.12 37.14 36.98 36.99 36.88 36.79 36.65 36.50 36.14 36.29 36.22 36.10 36.03 35.89 35.99 35.91 35.66 35.47 35.49 35.40 35.47 35.39 34.97 35.08 35.01 34.80 34.63 34.41 34.34 34.48 34.35 34.06 34.25 34.29 34.23 34.09 33.86 33.85 33.85 33.72 33.62 33.63 33.66 33.55 33.39 33.19 33.02 32.96 33.00
37.55 37.60 37.75 38.08 37.94 37.86 37.82 38.12 37.95 38.05 38.28 38.26 38.14 38.00 37.97 37.71 37.55 37.40 37.30 37.31 37.13 37.13 36.78 36.93 36.62 36.98 36.97 36.90 37.05 37.00 36.93 36.91 36.74 36.79 36.67 36.46 36.40 36.26 36.04 35.73 35.88 35.96 35.92 35.83 35.73 35.49 35.28 35.50 35.47 35.33 35.05 34.81 34.85 34.68 34.38 34.54 34.59 34.53 34.31 34.24 34.13 34.28 34.33 34.15 33.84 33.88 33.94 33.81 33.60 33.64 33.62 33.51 33.41 33.22 33.16 33.08 33.02
37.59 37.62 37.76 37.92 38.04 37.99 38.09 38.12 38.13 38.07 38.21 38.18 38.08 37.86 37.85 37.80 37.62 37.43 37.15 37.21 37.10 36.71 36.78 36.58 36.86 35.84 36.91 36.78 37.05 36.60 37.01 36.86 36.75 36.67 36.56 36.45 36.29 36.00 35.81 35.62 35.83 35.96 36.00 35.84 35.53 35.41 35.53 35.55 35.42 35.14 35.01 34.75 34.78 34.61 34.36 34.53 34.65 34.65 34.54 34.44 34.10 34.22 34.33 34.21 34.07 34.06 34.00 33.90 33.79 33.69 33.58 33.48 33.37 33.27 33.17 33.08 32.96
37.60 37.72 37.70 37.89 38.02 38.08 38.04 38.00 38.00 38.11 38.08 38.10 38.03 37.90 37.76 37.49 37.32 37.30 37.19 37.31 36.93 36.85 36.49 36.21 36.67 36.83 36.76 36.96 37.01 36.90 36.84 36.79 36.72 36.63 36.44 36.32 35.93 35.87 35.80 35.77 35.85 35.98 35.93 35.70 35.41 35.27 35.47 35.59 35.38 35.15 34.93 34.75 34.91 34.75 34.56 34.44 34.43 34.52 34.42 34.53 34.35 34.29 34.34 34.25 34.12 34.00 33.95 33.85 33.75 33.64 33.56 33.39 33.34 33.24 33.13 33.04 32.86
37.22 37.58 37.77 37.75 37.90 37.97 37.90 37.68 37.48 37.83 37.92 37.89 37.98 37.87 37.68 37.47 37.44 37.43 37.29 37.20 36.70 36.69 36.74 36.64 36.61 36.84 36.76 36.89 36.74 36.73 36.67 36.51 36.46 36.42 36.34 36.19 36.00 36.03 35.95 35.91 36.00 36.01 35.86 35.70 35.61 35.48 35.48 35.53 35.40 35.21 35.07 34.98 35.00 34.92 34.72 34.47 34.39 34.26 34.07 34.36 34.43 34.37 34.18 34.02 33.89 33.78 33.88 33.71 33.71 33.61 33.50 33.29 33.30 33.20 33.10 32.98 32.80
37.21 37.58 37.73 37.78 37.84 37.71 37.75 37.60 36.77 37.55 37.77 37.73 37.88 37.84 37.65 37.52 37.55 37.27 37.10 37.24 36.89 36.87 36.89 36.59 36.75 36.84 36.87 36.85 36.75 36.53 36.44 36.27 36.19 36.05 36.08 36.13 36.12 36.15 36.08 36.07 36.04 36.02 35.91 35.83 35.62 35.59 35.60 35.50 35.29 35.09 35.10 35.06 35.09 34.97 34.76 34.40 34.00 34.01 34.19 34.32 34.39 34.25 34.01 33.74 33.70 33.60 33.73 33.77 33.67 33.57 33.47 33.27 33.26 33.17 33.07 32.77 32.63
37.36 37.55 37.64 37.68 37.70 37.66 37.46 37.56 37.40 37.42 37.43 37.64 37.74 37.61 37.69 37.61 37.55 37.28 37.03 37.19 37.01 36.92 36.84 36.60 36.68 36.85 36.66 36.73 36.67 36.57 36.47 36.34 36.15 35.97 36.18 36.15 36.18 36.18 36.10 36.11 36.05 36.00 35.95 35.87 35.78 35.67 35.54 35.45 35.30 35.09 35.17 35.11 35.10 34.95 34.74 34.50 34.26 34.28 34.33 34.34 34.29 34.20 33.90 33.41 33.53 33.66 33.72 33.74 33.63 33.49 33.35 33.19 33.22 33.13 33.03 32.89 32.81
37.28 37.40 37.50 37.41 37.46 37.36 37.35 37.37 37.35 37.37 37.39 37.58 37.58 37.61 37.46 37.37 37.26 37.35 37.17 37.00 37.03 36.98 36.85 36.67 36.65 36.77 36.64 36.57 36.53 36.20 36.28 36.15 35.98 35.87 36.09 36.15 35.95 36.14 36.11 36.06 36.02 35.91 35.76 35.73 35.72 35.60 35.46 35.31 35.09 35.02 35.07 35.12 35.04 34.77 34.53 34.46 34.07 34.19 34.02 34.03 34.16 34.14 33.97 33.78 33.50 33.50 33.67 33.69 33.57 33.37 33.23 33.17 33.19 33.09 33.01 32.91 32.80
37.25 37.29 37.26 37.18 37.21 37.22 37.18 37.14 37.26 37.37 37.36 37.48 37.50 37.43 37.16 37.01 37.08 37.25 36.99 36.91 37.01 36.89 36.87 36.77 36.72 36.60 36.39 36.35 35.61 36.41 36.31 36.10 36.03 35.89 36.11 36.02 35.91 36.02 36.05 36.00 35.88 35.76 35.47 35.38 35.51 35.43 35.25 35.08 35.01 35.21 35.20 35.10 35.00 34.88 34.73 34.43 34.09 33.97 34.04 34.11 34.11 33.91 33.63 33.60 33.55 33.49 33.45 33.55 33.45 33.21 33.03 33.23 33.15 33.05 32.94 32.79 32.75
37.22 37.19 37.10 37.03 37.08 36.92 37.15 37.01 37.14 37.26 37.28 37.33 37.25 37.14 37.19 37.14 37.09 37.11 37.02 36.96 36.87 36.66 36.65 36.41 36.37 36.31 36.06 36.27 35.85 35.55 35.93 36.09 35.99 36.04 36.06 35.78 35.87 35.94 35.96 35.87 35.78 35.57 35.22 35.36 35.45 35.25 35.24 35.19 34.98 35.16 35.05 34.98 34.82 34.62 34.49 34.28 34.08 33.70 33.77 33.90 33.87 33.93 33.74 33.49 33.34 33.40 33.42 33.49 33.40 33.25 32.97 33.20 33.13 33.03 32.90 32.67 32.61
36.99 37.09 37.02 36.89 36.80 36.94 36.97 36.99 36.89 37.03 37.12 37.01 36.97 37.00 36.78 36.84 36.96 36.94 36.83 36.80 36.68 36.45 36.62 36.36 36.30 36.09 36.19 36.21 36.07 35.52 35.44 36.05 36.07 36.04 36.01 35.90 35.94 35.90 35.85 35.73 35.55 35.28 35.39 35.49 35.33 35.25 35.31 35.27 35.16 35.09 34.82 34.87 34.77 34.55 34.27 34.23 34.09 33.69 33.89 33.70 33.79 33.78 33.68 33.48 33.20 33.26 33.38 33.30 33.34 33.24 33.20 33.16 33.07 32.99 32.76 32.46 32.61
36.83 36.71 36.74 36.71 36.79 36.86 36.86 36.63 36.74 36.71 36.88 36.82 36.61 36.55 36.59 36.46 36.67 36.78 36.69 36.47 36.31 36.44 36.44 36.39 36.19 35.92 35.76 36.09 35.76 35.75 35.23 35.55 35.68 35.90 35.91 35.88 35.84 35.80 35.70 35.60 35.30 35.35 35.45 35.43 35.38 35.32 35.16 35.08 35.07 34.91 34.67 34.83 34.84 34.66 34.36 34.38 34.14 33.80 33.68 33.78 33.64 33.59 33.42 33.34 33.02 32.99 33.01 33.20 33.26 33.27 33.20 33.14 33.02 32.88 32.76 32.62 32.61
36.80 36.65 36.73 36.80 36.82 36.78 36.65 36.68 36.57 36.55 36.43 36.55 36.63 36.40 36.33 36.51 36.54 36.63 36.54 36.35 36.19 36.06 36.07 36.24 36.14 36.01 35.89 35.78 35.74 35.75 35.60 35.55 35.46 35.62 35.81 35.78 35.74 35.63 35.48 35.30 35.21 35.36 35.39 35.23 35.02 35.07 35.10 35.05 35.05 35.04 34.93 34.93 34.63 34.65 34.54 34.37 34.17 33.83 33.54 33.47 33.35 33.34 33.25 33.26 32.82 32.88 33.01 33.18 33.19 33.17 33.08 32.96 32.78 32.54 32.67 32.62 32.42
36.49 36.51 36.65 36.47 36.46 36.47 36.52 36.51 36.31 36.53 36.28 36.46 36.42 36.39 36.13 36.16 36.26 36.46 36.47 36.25 36.24 35.97 36.00 36.02 35.84 35.72 35.76 35.73 35.76 35.60 35.33 35.53 35.64 35.75 35.71 35.61 35.65 35.62 35.51 35.32 35.15 35.34 35.29 35.12 34.89 35.11 35.15 35.12 34.96 34.88 34.90 34.86 34.73 34.55 34.28 33.99 34.02 33.80 33.47 33.17 33.04 33.08 32.96 33.04 32.92 32.95 33.00 33.04 33.07 33.06 32.86 32.54 32.50 32.47 32.45 32.38 32.40
36.53 36.26 36.32 36.22 36.32 36.21 36.13 36.12 36.27 36.38 36.34 36.46 36.33 36.03 35.98 36.04 36.15 36.31 36.31 36.16 35.83 35.90 35.63 35.81 35.56 35.52 35.68 35.74 35.69 35.39 35.28 35.33 35.60 35.65 35.61 35.38 35.37 35.49 35.46 35.23 35.26 35.29 35.21 34.99 35.04 35.12 34.97 34.83 34.70 34.62 34.59 34.59 34.54 34.33 34.16 33.81 33.77 33.65 33.67 33.26 33.30 33.17 32.88 33.02 32.95 32.78 32.75 32.57 32.80 32.76 32.74 32.42 32.46 32.46 32.45 32.46 32.37
36.37 36.28 36.35 36.28 36.19 36.12 35.98 36.22 36.07 36.29 36.36 36.29 36.17 36.05 35.80 35.90 36.02 36.02 36.14 36.12 36.00 35.89 35.82 35.52 35.52 35.45 35.39 35.44 35.56 35.52 35.36 35.26 35.52 35.54 35.52 35.41 35.23 35.19 35.27 35.31 35.23 35.22 35.14 35.05 35.07 35.05 35.03 34.96 34.89 34.81 34.65 34.46 34.22 34.21 34.08 33.70 33.81 33.82 33.75 33.57 33.34 33.24 32.97 33.20 32.89 32.93 32.74 32.79 32.82 32.71 32.39 32.56 32.51 32.37 32.51 32.09 32.26
36.19 36.22 36.20 36.07 35.94 35.94 35.88 35.88 36.15 36.16 36.18 35.98 35.99 35.96 35.79 35.53 35.67 35.86 35.97 35.98 35.76 35.84 35.63 35.51 35.63 35.48 35.43 35.46 35.48 35.40 35.44 35.38 35.48 35.44 35.35 35.23 35.18 35.00 35.07 35.08 34.93 35.02 35.06 34.99 34.93 34.77 34.83 34.87 34.86 34.79 34.62 34.46 34.18 33.93 33.75 33.78 33.68 33.69 33.65 33.65 33.43 33.04 33.15 33.20 33.09 32.78 32.53 32.50 32.54 32.42 32.55 32.50 32.42 32.53 32.29 31.96 32.07
35.99 36.11 36.04 35.89 35.64 35.69 35.70 35.97 36.03 35.94 35.82 35.90 35.65 35.70 35.55 35.44 35.58 35.68 35.70 35.87 35.78 35.64 35.70 35.65 35.48 35.36 35.06 35.22 35.16 35.29 35.17 35.26 35.38 35.28 35.23 35.29 35.25 35.19 35.04 34.81 34.61 34.70 34.82 34.75 34.60 34.55 34.49 34.66 34.73 34.67 34.61 34.43 34.22 33.96 33.68 33.52 33.39 33.39 33.48 33.67 33.37 33.24 33.26 33.10 32.86 32.54 32.69 32.52 32.63 32.51 32.23 32.01 32.41 32.30 31.96 31.89 32.07
35.93 35.97 35.78 35.90 35.81 35.74 35.69 35.88 35.71 35.67 35.41 35.53 35.63 35.50 35.28 35.20 35.33 35.49 35.63 35.73 35.59 35.43 35.44 35.42 35.31 35.37 35.30 35.19 34.89 35.04 35.03 35.21 35.28 35.25 35.21 35.19 35.15 35.03 35.07 34.95 34.77 34.48 34.52 34.34 34.22 34.16 34.30 34.44 34.58 34.51 34.42 34.26 34.03 33.69 33.42 33.32 33.27 33.50 33.37 33.51 33.40 33.24 33.29 33.01 32.83 32.62 32.76 32.76 32.68 32.41 32.06 31.90 32.24 32.13 31.69 31.76 31.95
35.80 35.82 35.76 35.61 35.61 35.77 35.78 35.65 35.49 35.29 35.36 35.20 35.14 35.18 35.36 35.17 35.03 35.34 35.41 35.51 35.58 35.53 35.49 35.41 35.41 35.40 35.10 35.21 34.94 34.89 34.96 35.07 35.18 35.15 35.05 35.08 35.02 34.92 34.77 34.90 34.86 34.66 34.67 34.54 34.44 34.31 34.04 34.19 34.33 34.38 34.29 34.20 34.00 33.80 33.47 33.46 33.40 33.31 33.50 33.48 33.41 33.31 33.00 32.84 32.61 32.76 32.84 32.85 32.48 32.16 32.15 32.04 32.04 31.92 31.92 31.79 31.61
35.60 35.65 35.65 35.40 35.43 35.37 35.36 35.48 35.35 35.35 35.21 35.27 34.99 35.16 35.32 35.06 34.92 35.18 35.25 35.33 35.32 35.38 35.33 35.38 35.33 35.26 35.07 34.71 34.93 34.55 34.71 34.80 34.97 35.05 34.97 34.75 34.76 34.80 34.56 34.78 34.76 34.61 34.45 34.35 34.38 34.26 33.75 33.96 34.12 34.14 34.02 33.93 33.90 33.62 33.54 33.37 33.53 33.45 33.48 33.32 33.34 33.22 33.06 33.05 32.82 32.65 32.76 32.83 32.59 32.25 32.33 32.24 31.96 31.95 31.93 31.86 31.67
35.50 35.52 35.47 35.34 35.16 34.99 35.17 35.11 34.95 35.24 35.22 35.11 35.11 35.21 35.13 34.96 34.80 35.01 35.15 35.16 35.17 35.06 35.19 35.26 35.18 35.04 35.04 35.04 34.75 34.68 34.59 34.74 34.82 34.95 34.92 34.62 34.62 34.61 34.49 34.48 34.57 34.53 34.22 34.15 34.07 34.22 34.09 33.74 33.80 33.79 33.77 33.62 33.59 33.55 33.45 33.47 33.31 33.28 33.24 32.94 33.10 33.17 33.20 32.99 32.79 32.76 32.81 32.81 32.62 32.32 32.36 32.10 31.82 31.76 31.89 31.88 31.85
35.32 35.41 35.34 35.39 35.20 34.92 34.96 35.08 35.05 35.11 34.92 34.81 34.82 34.93 34.83 34.85 34.70 34.79 34.90 34.89 35.04 35.01 34.96 35.14 35.09 35.02 35.05 34.97 34.86 34.72 34.69 34.80 34.71 34.84 34.67 34.47 34.40 34.36 34.15 33.95 34.29 34.40 34.28 34.22 34.13 34.01 34.03 33.89 33.76 33.60 33.59 33.40 33.32 33.39 33.42 33.36 33.18 33.03 33.00 32.70 32.87 32.92 33.06 33.02 32.79 32.73 32.83 32.73 32.58 32.46 32.30 32.08 31.85 31.70 31.81 31.88 31.57
35.17 35.24 35.26 35.24 35.10 34.95 34.81 34.94 34.82 35.01 34.77 34.92 34.85 34.96 34.89 34.90 34.71 34.62 34.64 34.66 34.73 34.89 34.64 34.78 35.01 34.94 34.83 34.67 34.52 34.49 34.56 34.55 34.76 34.74 34.65 34.60 34.47 34.45 34.25 34.05 34.10 34.14 34.12 34.04 33.76 33.52 33.65 33.64 33.72 33.65 33.49 33.28 33.08 33.19 33.13 33.16 33.02 32.69 32.99 32.94 32.99 33.06 33.08 32.94 32.86 32.85 32.58 32.59 32.51 32.28 32.08 31.90 31.57 31.46 31.55 31.71 31.48
35.03 35.04 35.13 35.10 34.90 34.68 34.76 34.70 34.57 34.60 34.80 34.76 34.59 34.64 34.60 34.65 34.51 34.55 34.74 34.77 34.71 34.58 34.45 34.74 34.83 34.72 34.69 34.65 34.48 34.42 34.52 34.46 34.65 34.62 34.60 34.49 34.47 34.35 34.10 33.94 33.71 33.67 33.66 33.63 33.71 33.49 33.42 33.30 33.50 33.20 33.30 33.14 32.98 32.77 33.03 32.88 32.74 32.81 32.89 32.99 32.95 32.93 32.95 32.89 32.85 32.57 32.31 32.40 32.17 32.10 32.03 31.80 31.72 31.46 31.39 31.50 31.47
34.90 35.00 35.04 34.79 34.59 34.67 34.48 34.35 34.47 34.59 34.60 34.46 34.39 34.53 34.54 34.37 34.43 34.57 34.67 34.47 34.28 34.24 34.42 34.50 34.74 34.69 34.68 34.67 34.50 34.40 34.51 34.41 34.55 34.51 34.44 34.22 34.19 34.12 34.04 33.70 33.66 33.69 33.61 33.46 33.26 33.12 33.12 33.06 33.13 33.03 32.83 32.90 32.62 32.87 32.88 32.71 32.55 32.72 32.76 32.61 32.65 32.72 32.72 32.81 32.72 32.38 32.17 31.85 31.89 31.41 31.98 31.69 31.78 31.61 31.40 31.20 31.14
34.68 34.84 34.91 34.87 34.69 34.56 34.34 34.37 34.46 34.31 34.33 34.23 34.49 34.48 34.50 34.39 34.26 34.35 34.56 34.53 34.44 34.44 34.20 34.46 34.53 34.56 34.58 34.57 34.55 34.19 34.28 34.41 34.34 34.41 34.31 34.11 34.03 33.82 33.78 33.69 33.62 33.43 33.28 33.43 33.11 33.10 33.20 33.08 33.06 32.92 32.68 32.63 32.52 32.63 32.68 32.70 32.63 32.45 32.37 32.30 32.32 32.46 32.50 32.56 32.61 32.46 32.33 32.09 31.96 32.00 31.98 31.85 31.47 31.35 31.16 31.01 30.90
34.42 34.67 34.76 34.69 34.65 34.54 34.50 34.35 34.27 34.23 34.18 34.34 34.36 34.32 34.36 34.37 34.20 34.37 34.42 34.51 34.40 34.40 34.29 34.13 34.43 34.30 34.39 34.46 34.41 34.22 34.15 34.21 34.18 34.26 34.09 34.17 33.95 33.63 33.64 33.55 33.50 33.25 33.10 33.25 33.19 33.14 33.08 32.93 32.72 32.80 32.55 32.62 32.73 32.64 32.68 32.72 32.65 32.65 32.51 32.36 32.30 32.48 32.52 32.55 32.45 32.35 32.29 32.17 32.05 31.94 31.88 31.57 31.55 31.41 31.19 30.73 30.97
