datasets/raw/temp/2019100920191009.grid
ncols 886
nrows 691
xllcenter 112.0000
yllcenter -44.5000
cellsize 0.0500
nodata_value 99999.90
[rows 408 to 441 of 691, columns 77 to 153 of 886]
31.72 32.09 32.59 32.98 33.24 33.45 33.45 33.67 34.01 34.15 34.33 34.58 34.79 34.90 34.91 35.00 35.06 35.37 35.67 35.63 35.63 35.79 35.89 35.76 36.05 36.08 36.25 36.42 36.47 36.30 36.09 36.44 36.46 36.47 36.21 36.28 36.23 36.30 36.06 36.38 36.29 36.19 35.97 35.94 36.22 36.16 36.25 36.36 36.41 36.52 36.62 36.69 36.96 37.23 37.34 37.35 37.37 37.76 37.73 37.81 37.80 38.16 38.27 38.31 38.26 38.21 38.22 38.37 38.34 38.41 38.35 38.43 38.36 38.22 38.22 38.26 37.98
31.55 31.85 32.30 32.76 33.00 33.23 33.37 33.52 33.83 34.16 34.20 34.38 34.48 34.63 34.77 34.83 35.05 35.26 35.53 35.50 35.66 35.65 35.55 35.44 35.81 35.92 36.19 36.17 36.22 36.19 35.92 36.14 36.27 36.31 36.21 36.29 36.28 36.25 36.20 36.22 36.32 36.20 36.12 35.96 35.76 36.25 36.49 36.51 36.43 36.55 36.83 36.53 36.82 37.11 37.36 37.50 37.65 37.78 37.88 37.84 38.01 38.11 38.18 38.18 38.14 38.12 37.99 38.13 38.21 38.26 38.02 38.18 38.35 38.24 38.05 38.06 38.05
31.06 31.54 31.94 32.45 32.67 32.87 32.88 33.53 33.75 33.90 34.19 34.25 34.24 34.33 34.56 34.59 35.00 35.27 35.39 35.48 35.31 35.37 35.38 35.44 35.46 35.82 35.97 35.88 35.93 36.03 35.74 35.95 36.08 36.05 36.19 36.22 36.26 36.25 36.10 36.08 36.31 36.16 36.19 35.90 35.94 36.28 36.53 36.27 36.38 36.47 36.80 36.86 36.80 36.94 37.15 37.23 37.61 37.67 37.68 37.83 37.96 37.75 37.99 37.95 37.79 37.87 37.85 38.03 38.30 38.10 38.21 38.33 38.51 38.46 38.15 38.28 38.22
30.73 31.29 31.79 32.17 32.26 32.60 32.95 33.45 33.51 33.74 33.95 34.11 34.28 34.22 34.44 34.71 34.92 35.10 35.20 35.38 35.36 35.39 35.31 35.43 35.22 35.65 35.80 35.72 35.53 35.44 35.74 35.83 35.70 35.92 35.70 36.12 36.11 36.08 35.96 36.09 36.27 36.22 36.04 36.00 36.16 36.31 36.53 36.46 36.40 36.43 36.66 36.98 37.02 37.04 37.32 37.33 37.68 37.60 37.35 37.53 37.66 37.69 37.63 37.70 38.07 37.99 38.12 38.08 38.40 38.31 38.40 38.49 38.59 38.53 38.44 38.21 38.13
30.57 30.95 31.52 32.05 32.31 32.53 32.93 33.11 33.35 33.50 33.64 33.82 33.93 34.09 34.43 34.53 34.67 34.69 35.10 35.19 35.25 35.30 35.41 35.43 35.39 35.30 35.43 35.47 35.26 35.46 35.63 35.87 35.77 35.48 35.70 35.99 35.94 35.94 35.70 35.86 36.08 36.29 36.26 36.18 35.88 36.32 36.43 36.57 36.42 36.30 36.72 36.66 37.12 37.24 37.45 37.43 37.43 37.40 37.14 37.52 37.61 37.76 37.60 37.77 37.99 38.19 38.05 38.14 38.42 38.39 38.49 38.60 38.61 38.33 38.43 38.46 38.38
30.20 30.65 31.24 31.78 32.01 32.39 32.46 32.84 33.05 33.21 33.40 33.75 33.84 33.92 34.18 34.42 34.66 34.80 34.72 34.86 35.19 35.12 35.29 35.21 35.31 35.29 35.10 35.03 35.37 35.52 35.71 35.77 35.48 35.69 35.63 35.56 35.61 35.55 35.67 35.64 35.93 36.17 36.36 36.24 36.11 36.09 36.53 36.62 36.60 36.69 36.92 36.84 37.24 37.33 37.30 37.27 37.15 37.23 37.09 37.35 37.64 37.81 37.71 37.68 37.99 38.27 38.12 38.21 38.42 38.48 38.55 38.58 38.60 38.55 38.57 38.39 38.10
29.96 30.36 31.00 31.56 31.82 32.05 32.34 32.47 32.55 32.95 33.27 33.59 33.84 33.97 34.22 34.36 34.57 34.56 34.79 34.96 35.11 35.17 35.24 35.30 35.40 35.24 35.12 35.24 35.48 35.48 35.76 35.57 35.59 35.77 35.68 35.59 35.53 35.35 35.75 35.91 36.04 36.12 36.35 36.21 36.17 35.98 36.31 36.60 36.72 36.76 37.03 37.18 37.04 37.24 37.17 36.89 36.88 36.82 37.19 37.22 37.68 37.80 37.66 37.97 38.03 38.22 38.33 38.42 38.48 38.45 38.49 38.42 38.44 38.50 38.46 38.19 37.96
29.81 30.15 30.64 31.28 31.59 31.82 31.91 32.08 32.58 33.02 33.20 33.34 33.66 33.98 34.16 34.36 34.54 34.65 34.78 34.79 34.95 34.98 35.17 35.12 35.18 35.13 34.88 35.29 35.14 35.53 35.65 35.68 35.66 35.57 35.55 35.55 35.60 35.46 35.47 35.70 35.92 36.21 36.34 36.28 36.23 35.87 36.21 36.61 36.77 36.88 37.09 37.12 36.90 37.13 37.09 36.91 36.81 36.83 37.31 37.23 37.57 37.84 37.62 38.03 38.10 38.28 38.25 38.26 38.33 38.25 38.22 38.26 38.28 38.47 38.42 38.19 38.19
29.80 30.18 30.52 31.14 31.39 31.44 31.82 32.08 32.39 32.95 33.05 33.29 33.54 33.89 33.94 34.18 34.08 34.38 34.44 34.65 34.78 34.89 34.93 35.01 34.91 34.97 34.88 35.07 35.39 35.58 35.38 35.46 35.60 35.56 35.59 35.70 35.71 35.73 35.74 35.66 35.85 36.19 36.32 36.20 36.10 36.02 36.46 36.70 36.82 37.04 37.08 36.96 36.89 36.82 36.66 36.58 36.89 37.05 37.44 37.48 37.44 37.85 37.99 37.90 38.17 38.21 38.09 37.88 38.01 38.08 37.86 38.17 38.35 38.29 38.24 38.01 38.25
29.66 30.16 30.33 30.90 31.16 31.32 31.63 32.28 32.24 32.76 33.10 33.28 33.38 33.47 33.98 34.18 33.78 34.09 34.18 34.27 34.74 34.81 34.84 34.66 34.94 34.76 34.96 35.17 35.29 35.43 35.22 35.60 35.74 35.58 35.44 35.75 35.76 35.87 35.79 35.71 35.90 36.04 36.23 36.20 36.02 35.96 36.41 36.74 36.93 36.95 36.97 36.91 36.76 36.90 36.81 36.80 37.00 37.18 37.49 37.60 37.73 37.87 38.07 37.83 38.07 38.14 38.05 37.85 37.69 37.79 37.65 38.11 38.30 38.26 38.09 38.00 38.28
29.48 29.68 30.14 30.83 31.13 31.33 31.71 32.02 32.38 32.66 32.99 33.15 33.27 33.46 33.55 34.13 34.13 34.34 34.48 34.31 34.58 34.58 34.58 34.71 34.79 34.83 35.01 35.30 35.43 35.55 35.58 35.56 35.66 35.70 35.55 35.77 35.88 35.77 35.78 35.67 35.88 36.19 36.17 36.13 35.99 36.17 36.49 36.75 36.95 36.90 36.63 36.69 36.64 37.03 36.99 36.70 36.78 36.99 37.19 37.47 37.83 37.90 38.02 37.97 37.71 37.95 38.05 37.93 37.66 37.70 37.74 38.12 38.18 38.11 37.88 37.95 38.22
29.44 29.95 30.11 30.64 31.20 31.02 31.34 31.78 32.38 32.51 32.73 32.94 33.14 33.26 33.63 34.04 34.27 34.08 34.21 34.20 34.39 34.44 34.50 34.58 34.82 35.01 35.08 35.26 35.04 35.45 35.58 35.64 35.67 35.59 35.72 35.78 35.87 35.92 35.83 35.80 35.53 36.16 36.30 36.12 35.97 36.31 36.57 36.79 36.96 36.95 36.69 36.79 36.76 36.84 37.16 36.97 37.24 37.43 37.52 37.80 37.85 37.93 37.97 37.95 37.80 37.76 37.93 37.74 37.64 37.76 38.00 38.11 38.14 38.14 38.12 38.14 38.15
29.21 29.86 30.25 30.60 30.69 31.13 31.33 31.88 31.86 32.48 32.59 32.80 32.93 33.09 33.47 33.85 33.97 34.45 34.35 34.42 34.60 34.74 34.64 34.74 34.83 35.10 35.24 35.35 35.43 35.49 35.56 35.54 35.50 35.70 35.76 35.77 35.83 35.92 35.86 35.76 36.05 36.19 36.27 36.24 36.00 36.28 36.42 36.80 36.88 36.67 36.52 37.00 36.91 37.09 37.25 37.33 37.49 37.65 37.68 37.67 37.54 37.62 37.65 37.68 37.70 37.73 37.71 37.43 37.61 37.85 37.96 37.99 37.85 37.96 37.95 38.04 38.06
29.07 29.52 29.80 30.39 30.70 31.08 31.18 31.51 31.47 31.99 32.55 32.74 32.99 32.95 33.46 33.53 33.90 34.38 34.38 34.44 34.23 34.75 34.89 34.79 35.02 35.15 35.20 35.13 35.38 35.48 35.54 35.64 35.43 35.61 35.53 35.49 35.72 35.73 35.84 35.87 36.04 36.22 35.88 35.78 36.12 36.35 36.64 36.83 36.91 36.92 36.86 37.09 36.92 37.23 37.35 37.42 37.26 37.23 37.56 37.54 37.50 37.52 37.31 37.16 37.51 37.48 37.46 37.43 37.52 37.52 37.88 37.85 37.70 37.45 37.67 37.66 37.96
29.13 29.54 29.66 30.29 30.69 30.35 30.48 30.91 31.17 31.67 32.37 32.46 32.92 33.08 33.31 33.48 33.90 34.32 34.38 34.11 34.52 34.46 34.42 34.93 35.03 34.90 35.12 35.23 35.24 35.37 35.25 35.52 35.68 35.63 35.64 35.53 35.53 35.67 35.95 36.02 36.05 36.28 36.18 35.93 36.36 36.57 36.72 36.60 36.86 36.92 37.03 37.06 37.22 37.32 37.32 37.25 37.24 37.03 37.27 37.53 37.60 37.53 37.30 37.14 37.27 37.34 37.22 37.37 37.25 37.56 37.79 37.71 37.68 37.44 37.10 37.42 37.66
28.41 29.11 29.50 30.13 30.59 30.55 30.31 30.85 30.99 31.40 31.86 32.25 32.60 32.83 33.18 33.35 33.64 34.26 34.31 34.45 34.38 34.64 34.71 34.53 34.76 34.81 34.93 35.11 34.98 35.07 35.22 35.21 35.28 35.52 35.41 35.24 35.51 35.75 35.82 36.00 36.20 36.22 36.03 36.05 36.49 36.43 36.39 36.46 36.72 36.85 36.99 37.08 37.18 37.13 37.35 37.34 37.03 36.98 36.96 37.31 37.31 37.57 37.38 37.20 37.03 37.15 37.00 37.38 37.40 37.59 37.71 37.59 37.50 37.50 37.31 37.51 37.62
28.41 28.65 29.43 29.99 30.30 30.58 30.60 30.60 30.55 31.22 31.61 32.24 32.54 32.76 33.14 33.51 33.70 33.99 34.37 34.46 34.41 34.52 34.83 34.82 34.85 35.12 35.06 35.10 35.22 35.37 35.51 35.42 35.45 35.38 35.60 35.55 35.36 35.78 35.86 36.13 36.26 36.28 36.21 35.96 36.47 36.49 36.21 36.27 36.36 36.59 36.80 36.94 37.06 37.03 37.22 37.30 37.11 37.08 36.76 37.08 37.25 37.44 37.41 37.16 36.85 37.09 37.13 37.42 37.55 37.61 37.54 37.51 37.28 37.16 37.12 37.25 37.32
28.76 29.11 29.08 29.80 30.05 30.60 30.34 30.60 30.68 30.70 31.19 31.96 32.53 32.80 32.92 33.25 33.66 33.90 34.38 34.26 34.50 34.33 34.76 34.94 35.09 35.24 35.25 35.18 35.36 35.35 35.66 35.66 35.55 35.73 35.72 35.51 35.53 35.71 35.80 36.04 36.20 36.29 36.20 36.29 36.46 36.37 36.20 36.46 36.29 36.29 36.55 36.54 36.94 36.79 37.02 37.26 37.13 37.14 37.09 36.88 37.03 37.44 37.44 37.34 37.16 37.32 37.38 37.47 37.51 37.45 37.46 37.34 37.22 37.09 37.27 37.25 37.47
29.04 28.46 29.10 29.44 29.83 30.37 30.75 30.92 30.76 30.61 31.18 31.74 32.26 32.56 32.89 33.18 33.43 33.85 34.33 34.42 34.19 34.58 34.73 34.85 34.84 35.22 35.35 35.41 35.51 35.61 35.49 35.72 35.76 35.57 35.48 35.43 35.59 35.69 35.86 35.94 36.05 36.08 36.29 36.47 36.28 36.18 36.36 36.55 36.55 36.44 36.26 36.45 36.78 36.66 36.95 37.15 37.09 37.03 36.99 36.89 37.08 37.27 37.30 37.02 37.10 37.24 37.39 37.36 37.35 37.17 37.42 37.26 37.13 36.98 37.06 37.32 37.36
28.95 29.19 29.30 29.28 29.61 30.22 30.35 30.19 30.33 30.70 30.95 31.62 32.27 32.71 32.96 33.00 33.03 33.55 34.25 34.38 34.28 34.66 34.78 34.84 34.76 34.83 35.05 35.35 35.47 35.53 35.76 35.74 35.58 35.73 35.84 35.77 35.66 35.60 35.54 35.82 36.05 36.24 36.36 36.46 36.42 36.44 36.45 36.22 36.41 36.49 36.43 36.46 36.55 36.67 36.92 36.78 36.99 36.80 36.85 36.86 37.03 37.15 37.07 37.13 37.07 37.28 37.36 37.30 36.92 37.13 37.34 37.18 37.21 36.95 37.05 37.08 37.15
28.69 29.07 28.85 29.33 29.48 30.26 29.97 30.13 30.35 30.79 30.64 31.21 32.17 32.76 32.73 32.91 33.15 33.74 34.23 34.22 34.48 34.69 34.74 34.71 34.76 34.87 34.77 35.08 35.33 35.37 35.52 35.78 35.80 35.78 35.60 35.75 35.51 35.61 35.36 35.53 35.90 36.09 36.00 36.27 36.45 36.43 36.21 36.07 36.06 36.11 36.21 36.18 36.40 36.60 36.83 36.80 36.66 36.89 36.57 36.83 37.04 36.98 36.95 36.96 37.26 37.35 37.41 37.12 36.98 37.05 37.25 37.12 36.97 36.98 36.96 37.05 37.27
28.45 28.92 29.16 29.22 29.14 30.11 30.21 29.82 29.93 30.12 30.53 31.66 31.84 32.29 32.08 32.92 33.13 33.85 33.77 34.04 34.32 34.57 34.79 34.88 34.83 34.97 35.10 35.27 35.20 35.01 35.48 35.74 35.79 35.85 35.87 35.58 35.53 35.36 35.60 35.80 35.76 35.74 35.88 35.88 36.31 36.44 36.20 36.19 36.12 36.08 36.19 36.08 36.23 36.42 36.70 36.72 36.47 36.66 36.56 36.86 36.83 36.78 36.98 36.93 37.26 37.42 37.24 37.16 36.99 37.10 37.10 37.19 37.08 36.82 36.96 37.06 37.12
28.26 28.72 29.21 29.35 29.06 29.75 29.32 29.70 30.16 30.46 30.70 31.22 32.00 32.33 32.34 32.80 33.42 33.77 33.99 34.11 34.02 34.38 34.58 34.68 34.95 35.06 35.20 35.04 35.05 35.08 35.15 35.49 35.80 35.80 35.67 35.75 35.64 35.33 35.50 35.53 35.94 35.84 35.86 36.24 36.37 36.40 36.37 36.25 36.19 36.13 36.11 36.09 36.04 36.27 36.37 36.72 36.50 36.53 36.50 36.55 36.76 36.70 37.05 37.25 37.34 37.29 37.27 37.07 37.23 37.25 37.08 37.09 37.03 36.88 36.90 37.13 37.23
28.14 28.35 29.03 29.25 28.87 29.44 30.16 29.80 30.51 30.75 31.13 31.05 31.86 32.40 32.31 32.73 33.29 33.69 33.72 34.02 34.26 34.29 34.37 34.63 34.92 35.13 35.15 34.98 35.30 35.27 35.33 35.57 35.78 35.73 35.57 35.27 35.55 35.65 35.48 35.80 35.98 35.90 36.05 36.28 36.19 36.22 36.10 36.17 36.04 35.96 36.23 36.17 36.07 36.09 36.38 36.67 36.61 36.55 36.24 36.37 36.60 36.73 36.91 37.09 37.29 37.28 37.21 37.07 37.29 37.11 36.87 36.91 36.91 36.88 36.81 37.00 37.18
27.91 28.16 28.77 29.36 28.61 29.23 29.01 29.51 30.35 30.32 30.68 31.40 30.78 31.73 32.32 32.47 33.35 33.68 33.49 33.79 33.82 34.01 34.61 34.50 35.08 35.13 35.20 35.24 35.44 35.47 35.50 35.70 35.73 35.70 35.64 35.50 35.30 35.74 35.78 35.98 35.77 36.12 36.18 36.23 36.13 36.24 36.14 36.17 36.24 36.21 35.95 36.04 36.10 36.00 36.30 36.43 36.64 36.34 36.42 36.17 36.36 36.60 36.94 36.88 37.20 37.08 37.05 37.19 37.15 37.21 36.96 36.73 36.87 36.72 36.94 37.06 36.97
27.89 28.18 28.67 29.29 28.87 28.84 28.78 29.00 29.27 28.93 29.96 30.80 31.22 30.92 31.83 32.68 32.99 33.67 33.85 33.88 33.76 34.27 34.54 34.81 34.86 34.88 35.17 35.27 35.36 35.50 35.52 35.62 35.60 35.64 35.50 35.48 35.64 35.91 35.99 36.04 36.06 36.10 35.98 35.98 35.89 36.20 36.13 36.11 36.18 36.18 36.25 36.05 36.08 36.06 36.17 36.03 36.43 36.57 36.57 36.50 36.27 36.64 36.81 37.02 37.15 37.04 37.14 36.96 36.96 37.13 37.01 36.83 36.85 36.84 36.89 37.03 36.85
27.76 28.09 28.55 29.19 28.81 29.16 28.68 29.23 29.14 29.33 29.46 29.49 30.37 30.69 30.94 31.89 33.15 32.94 33.70 33.84 34.32 34.50 34.60 34.44 34.67 34.56 34.87 34.88 35.20 35.31 35.21 35.23 35.40 35.49 35.49 35.42 35.53 35.87 35.76 35.85 35.87 35.85 35.83 35.54 35.83 36.07 36.13 36.18 36.21 36.18 36.10 36.14 36.16 36.07 36.22 36.35 36.20 36.28 36.35 36.35 36.33 36.27 36.61 36.80 36.95 37.19 37.25 37.23 37.08 37.04 36.89 36.97 36.90 36.99 37.02 37.02 36.88
27.62 28.04 28.45 29.07 29.02 28.92 29.44 29.58 29.08 29.80 29.45 30.02 30.19 30.61 31.63 31.85 32.50 33.14 33.40 33.64 33.85 34.27 34.34 34.40 34.47 34.65 34.66 34.62 34.92 35.07 35.01 35.11 35.34 35.20 35.12 35.14 35.41 35.84 35.60 35.49 35.41 35.44 35.51 35.31 35.46 35.79 35.97 36.03 36.09 36.17 36.26 36.25 36.12 36.14 36.26 36.06 36.12 36.40 36.40 36.45 36.45 36.32 36.53 36.70 36.91 37.02 37.06 36.97 37.10 37.23 37.16 36.97 37.08 37.01 36.98 36.91 36.86
27.52 28.00 28.46 29.04 29.27 28.30 28.56 28.37 29.14 29.26 29.75 30.02 30.09 30.85 31.03 31.62 32.09 32.77 33.44 33.73 33.60 33.87 34.16 34.53 34.64 34.56 34.70 34.56 34.42 34.80 34.72 34.96 35.00 35.33 35.54 35.58 35.67 35.70 35.73 35.59 35.60 35.38 35.23 35.60 35.53 35.63 35.74 35.91 35.80 35.89 36.15 36.10 36.24 36.34 36.33 36.42 36.21 36.46 36.41 36.38 36.29 36.47 36.22 36.54 36.82 36.89 37.00 36.82 37.01 37.33 37.34 37.25 37.19 37.03 36.99 36.80 36.84
27.27 27.95 28.56 29.02 29.15 28.10 27.89 28.06 28.91 28.94 29.34 29.77 29.82 30.47 31.03 31.15 31.72 31.95 32.35 33.72 33.71 33.80 33.90 34.11 34.43 34.48 34.70 34.62 34.72 34.56 34.96 35.02 35.14 35.45 35.44 35.25 35.47 35.41 35.67 35.50 35.61 35.41 35.56 35.69 35.52 35.69 35.71 35.91 35.80 35.83 35.92 35.75 35.97 36.07 36.12 36.31 36.38 36.38 36.36 36.53 36.46 36.30 36.44 36.64 36.83 36.97 36.88 36.84 37.16 37.13 37.15 37.31 37.16 36.94 37.07 36.67 36.69
27.18 27.79 28.47 28.88 28.65 28.07 27.67 28.10 28.60 28.80 29.56 29.86 29.82 30.38 30.88 31.04 31.58 31.92 33.03 33.43 33.63 33.93 33.54 34.22 34.17 34.21 34.42 34.67 34.40 34.64 34.81 35.07 35.25 35.40 35.21 35.10 34.85 35.17 35.16 35.58 35.65 35.67 35.46 35.75 35.80 35.77 35.91 35.83 35.83 36.00 35.60 35.97 36.11 36.08 36.06 35.90 36.11 36.28 36.57 36.34 36.57 36.64 36.57 36.53 36.67 36.83 36.79 36.72 36.89 36.93 37.23 37.40 37.12 37.12 37.00 36.72 36.54
27.19 27.83 28.18 28.54 27.47 28.59 29.04 28.59 28.33 29.58 29.54 29.30 30.17 30.81 30.51 31.01 31.20 31.82 32.54 33.33 33.71 33.85 34.12 34.13 34.04 33.99 34.14 34.30 34.43 34.43 34.76 35.03 35.19 35.32 35.27 34.97 34.85 34.86 35.06 35.35 35.33 35.60 35.72 35.61 35.74 35.83 35.90 35.86 35.85 35.97 35.74 35.84 36.23 36.19 36.09 36.31 36.12 36.55 36.47 36.58 36.72 36.70 36.71 36.53 36.73 36.61 36.51 36.90 37.18 37.33 37.39 37.37 37.06 37.00 37.06 36.81 36.66
27.13 27.50 27.98 28.36 27.00 27.87 27.56 28.42 29.17 29.17 29.38 29.62 30.05 30.22 30.76 30.85 31.20 31.68 32.62 33.26 33.44 33.58 33.72 34.16 34.15 34.31 34.20 34.12 34.46 34.44 34.52 34.84 35.05 35.14 35.05 34.85 34.88 35.10 35.04 35.22 35.38 35.50 35.59 35.36 35.61 35.59 35.84 35.86 35.99 35.86 35.80 35.86 36.17 36.21 36.35 36.53 36.47 36.51 36.62 36.40 36.61 36.61 36.72 36.86 36.81 36.81 36.64 36.85 37.08 37.06 37.19 37.38 37.13 37.12 36.88 36.94 36.53
26.86 27.34 27.88 28.28 27.00 27.32 27.34 27.84 28.26 28.46 29.22 29.26 30.11 30.39 30.44 30.81 31.71 31.92 32.09 32.98 33.10 33.26 33.63 33.88 33.91 33.76 33.89 34.14 34.40 34.53 34.73 34.74 35.05 35.08 35.04 34.97 35.03 34.97 34.71 34.93 35.17 34.99 35.31 35.11 35.28 35.56 35.76 35.69 35.74 35.71 36.10 36.22 36.34 36.38 36.41 36.34 36.56 36.65 36.62 36.60 36.74 36.78 36.75 36.51 36.54 36.83 37.05 36.90 36.96 37.01 37.16 37.14 37.22 37.05 37.00 36.88 36.45
