datasets/raw/temp/2019111820191118.grid
ncols 886
nrows 691
xllcenter 112.0000
yllcenter -44.5000
cellsize 0.0500
nodata_value 99999.90
[rows 0 to 33 of 691, columns 231 to 307 of 886]
30.53 30.55 30.57 30.59 30.61 30.63 30.65 30.67 30.70 30.71 30.73 30.75 30.78 30.80 30.82 30.84 30.87 30.89 30.91 30.94 30.97 30.99 31.02 31.04 31.07 31.10 31.13 31.15 31.19 31.21 31.24 31.28 31.30 31.33 31.37 31.40 31.41 31.44 31.45 31.48 31.49 31.51 31.53 31.55 31.57 31.59 31.61 31.63 31.64 31.66 31.68 31.70 31.71 31.73 31.74 31.76 31.77 31.79 31.80 31.82 31.82 31.84 31.84 31.86 31.86 31.87 31.87 31.88 31.87 31.88 31.87 31.87 31.86 31.85 31.83 31.82 31.80
30.54 30.56 30.58 30.61 30.62 30.64 30.67 30.69 30.71 30.73 30.75 30.77 30.80 30.82 30.84 30.86 30.89 30.92 30.94 30.97 30.99 31.01 31.05 31.07 31.10 31.12 31.15 31.18 31.21 31.24 31.27 31.31 31.33 31.35 31.38 31.40 31.43 31.44 31.46 31.48 31.50 31.51 31.54 31.55 31.58 31.59 31.61 31.63 31.64 31.66 31.68 31.70 31.71 31.73 31.74 31.76 31.77 31.79 31.80 31.82 31.82 31.84 31.84 31.85 31.86 31.87 31.87 31.87 31.87 31.87 31.87 31.86 31.85 31.84 31.83 31.81 31.79
30.56 30.58 30.60 30.61 30.64 30.66 30.69 30.71 30.72 30.74 30.77 30.79 30.81 30.84 30.86 30.89 30.92 30.94 30.96 30.99 31.02 31.04 31.07 31.10 31.12 31.16 31.18 31.21 31.24 31.27 31.30 31.33 31.34 31.36 31.39 31.40 31.43 31.44 31.46 31.48 31.50 31.52 31.54 31.55 31.58 31.59 31.62 31.63 31.65 31.67 31.69 31.70 31.72 31.73 31.75 31.76 31.78 31.79 31.81 31.81 31.83 31.83 31.85 31.86 31.86 31.87 31.87 31.87 31.87 31.87 31.86 31.86 31.84 31.83 31.82 31.80 31.78
30.57 30.59 30.61 30.63 30.66 30.68 30.70 30.73 30.74 30.76 30.79 30.81 30.84 30.86 30.89 30.91 30.93 30.96 30.99 31.01 31.04 31.07 31.09 31.13 31.15 31.18 31.21 31.24 31.26 31.29 31.30 31.33 31.35 31.36 31.39 31.40 31.43 31.44 31.46 31.48 31.50 31.52 31.54 31.56 31.58 31.59 31.61 31.64 31.65 31.66 31.69 31.70 31.72 31.74 31.75 31.76 31.78 31.80 31.80 31.82 31.83 31.84 31.84 31.85 31.86 31.86 31.87 31.86 31.87 31.86 31.86 31.84 31.84 31.83 31.81 31.79 31.76
30.58 30.61 30.63 30.65 30.67 30.70 30.72 30.73 30.76 30.78 30.81 30.84 30.86 30.88 30.91 30.93 30.96 30.99 31.01 31.04 31.07 31.09 31.12 31.15 31.18 31.20 31.23 31.25 31.26 31.29 31.31 31.33 31.35 31.36 31.39 31.40 31.43 31.44 31.46 31.48 31.50 31.52 31.54 31.56 31.58 31.60 31.61 31.64 31.65 31.67 31.68 31.71 31.72 31.74 31.75 31.77 31.78 31.79 31.81 31.82 31.83 31.83 31.85 31.86 31.86 31.86 31.86 31.86 31.86 31.86 31.85 31.84 31.83 31.81 31.80 31.78 31.75
30.60 30.62 30.65 30.67 30.69 30.71 30.73 30.75 30.78 30.81 30.83 30.86 30.88 30.90 30.93 30.96 30.98 31.01 31.04 31.06 31.10 31.12 31.14 31.17 31.19 31.21 31.23 31.25 31.27 31.29 31.31 31.33 31.35 31.37 31.39 31.40 31.43 31.44 31.47 31.48 31.51 31.52 31.54 31.56 31.58 31.60 31.62 31.63 31.65 31.67 31.68 31.70 31.72 31.73 31.75 31.76 31.78 31.79 31.80 31.82 31.82 31.84 31.84 31.85 31.86 31.86 31.86 31.86 31.85 31.85 31.84 31.83 31.82 31.80 31.78 31.76 31.73
30.62 30.64 30.66 30.68 30.70 30.72 30.75 30.77 30.80 30.83 30.85 30.88 30.90 30.92 30.96 30.98 31.00 31.04 31.06 31.08 31.11 31.13 31.15 31.18 31.19 31.21 31.23 31.25 31.27 31.29 31.30 31.33 31.34 31.37 31.38 31.40 31.42 31.44 31.46 31.48 31.50 31.52 31.54 31.55 31.58 31.59 31.62 31.63 31.65 31.66 31.68 31.70 31.72 31.74 31.75 31.77 31.77 31.79 31.80 31.81 31.83 31.83 31.84 31.85 31.85 31.85 31.86 31.85 31.85 31.84 31.83 31.82 31.80 31.79 31.77 31.74 31.72
30.63 30.65 30.67 30.70 30.72 30.74 30.77 30.79 30.82 30.85 30.87 30.89 30.92 30.95 30.98 31.00 31.03 31.06 31.07 31.09 31.12 31.13 31.15 31.17 31.19 31.22 31.23 31.25 31.27 31.29 31.31 31.33 31.34 31.37 31.38 31.41 31.42 31.44 31.46 31.48 31.50 31.51 31.54 31.55 31.57 31.59 31.61 31.63 31.64 31.67 31.68 31.70 31.71 31.73 31.75 31.76 31.78 31.78 31.80 31.81 31.82 31.83 31.84 31.84 31.85 31.85 31.84 31.85 31.83 31.83 31.82 31.80 31.79 31.78 31.76 31.72 31.70
30.64 30.67 30.69 30.72 30.74 30.76 30.79 30.81 30.84 30.87 30.89 30.91 30.95 30.97 31.00 31.02 31.03 31.06 31.08 31.09 31.12 31.13 31.15 31.17 31.19 31.21 31.23 31.24 31.27 31.28 31.31 31.32 31.35 31.36 31.39 31.40 31.41 31.44 31.45 31.48 31.49 31.51 31.53 31.55 31.56 31.59 31.60 31.62 31.64 31.66 31.68 31.69 31.71 31.72 31.74 31.76 31.76 31.78 31.80 31.80 31.81 31.82 31.83 31.83 31.84 31.84 31.84 31.84 31.83 31.82 31.81 31.79 31.78 31.76 31.73 31.71 31.68
30.66 30.69 30.71 30.73 30.76 30.78 30.81 30.83 30.86 30.89 30.91 30.93 30.96 30.98 31.00 31.02 31.03 31.06 31.07 31.10 31.11 31.13 31.15 31.17 31.18 31.21 31.22 31.25 31.26 31.29 31.30 31.32 31.34 31.35 31.38 31.39 31.42 31.43 31.45 31.47 31.49 31.51 31.53 31.54 31.57 31.58 31.60 31.61 31.64 31.65 31.67 31.69 31.70 31.72 31.73 31.75 31.76 31.77 31.78 31.80 31.80 31.81 31.82 31.83 31.83 31.83 31.83 31.82 31.82 31.81 31.80 31.78 31.76 31.75 31.71 31.69 31.65
30.68 30.71 30.73 30.75 30.78 30.80 30.83 30.85 30.87 30.90 30.92 30.95 30.96 30.98 31.00 31.02 31.04 31.06 31.07 31.09 31.11 31.12 31.15 31.16 31.19 31.20 31.22 31.24 31.26 31.28 31.29 31.32 31.33 31.36 31.37 31.38 31.41 31.42 31.44 31.46 31.48 31.49 31.52 31.54 31.55 31.58 31.59 31.61 31.62 31.64 31.66 31.68 31.70 31.71 31.72 31.74 31.75 31.76 31.78 31.78 31.79 31.81 31.81 31.81 31.82 31.82 31.81 31.81 31.81 31.80 31.78 31.76 31.75 31.73 31.69 31.66 31.63
30.69 30.72 30.74 30.77 30.80 30.82 30.85 30.86 30.88 30.90 30.92 30.94 30.96 30.97 31.00 31.01 31.04 31.05 31.07 31.09 31.10 31.13 31.14 31.16 31.18 31.19 31.22 31.23 31.26 31.27 31.28 31.31 31.32 31.35 31.36 31.38 31.40 31.42 31.43 31.46 31.47 31.49 31.51 31.53 31.54 31.56 31.58 31.60 31.62 31.63 31.65 31.67 31.68 31.70 31.72 31.72 31.74 31.76 31.76 31.77 31.79 31.80 31.80 31.80 31.81 31.80 31.80 31.80 31.79 31.77 31.76 31.75 31.73 31.71 31.67 31.64 31.60
30.71 30.74 30.76 30.79 30.81 30.82 30.85 30.86 30.89 30.90 30.91 30.94 30.95 30.98 30.99 31.01 31.03 31.04 31.06 31.08 31.10 31.12 31.13 31.16 31.17 31.20 31.21 31.22 31.25 31.26 31.28 31.30 31.32 31.33 31.36 31.37 31.39 31.41 31.42 31.44 31.46 31.48 31.50 31.51 31.53 31.55 31.57 31.59 31.60 31.62 31.64 31.65 31.67 31.68 31.70 31.72 31.73 31.74 31.75 31.76 31.78 31.78 31.78 31.79 31.79 31.79 31.79 31.78 31.78 31.77 31.74 31.73 31.71 31.68 31.64 31.61 31.57
30.72 30.75 30.77 30.79 30.80 30.82 30.84 30.86 30.88 30.89 30.91 30.93 30.95 30.97 30.98 31.01 31.02 31.04 31.06 31.07 31.10 31.11 31.12 31.15 31.16 31.18 31.20 31.22 31.23 31.25 31.27 31.28 31.31 31.32 31.34 31.35 31.38 31.39 31.41 31.43 31.45 31.47 31.48 31.50 31.52 31.54 31.55 31.57 31.59 31.60 31.62 31.64 31.65 31.67 31.69 31.71 31.71 31.73 31.74 31.75 31.75 31.76 31.77 31.78 31.77 31.77 31.77 31.76 31.76 31.74 31.72 31.70 31.68 31.66 31.62 31.58 31.54
30.72 30.75 30.76 30.79 30.80 30.81 30.84 30.85 30.87 30.89 30.91 30.93 30.95 30.96 30.98 31.00 31.01 31.04 31.05 31.06 31.09 31.10 31.12 31.14 31.16 31.17 31.19 31.21 31.22 31.24 31.25 31.28 31.29 31.31 31.32 31.35 31.36 31.38 31.39 31.42 31.43 31.45 31.47 31.48 31.51 31.52 31.54 31.56 31.57 31.59 31.61 31.62 31.64 31.66 31.66 31.68 31.70 31.71 31.73 31.73 31.74 31.75 31.75 31.76 31.75 31.75 31.75 31.74 31.74 31.71 31.70 31.68 31.66 31.63 31.60 31.55 31.51
30.72 30.74 30.76 30.78 30.79 30.82 30.83 30.84 30.87 30.88 30.90 30.92 30.94 30.95 30.98 30.99 31.00 31.03 31.04 31.06 31.07 31.10 31.11 31.12 31.14 31.16 31.18 31.19 31.21 31.22 31.25 31.26 31.28 31.29 31.31 31.33 31.35 31.36 31.38 31.39 31.42 31.43 31.45 31.47 31.48 31.50 31.52 31.53 31.56 31.58 31.59 31.60 31.62 31.63 31.65 31.66 31.68 31.69 31.70 31.71 31.72 31.73 31.73 31.73 31.73 31.73 31.73 31.72 31.71 31.70 31.67 31.65 31.63 31.60 31.57 31.53 31.47
30.71 30.74 30.75 30.77 30.79 30.81 30.82 30.84 30.86 30.88 30.89 30.91 30.93 30.94 30.96 30.98 31.00 31.01 31.03 31.05 31.06 31.08 31.09 31.12 31.13 31.15 31.16 31.18 31.19 31.22 31.23 31.25 31.26 31.28 31.29 31.31 31.33 31.35 31.36 31.38 31.39 31.41 31.43 31.44 31.47 31.49 31.50 31.52 31.54 31.55 31.57 31.59 31.59 31.61 31.63 31.65 31.66 31.66 31.68 31.69 31.70 31.71 31.70 31.71 31.71 31.71 31.70 31.70 31.69 31.67 31.66 31.62 31.60 31.57 31.53 31.49 31.45
30.72 30.73 30.75 30.76 30.79 30.80 30.82 30.83 30.85 30.87 30.88 30.90 30.92 30.94 30.95 30.97 30.98 31.01 31.02 31.03 31.05 31.06 31.08 31.10 31.12 31.13 31.15 31.16 31.18 31.19 31.20 31.23 31.24 31.26 31.28 31.29 31.31 31.32 31.34 31.35 31.37 31.39 31.40 31.43 31.44 31.46 31.48 31.49 31.51 31.53 31.55 31.55 31.57 31.59 31.61 31.61 31.63 31.64 31.65 31.66 31.67 31.67 31.68 31.68 31.68 31.68 31.68 31.67 31.66 31.64 31.63 31.59 31.58 31.53 31.50 31.46 31.45
30.71 30.72 30.74 30.75 30.77 30.79 30.81 30.82 30.84 30.85 30.88 30.89 30.91 30.92 30.93 30.96 30.97 30.99 31.00 31.02 31.03 31.05 31.06 31.09 31.10 31.12 31.13 31.14 31.16 31.18 31.19 31.20 31.22 31.24 31.25 31.27 31.28 31.30 31.31 31.33 31.35 31.36 31.38 31.39 31.41 31.43 31.44 31.46 31.48 31.50 31.51 31.53 31.55 31.56 31.57 31.59 31.60 31.61 31.63 31.64 31.65 31.64 31.65 31.65 31.65 31.65 31.65 31.64 31.63 31.61 31.59 31.57 31.54 31.51 31.48 31.47 31.46
30.70 30.71 30.73 30.75 30.76 30.78 30.79 30.81 30.83 30.84 30.86 30.87 30.89 30.90 30.93 30.94 30.96 30.97 30.99 31.00 31.02 31.03 31.05 31.06 31.08 31.09 31.11 31.12 31.14 31.15 31.16 31.18 31.20 31.21 31.23 31.24 31.26 31.27 31.29 31.30 31.32 31.34 31.35 31.37 31.39 31.40 31.42 31.44 31.45 31.46 31.48 31.50 31.52 31.53 31.54 31.56 31.57 31.58 31.60 31.61 31.61 31.61 31.62 31.62 31.62 31.62 31.61 31.60 31.59 31.58 31.56 31.53 31.50 31.48 31.47 31.48 31.48
30.68 30.70 30.71 30.73 30.75 30.77 30.78 30.80 30.81 30.83 30.84 30.86 30.87 30.89 30.90 30.93 30.94 30.96 30.97 30.99 31.00 31.02 31.03 31.04 31.05 31.07 31.08 31.10 31.11 31.13 31.14 31.16 31.17 31.19 31.20 31.22 31.22 31.24 31.26 31.27 31.29 31.30 31.32 31.34 31.35 31.37 31.39 31.41 31.41 31.43 31.45 31.47 31.48 31.49 31.51 31.52 31.54 31.55 31.56 31.57 31.58 31.59 31.58 31.59 31.59 31.58 31.58 31.57 31.56 31.54 31.52 31.49 31.48 31.48 31.49 31.49 31.50
30.67 30.69 30.71 30.72 30.74 30.75 30.77 30.78 30.80 30.81 30.83 30.84 30.86 30.87 30.89 30.90 30.92 30.93 30.95 30.96 30.98 30.99 31.01 31.02 31.03 31.04 31.06 31.07 31.09 31.10 31.12 31.12 31.14 31.15 31.17 31.18 31.20 31.21 31.22 31.24 31.25 31.27 31.29 31.30 31.32 31.33 31.35 31.36 31.38 31.40 31.42 31.42 31.44 31.46 31.47 31.49 31.50 31.51 31.53 31.54 31.55 31.55 31.55 31.55 31.55 31.55 31.55 31.54 31.52 31.51 31.49 31.49 31.49 31.50 31.51 31.52 31.52
30.66 30.67 30.69 30.71 30.72 30.74 30.75 30.77 30.78 30.80 30.81 30.83 30.84 30.86 30.87 30.88 30.89 30.91 30.92 30.94 30.95 30.97 30.98 30.99 31.00 31.02 31.03 31.05 31.05 31.07 31.08 31.10 31.10 31.12 31.14 31.15 31.16 31.17 31.19 31.20 31.22 31.23 31.24 31.26 31.28 31.30 31.30 31.32 31.34 31.36 31.38 31.38 31.40 31.42 31.43 31.45 31.46 31.47 31.49 31.50 31.50 31.51 31.51 31.52 31.52 31.51 31.51 31.50 31.49 31.48 31.49 31.50 31.51 31.52 31.53 31.53 31.54
30.64 30.66 30.67 30.69 30.70 30.72 30.73 30.74 30.76 30.77 30.79 30.80 30.82 30.83 30.85 30.85 30.87 30.88 30.90 30.91 30.93 30.93 30.95 30.96 30.98 30.98 31.00 31.01 31.02 31.03 31.05 31.05 31.07 31.09 31.09 31.11 31.12 31.13 31.14 31.16 31.18 31.18 31.20 31.22 31.24 31.25 31.26 31.28 31.30 31.32 31.32 31.34 31.36 31.37 31.39 31.40 31.42 31.43 31.44 31.45 31.46 31.47 31.47 31.47 31.47 31.47 31.46 31.46 31.47 31.49 31.50 31.51 31.54 31.55 31.55 31.56 31.56
30.63 30.64 30.65 30.66 30.68 30.70 30.71 30.73 30.74 30.75 30.76 30.78 30.79 30.81 30.81 30.83 30.84 30.86 30.88 30.88 30.89 30.91 30.92 30.93 30.95 30.95 30.96 30.97 30.99 31.00 31.01 31.02 31.03 31.04 31.06 31.06 31.08 31.09 31.10 31.12 31.13 31.14 31.16 31.18 31.18 31.20 31.22 31.23 31.25 31.26 31.28 31.29 31.31 31.32 31.34 31.35 31.37 31.38 31.39 31.40 31.41 31.42 31.42 31.43 31.43 31.44 31.45 31.48 31.49 31.51 31.53 31.54 31.55 31.56 31.57 31.58 31.59
30.60 30.62 30.63 30.65 30.65 30.67 30.69 30.70 30.71 30.72 30.74 30.75 30.77 30.77 30.79 30.81 30.81 30.83 30.84 30.85 30.86 30.88 30.88 30.90 30.90 30.92 30.92 30.94 30.94 30.96 30.96 30.98 30.99 31.00 31.01 31.02 31.03 31.05 31.06 31.07 31.08 31.09 31.11 31.12 31.13 31.15 31.17 31.18 31.20 31.21 31.22 31.24 31.26 31.27 31.29 31.30 31.32 31.33 31.34 31.35 31.36 31.37 31.38 31.40 31.43 31.45 31.47 31.49 31.51 31.53 31.54 31.57 31.58 31.59 31.59 31.60 31.60
30.57 30.59 30.61 30.62 30.63 30.65 30.66 30.67 30.68 30.70 30.71 30.72 30.74 30.75 30.76 30.77 30.78 30.79 30.81 30.81 30.83 30.83 30.85 30.86 30.87 30.88 30.89 30.90 30.90 30.92 30.92 30.94 30.94 30.95 30.96 30.97 30.99 30.99 31.01 31.02 31.03 31.04 31.06 31.06 31.08 31.10 31.11 31.13 31.13 31.15 31.17 31.18 31.20 31.22 31.23 31.25 31.26 31.28 31.30 31.32 31.34 31.38 31.40 31.42 31.45 31.47 31.49 31.51 31.54 31.55 31.57 31.58 31.59 31.61 31.62 31.62 31.62
30.55 30.57 30.58 30.59 30.61 30.62 30.63 30.64 30.65 30.67 30.68 30.69 30.70 30.72 30.72 30.74 30.74 30.76 30.77 30.78 30.79 30.79 30.81 30.81 30.83 30.83 30.84 30.85 30.86 30.86 30.88 30.89 30.89 30.90 30.91 30.92 30.93 30.94 30.95 30.96 30.97 30.99 31.00 31.01 31.02 31.04 31.05 31.07 31.08 31.09 31.11 31.13 31.15 31.17 31.19 31.22 31.25 31.27 31.30 31.33 31.36 31.39 31.41 31.44 31.46 31.49 31.51 31.53 31.55 31.57 31.59 31.61 31.62 31.62 31.64 31.65 31.65
30.53 30.54 30.55 30.56 30.57 30.59 30.59 30.61 30.63 30.63 30.65 30.66 30.67 30.68 30.69 30.70 30.71 30.72 30.72 30.74 30.74 30.75 30.77 30.77 30.78 30.78 30.80 30.80 30.81 30.81 30.83 30.83 30.84 30.85 30.85 30.87 30.87 30.88 30.89 30.90 30.91 30.93 30.93 30.95 30.96 30.98 31.00 31.01 31.03 31.06 31.09 31.11 31.14 31.17 31.20 31.23 31.26 31.29 31.32 31.35 31.38 31.40 31.43 31.45 31.48 31.51 31.53 31.55 31.57 31.59 31.61 31.63 31.64 31.65 31.65 31.67 31.67
30.49 30.51 30.51 30.53 30.54 30.55 30.56 30.58 30.58 30.60 30.61 30.62 30.63 30.63 30.65 30.66 30.67 30.68 30.68 30.69 30.70 30.71 30.71 30.72 30.73 30.74 30.75 30.75 30.76 30.76 30.77 30.77 30.78 30.79 30.79 30.81 30.81 30.82 30.83 30.84 30.85 30.87 30.89 30.90 30.93 30.96 30.99 31.01 31.04 31.06 31.09 31.12 31.15 31.18 31.21 31.25 31.28 31.31 31.33 31.36 31.39 31.41 31.45 31.47 31.50 31.53 31.55 31.57 31.59 31.61 31.63 31.64 31.66 31.67 31.68 31.69 31.69
30.46 30.47 30.48 30.50 30.51 30.51 30.53 30.54 30.55 30.56 30.57 30.58 30.59 30.59 30.61 30.61 30.62 30.63 30.64 30.65 30.65 30.66 30.66 30.67 30.67 30.68 30.69 30.69 30.70 30.70 30.71 30.71 30.72 30.72 30.73 30.75 30.75 30.76 30.79 30.80 30.83 30.86 30.88 30.90 30.93 30.96 30.99 31.02 31.05 31.08 31.11 31.13 31.16 31.20 31.23 31.26 31.29 31.32 31.35 31.38 31.41 31.44 31.46 31.49 31.52 31.54 31.57 31.59 31.61 31.64 31.65 31.66 31.68 31.69 31.70 31.71 31.73
30.42 30.43 30.45 30.46 30.46 30.48 30.49 30.49 30.51 30.52 30.52 30.53 30.55 30.55 30.56 30.56 30.57 30.58 30.59 30.60 30.60 30.61 30.61 30.62 30.63 30.62 30.63 30.63 30.64 30.64 30.65 30.65 30.66 30.68 30.69 30.71 30.73 30.76 30.78 30.80 30.83 30.86 30.89 30.91 30.94 30.97 31.00 31.03 31.06 31.09 31.12 31.15 31.18 31.21 31.24 31.27 31.30 31.33 31.37 31.39 31.42 31.45 31.48 31.51 31.54 31.56 31.58 31.61 31.63 31.65 31.67 31.69 31.70 31.72 31.73 31.75 31.77
30.38 30.40 30.41 30.41 30.42 30.44 30.45 30.45 30.46 30.47 30.48 30.49 30.50 30.50 30.51 30.51 30.52 30.53 30.53 30.54 30.54 30.55 30.55 30.56 30.57 30.56 30.57 30.57 30.58 30.58 30.60 30.61 30.64 30.67 30.69 30.72 30.74 30.76 30.79 30.82 30.84 30.87 30.90 30.93 30.95 30.98 31.01 31.04 31.07 31.10 31.13 31.16 31.19 31.22 31.25 31.28 31.32 31.35 31.38 31.40 31.44 31.47 31.49 31.53 31.55 31.57 31.61 31.63 31.66 31.67 31.70 31.71 31.73 31.76 31.78 31.81 31.82
30.34 30.36 30.37 30.37 30.38 30.39 30.39 30.40 30.41 30.42 30.43 30.44 30.45 30.45 30.46 30.46 30.47 30.48 30.47 30.48 30.49 30.49 30.50 30.49 30.50 30.50 30.52 30.53 30.55 30.57 30.60 30.63 30.65 30.68 30.70 30.73 30.75 30.77 30.80 30.83 30.85 30.88 30.91 30.94 30.96 30.99 31.02 31.05 31.08 31.11 31.14 31.17 31.20 31.23 31.27 31.30 31.33 31.36 31.40 31.42 31.45 31.49 31.51 31.54 31.57 31.60 31.63 31.66 31.69 31.71 31.74 31.76 31.78 31.81 31.83 31.86 31.87
