datasets/raw/temp/2019111520191115.grid
ncols 886
nrows 691
xllcenter 112.0000
yllcenter -44.5000
cellsize 0.0500
nodata_value 99999.90
[rows 510 to 543 of 691, columns 0 to 76 of 886]
23.48 23.39 23.33 23.32 23.30 23.29 23.27 23.25 23.22 23.20 23.17 23.13 23.11 23.11 23.14 23.18 23.23 23.26 23.31 23.35 23.40 23.43 23.47 23.51 23.55 23.59 23.63 23.67 23.71 23.75 23.78 23.82 23.85 23.89 23.92 23.95 23.98 24.01 24.04 24.08 24.11 24.13 24.16 24.18 24.20 24.23 24.26 24.27 24.29 24.31 24.34 24.35 24.37 24.38 24.40 24.41 24.42 24.43 24.44 24.44 24.44 24.44 24.45 24.44 24.42 24.40 24.38 24.34 24.30 24.24 24.17 24.08 23.97 23.84 23.70 23.52 23.34
23.45 23.37 23.29 23.25 23.23 23.21 23.20 23.19 23.16 23.14 23.10 23.08 23.03 23.01 23.01 23.05 23.10 23.14 23.18 23.22 23.26 23.30 23.34 23.38 23.42 23.46 23.50 23.53 23.56 23.60 23.63 23.67 23.70 23.73 23.77 23.80 23.83 23.86 23.88 23.91 23.95 23.97 24.00 24.02 24.04 24.07 24.09 24.10 24.12 24.14 24.17 24.18 24.19 24.21 24.22 24.23 24.25 24.25 24.26 24.26 24.26 24.26 24.25 24.24 24.24 24.22 24.20 24.16 24.12 24.06 23.99 23.92 23.82 23.70 23.58 23.42 23.25
23.43 23.35 23.27 23.19 23.16 23.15 23.14 23.11 23.09 23.07 23.05 23.01 22.98 22.94 22.92 22.93 22.97 23.01 23.04 23.09 23.13 23.16 23.20 23.24 23.28 23.32 23.35 23.38 23.42 23.46 23.49 23.53 23.56 23.58 23.61 23.64 23.67 23.70 23.73 23.75 23.78 23.81 23.83 23.85 23.87 23.89 23.91 23.93 23.95 23.97 23.99 24.01 24.02 24.03 24.04 24.05 24.06 24.07 24.07 24.07 24.07 24.07 24.07 24.06 24.05 24.03 24.01 23.98 23.93 23.88 23.83 23.76 23.67 23.56 23.45 23.32 23.17
23.41 23.33 23.25 23.17 23.10 23.08 23.06 23.05 23.02 23.00 22.98 22.94 22.92 22.89 22.85 22.83 22.84 22.88 22.91 22.95 23.00 23.03 23.07 23.11 23.14 23.17 23.21 23.25 23.28 23.31 23.34 23.37 23.41 23.44 23.47 23.50 23.52 23.55 23.57 23.60 23.62 23.65 23.67 23.69 23.71 23.73 23.75 23.77 23.79 23.80 23.82 23.82 23.85 23.85 23.86 23.87 23.87 23.88 23.88 23.89 23.89 23.88 23.88 23.87 23.86 23.84 23.82 23.79 23.75 23.71 23.65 23.59 23.51 23.43 23.32 23.20 23.07
23.39 23.31 23.23 23.15 23.07 23.01 22.99 22.97 22.95 22.94 22.91 22.89 22.85 22.83 22.78 22.75 22.72 22.75 22.79 22.82 22.86 22.89 22.93 22.97 23.00 23.04 23.07 23.11 23.13 23.17 23.20 23.22 23.25 23.29 23.32 23.34 23.36 23.39 23.42 23.44 23.47 23.49 23.51 23.52 23.54 23.56 23.58 23.60 23.62 23.63 23.64 23.65 23.66 23.67 23.68 23.69 23.70 23.70 23.69 23.70 23.70 23.70 23.69 23.67 23.66 23.65 23.62 23.60 23.56 23.53 23.47 23.42 23.35 23.27 23.18 23.08 22.97
23.37 23.30 23.22 23.14 23.06 22.97 22.92 22.91 22.89 22.86 22.85 22.82 22.80 22.76 22.73 22.69 22.66 22.63 22.66 22.69 22.73 22.76 22.80 22.83 22.86 22.90 22.92 22.96 22.99 23.02 23.05 23.08 23.11 23.13 23.16 23.19 23.22 23.23 23.26 23.28 23.31 23.33 23.34 23.36 23.38 23.40 23.41 23.43 23.44 23.46 23.47 23.47 23.48 23.49 23.50 23.50 23.51 23.51 23.52 23.51 23.51 23.51 23.49 23.49 23.48 23.45 23.44 23.41 23.38 23.34 23.29 23.24 23.18 23.11 23.03 22.94 22.85
23.34 23.28 23.21 23.13 23.04 22.96 22.88 22.83 22.82 22.80 22.78 22.76 22.73 22.70 22.67 22.63 22.60 22.56 22.54 22.56 22.59 22.62 22.66 22.69 22.73 22.76 22.79 22.82 22.85 22.88 22.91 22.93 22.96 22.99 23.01 23.04 23.06 23.08 23.10 23.13 23.14 23.16 23.18 23.20 23.21 23.23 23.25 23.26 23.27 23.28 23.30 23.30 23.31 23.32 23.33 23.32 23.33 23.32 23.33 23.33 23.32 23.32 23.30 23.30 23.28 23.27 23.24 23.21 23.19 23.15 23.11 23.06 23.01 22.95 22.88 22.80 22.71
23.32 23.25 23.18 23.12 23.04 22.95 22.86 22.79 22.75 22.72 22.71 22.69 22.66 22.64 22.61 22.57 22.54 22.50 22.47 22.44 22.46 22.49 22.53 22.55 22.59 22.62 22.65 22.67 22.71 22.74 22.76 22.79 22.81 22.84 22.87 22.88 22.91 22.92 22.95 22.97 22.98 23.00 23.02 23.03 23.05 23.07 23.08 23.09 23.09 23.11 23.12 23.12 23.13 23.14 23.14 23.14 23.14 23.14 23.14 23.14 23.13 23.12 23.11 23.11 23.09 23.07 23.05 23.03 23.00 22.96 22.93 22.88 22.84 22.78 22.71 22.65 22.57
23.29 23.23 23.17 23.10 23.02 22.95 22.86 22.77 22.69 22.66 22.64 22.62 22.60 22.58 22.55 22.52 22.48 22.44 22.41 22.37 22.35 22.36 22.38 22.42 22.45 22.48 22.51 22.54 22.57 22.59 22.61 22.64 22.67 22.69 22.71 22.73 22.75 22.77 22.79 22.81 22.83 22.85 22.86 22.87 22.89 22.90 22.91 22.92 22.93 22.93 22.94 22.95 22.95 22.95 22.96 22.96 22.96 22.95 22.96 22.95 22.95 22.93 22.92 22.91 22.90 22.88 22.85 22.83 22.80 22.77 22.74 22.70 22.66 22.60 22.55 22.49 22.42
23.27 23.21 23.15 23.08 23.01 22.93 22.86 22.77 22.68 22.60 22.57 22.56 22.53 22.51 22.48 22.46 22.42 22.39 22.36 22.31 22.28 22.24 22.25 22.28 22.31 22.34 22.37 22.40 22.42 22.45 22.47 22.49 22.52 22.54 22.56 22.59 22.60 22.61 22.64 22.65 22.67 22.69 22.70 22.71 22.72 22.74 22.74 22.75 22.76 22.77 22.77 22.77 22.78 22.77 22.78 22.78 22.78 22.77 22.76 22.76 22.75 22.74 22.73 22.71 22.70 22.68 22.66 22.64 22.61 22.58 22.54 22.51 22.47 22.42 22.37 22.31 22.25
23.24 23.18 23.12 23.07 23.00 22.93 22.85 22.77 22.68 22.58 22.52 22.48 22.46 22.45 22.42 22.39 22.36 22.34 22.30 22.26 22.22 22.18 22.14 22.15 22.17 22.20 22.23 22.25 22.28 22.30 22.33 22.35 22.36 22.39 22.41 22.43 22.44 22.47 22.48 22.50 22.51 22.52 22.54 22.54 22.56 22.56 22.58 22.58 22.58 22.59 22.59 22.60 22.60 22.60 22.60 22.60 22.59 22.59 22.58 22.57 22.56 22.55 22.54 22.53 22.51 22.49 22.46 22.44 22.41 22.39 22.36 22.31 22.28 22.23 22.19 22.13 22.08
23.21 23.16 23.10 23.05 22.98 22.91 22.85 22.77 22.68 22.59 22.50 22.42 22.39 22.38 22.35 22.33 22.30 22.27 22.24 22.20 22.16 22.12 22.08 22.05 22.05 22.06 22.08 22.11 22.13 22.16 22.18 22.20 22.22 22.24 22.26 22.28 22.29 22.31 22.32 22.33 22.35 22.36 22.38 22.38 22.39 22.40 22.41 22.41 22.42 22.42 22.42 22.43 22.42 22.42 22.42 22.42 22.41 22.40 22.39 22.38 22.38 22.37 22.35 22.34 22.32 22.30 22.27 22.25 22.22 22.20 22.16 22.13 22.09 22.04 22.00 21.95 21.90
23.18 23.13 23.08 23.03 22.97 22.90 22.83 22.76 22.68 22.59 22.51 22.42 22.34 22.30 22.28 22.26 22.24 22.21 22.18 22.14 22.11 22.07 22.03 21.98 21.95 21.93 21.95 21.96 21.99 22.01 22.03 22.06 22.07 22.09 22.11 22.12 22.14 22.16 22.17 22.18 22.19 22.20 22.21 22.22 22.23 22.23 22.24 22.25 22.25 22.25 22.25 22.25 22.25 22.24 22.24 22.24 22.23 22.22 22.21 22.20 22.19 22.17 22.16 22.14 22.13 22.10 22.08 22.05 22.03 22.00 21.97 21.93 21.89 21.85 21.81 21.76 21.71
23.14 23.10 23.05 23.00 22.95 22.89 22.83 22.76 22.68 22.60 22.51 22.42 22.33 22.25 22.21 22.20 22.17 22.15 22.12 22.08 22.05 22.02 21.97 21.93 21.88 21.85 21.82 21.83 21.85 21.87 21.89 21.91 21.92 21.94 21.96 21.97 21.99 22.00 22.01 22.02 22.04 22.04 22.05 22.05 22.07 22.07 22.07 22.07 22.08 22.08 22.08 22.08 22.07 22.07 22.06 22.05 22.05 22.04 22.02 22.01 22.00 21.98 21.97 21.95 21.93 21.91 21.88 21.86 21.83 21.80 21.77 21.74 21.70 21.66 21.61 21.57 21.52
23.11 23.07 23.03 22.98 22.93 22.87 22.81 22.74 22.67 22.60 22.51 22.43 22.33 22.24 22.17 22.13 22.10 22.08 22.05 22.02 21.99 21.96 21.92 21.88 21.83 21.78 21.74 21.71 21.71 21.72 21.74 21.76 21.78 21.79 21.80 21.83 21.84 21.85 21.86 21.86 21.88 21.89 21.89 21.89 21.90 21.91 21.91 21.91 21.91 21.91 21.90 21.90 21.89 21.89 21.88 21.87 21.86 21.85 21.84 21.83 21.82 21.80 21.77 21.76 21.74 21.72 21.69 21.67 21.63 21.61 21.57 21.54 21.50 21.46 21.41 21.37 21.32
23.08 23.04 23.00 22.96 22.91 22.86 22.80 22.74 22.67 22.60 22.52 22.44 22.35 22.26 22.16 22.08 22.03 22.01 21.98 21.95 21.92 21.89 21.86 21.82 21.78 21.73 21.68 21.63 21.60 21.59 21.60 21.61 21.63 21.64 21.66 21.67 21.68 21.69 21.70 21.71 21.71 21.73 21.73 21.73 21.74 21.74 21.74 21.74 21.74 21.73 21.73 21.72 21.72 21.71 21.70 21.69 21.68 21.67 21.66 21.65 21.62 21.61 21.59 21.57 21.55 21.53 21.50 21.47 21.44 21.41 21.38 21.34 21.30 21.26 21.22 21.18 21.14
23.05 23.00 22.97 22.93 22.88 22.83 22.78 22.72 22.66 22.59 22.52 22.44 22.36 22.27 22.18 22.08 21.99 21.94 21.91 21.89 21.86 21.83 21.80 21.77 21.73 21.68 21.64 21.59 21.53 21.49 21.46 21.46 21.49 21.50 21.51 21.52 21.53 21.54 21.54 21.55 21.55 21.56 21.57 21.57 21.58 21.58 21.58 21.57 21.57 21.57 21.56 21.56 21.55 21.54 21.53 21.52 21.51 21.49 21.48 21.46 21.44 21.43 21.40 21.38 21.36 21.33 21.30 21.28 21.25 21.21 21.19 21.15 21.11 21.07 21.02 20.98 20.93
23.00 22.97 22.94 22.90 22.86 22.81 22.76 22.70 22.64 22.58 22.51 22.44 22.36 22.28 22.19 22.10 22.00 21.91 21.85 21.82 21.79 21.76 21.73 21.70 21.67 21.63 21.59 21.54 21.49 21.44 21.39 21.34 21.34 21.35 21.36 21.36 21.37 21.38 21.39 21.39 21.40 21.40 21.41 21.40 21.42 21.42 21.40 21.40 21.40 21.39 21.39 21.38 21.38 21.37 21.36 21.34 21.33 21.31 21.30 21.28 21.26 21.23 21.22 21.19 21.17 21.14 21.12 21.08 21.05 21.02 20.98 20.95 20.91 20.87 20.83 20.78 20.73
22.96 22.94 22.91 22.86 22.82 22.78 22.74 22.69 22.63 22.58 22.51 22.45 22.37 22.30 22.20 22.11 22.02 21.92 21.83 21.76 21.72 21.69 21.67 21.63 21.60 21.56 21.52 21.48 21.43 21.38 21.33 21.27 21.24 21.21 21.20 21.21 21.23 21.22 21.24 21.25 21.24 21.24 21.24 21.24 21.24 21.24 21.24 21.24 21.23 21.23 21.21 21.21 21.20 21.19 21.18 21.16 21.15 21.13 21.11 21.10 21.08 21.05 21.04 21.01 20.98 20.96 20.92 20.89 20.86 20.82 20.80 20.75 20.71 20.67 20.63 20.59 20.54
22.93 22.89 22.86 22.83 22.80 22.76 22.72 22.66 22.61 22.56 22.50 22.44 22.37 22.30 22.22 22.14 22.05 21.95 21.84 21.75 21.67 21.63 21.60 21.57 21.54 21.50 21.46 21.42 21.38 21.33 21.28 21.23 21.18 21.12 21.08 21.07 21.07 21.08 21.08 21.08 21.08 21.08 21.08 21.08 21.08 21.08 21.08 21.08 21.06 21.06 21.05 21.04 21.02 21.01 21.00 20.99 20.97 20.96 20.93 20.92 20.89 20.87 20.84 20.82 20.79 20.76 20.73 20.71 20.67 20.64 20.60 20.55 20.52 20.48 20.44 20.39 20.34
22.88 22.85 22.83 22.80 22.76 22.72 22.69 22.64 22.60 22.55 22.48 22.43 22.36 22.30 22.22 22.15 22.06 21.97 21.88 21.77 21.67 21.58 21.53 21.50 21.47 21.44 21.40 21.37 21.33 21.28 21.24 21.18 21.12 21.07 21.01 20.96 20.93 20.93 20.93 20.93 20.92 20.92 20.93 20.92 20.92 20.92 20.92 20.90 20.90 20.89 20.88 20.87 20.86 20.85 20.83 20.81 20.79 20.78 20.75 20.74 20.71 20.68 20.66 20.63 20.60 20.58 20.55 20.51 20.48 20.44 20.41 20.37 20.32 20.28 20.24 20.19 20.15
22.83 22.81 22.78 22.76 22.73 22.70 22.66 22.61 22.57 22.53 22.48 22.42 22.35 22.29 22.22 22.15 22.07 21.99 21.89 21.80 21.70 21.60 21.51 21.44 21.41 21.37 21.34 21.30 21.26 21.22 21.18 21.13 21.08 21.03 20.96 20.90 20.85 20.80 20.78 20.78 20.78 20.77 20.77 20.76 20.76 20.75 20.75 20.74 20.73 20.72 20.71 20.70 20.68 20.67 20.65 20.64 20.61 20.60 20.57 20.56 20.53 20.50 20.48 20.45 20.42 20.39 20.35 20.32 20.28 20.25 20.21 20.17 20.14 20.09 20.05 20.00 19.95
22.79 22.76 22.74 22.72 22.70 22.66 22.63 22.59 22.55 22.50 22.45 22.41 22.35 22.29 22.22 22.15 22.08 22.00 21.92 21.83 21.73 21.63 21.53 21.43 21.35 21.30 21.27 21.23 21.20 21.16 21.12 21.08 21.02 20.97 20.92 20.86 20.80 20.74 20.68 20.64 20.62 20.61 20.61 20.61 20.60 20.59 20.58 20.58 20.56 20.55 20.54 20.53 20.52 20.49 20.48 20.46 20.44 20.42 20.39 20.38 20.35 20.32 20.30 20.27 20.24 20.20 20.17 20.14 20.10 20.07 20.02 19.98 19.94 19.89 19.85 19.80 19.76
22.74 22.72 22.70 22.67 22.65 22.63 22.59 22.56 22.52 22.48 22.44 22.38 22.34 22.28 22.22 22.15 22.09 22.01 21.94 21.86 21.76 21.67 21.57 21.47 21.36 21.26 21.21 21.17 21.13 21.09 21.05 21.01 20.97 20.92 20.86 20.81 20.76 20.70 20.63 20.57 20.51 20.48 20.45 20.45 20.43 20.43 20.42 20.41 20.40 20.39 20.37 20.36 20.34 20.33 20.30 20.28 20.27 20.24 20.21 20.20 20.17 20.14 20.11 20.09 20.06 20.02 19.99 19.95 19.91 19.87 19.83 19.80 19.75 19.71 19.66 19.62 19.56
22.69 22.68 22.65 22.64 22.62 22.58 22.56 22.53 22.49 22.45 22.41 22.37 22.32 22.27 22.21 22.16 22.08 22.02 21.95 21.86 21.78 21.70 21.60 21.51 21.40 21.29 21.19 21.12 21.06 21.03 20.99 20.95 20.90 20.86 20.81 20.76 20.70 20.65 20.59 20.52 20.46 20.40 20.33 20.30 20.27 20.27 20.26 20.24 20.23 20.22 20.21 20.19 20.17 20.15 20.13 20.11 20.09 20.06 20.04 20.02 19.99 19.96 19.93 19.90 19.86 19.83 19.80 19.76 19.73 19.69 19.64 19.60 19.56 19.51 19.47 19.42 19.37
22.64 22.62 22.61 22.59 22.57 22.55 22.51 22.49 22.46 22.43 22.38 22.35 22.30 22.25 22.20 22.15 22.08 22.02 21.95 21.88 21.80 21.72 21.63 21.54 21.44 21.34 21.23 21.12 21.02 20.97 20.92 20.88 20.84 20.80 20.75 20.70 20.66 20.60 20.54 20.47 20.41 20.35 20.28 20.21 20.15 20.12 20.09 20.08 20.07 20.05 20.03 20.02 20.00 19.99 19.96 19.94 19.91 19.89 19.87 19.84 19.81 19.78 19.75 19.72 19.68 19.65 19.61 19.58 19.54 19.50 19.46 19.42 19.37 19.33 19.28 19.24 19.19
22.58 22.57 22.55 22.54 22.53 22.50 22.48 22.46 22.42 22.39 22.36 22.32 22.28 22.24 22.18 22.13 22.08 22.01 21.95 21.89 21.81 21.74 21.66 21.56 21.48 21.38 21.27 21.17 21.06 20.95 20.87 20.82 20.77 20.73 20.69 20.64 20.60 20.55 20.49 20.43 20.37 20.31 20.24 20.17 20.09 20.03 19.96 19.93 19.90 19.89 19.87 19.85 19.83 19.81 19.79 19.77 19.74 19.72 19.69 19.66 19.63 19.61 19.58 19.54 19.50 19.47 19.43 19.40 19.36 19.31 19.28 19.23 19.19 19.14 19.10 19.05 18.99
22.53 22.52 22.51 22.50 22.47 22.46 22.44 22.41 22.39 22.35 22.32 22.29 22.25 22.21 22.17 22.12 22.07 22.01 21.95 21.89 21.82 21.75 21.68 21.59 21.51 21.42 21.32 21.22 21.11 21.00 20.89 20.78 20.72 20.67 20.62 20.58 20.53 20.49 20.43 20.38 20.32 20.26 20.19 20.13 20.06 19.99 19.91 19.85 19.78 19.73 19.71 19.68 19.66 19.64 19.62 19.59 19.57 19.54 19.52 19.49 19.46 19.43 19.40 19.36 19.32 19.29 19.25 19.22 19.17 19.13 19.10 19.05 19.01 18.96 18.91 18.86 18.81
22.48 22.46 22.46 22.44 22.43 22.42 22.39 22.37 22.34 22.32 22.29 22.26 22.23 22.18 22.15 22.10 22.05 22.00 21.94 21.89 21.82 21.76 21.69 21.61 21.53 21.44 21.35 21.26 21.16 21.06 20.94 20.83 20.71 20.62 20.57 20.51 20.47 20.42 20.37 20.32 20.27 20.21 20.15 20.08 20.01 19.95 19.88 19.81 19.73 19.65 19.58 19.54 19.50 19.47 19.45 19.43 19.40 19.37 19.34 19.31 19.28 19.25 19.22 19.19 19.14 19.11 19.07 19.04 18.99 18.95 18.91 18.87 18.82 18.78 18.72 18.67 18.62
22.42 22.41 22.40 22.39 22.38 22.36 22.34 22.32 22.31 22.28 22.25 22.22 22.19 22.15 22.12 22.08 22.03 21.99 21.93 21.88 21.83 21.76 21.70 21.62 21.55 21.47 21.39 21.29 21.20 21.11 21.00 20.90 20.78 20.67 20.55 20.47 20.40 20.36 20.31 20.25 20.21 20.15 20.10 20.03 19.98 19.91 19.84 19.76 19.70 19.62 19.54 19.47 19.39 19.33 19.29 19.25 19.22 19.19 19.17 19.14 19.10 19.07 19.04 19.01 18.97 18.93 18.89 18.86 18.81 18.77 18.72 18.68 18.63 18.59 18.54 18.49 18.44
22.36 22.36 22.35 22.33 22.32 22.31 22.29 22.28 22.26 22.24 22.21 22.19 22.15 22.13 22.09 22.05 22.01 21.97 21.92 21.87 21.82 21.76 21.70 21.63 21.56 21.49 21.41 21.32 21.24 21.15 21.05 20.95 20.85 20.73 20.62 20.50 20.39 20.31 20.24 20.20 20.14 20.10 20.04 19.98 19.93 19.86 19.79 19.73 19.66 19.58 19.51 19.43 19.35 19.27 19.19 19.12 19.07 19.03 19.00 18.97 18.94 18.90 18.86 18.83 18.79 18.76 18.71 18.68 18.63 18.59 18.54 18.50 18.45 18.40 18.36 18.31 18.26
22.30 22.29 22.29 22.28 22.27 22.26 22.25 22.23 22.22 22.19 22.17 22.15 22.12 22.09 22.06 22.02 21.99 21.94 21.91 21.85 21.81 21.75 21.70 21.63 21.57 21.50 21.43 21.35 21.26 21.18 21.09 21.00 20.90 20.80 20.68 20.57 20.45 20.33 20.22 20.14 20.08 20.03 19.98 19.92 19.87 19.81 19.74 19.68 19.62 19.55 19.47 19.40 19.32 19.24 19.15 19.08 18.99 18.92 18.85 18.80 18.76 18.73 18.69 18.65 18.62 18.58 18.54 18.50 18.46 18.41 18.36 18.32 18.27 18.22 18.18 18.13 18.08
22.24 22.24 22.23 22.23 22.21 22.21 22.19 22.18 22.16 22.14 22.13 22.10 22.08 22.05 22.03 21.99 21.96 21.92 21.88 21.84 21.79 21.74 21.69 21.63 21.58 21.51 21.44 21.37 21.29 21.22 21.13 21.04 20.95 20.85 20.75 20.64 20.52 20.41 20.29 20.17 20.06 19.98 19.91 19.86 19.81 19.75 19.69 19.63 19.57 19.50 19.43 19.36 19.29 19.21 19.13 19.05 18.97 18.88 18.80 18.71 18.64 18.57 18.53 18.49 18.45 18.40 18.37 18.32 18.28 18.23 18.20 18.15 18.10 18.06 18.00 17.95 17.90
22.18 22.18 22.17 22.16 22.16 22.15 22.14 22.13 22.11 22.10 22.07 22.06 22.03 22.02 21.98 21.96 21.93 21.89 21.86 21.81 21.77 21.72 21.68 21.63 21.58 21.51 21.44 21.38 21.31 21.24 21.16 21.07 20.99 20.90 20.80 20.70 20.60 20.48 20.38 20.25 20.13 20.00 19.90 19.81 19.75 19.69 19.64 19.58 19.52 19.45 19.39 19.32 19.25 19.18 19.10 19.02 18.94 18.86 18.78 18.69 18.60 18.52 18.43 18.35 18.29 18.25 18.19 18.15 18.10 18.07 18.02 17.97 17.92 17.88 17.83 17.77 17.72
