datasets/raw/temp/2019110520191105.grid
ncols 886
nrows 691
xllcenter 112.0000
yllcenter -44.5000
cellsize 0.0500
nodata_value 99999.90
[rows 544 to 577 of 691, columns 231 to 307 of 886]
16.07 16.09 16.11 16.14 16.16 16.19 16.20 16.23 16.26 16.29 16.32 16.35 16.37 16.41 16.44 16.48 16.50 16.54 16.57 16.61 16.65 16.69 16.73 16.77 16.82 16.86 16.90 16.95 16.99 17.04 17.08 17.11 17.16 17.20 17.23 17.27 17.31 17.34 17.38 17.41 17.44 17.48 17.51 17.53 17.56 17.59 17.61 17.64 17.66 17.68 17.70 17.72 17.74 17.76 17.78 17.80 17.81 17.83 17.84 17.85 17.86 17.87 17.88 17.89 17.90 17.91 17.91 17.92 17.92 17.92 17.92 17.92 17.92 17.92 17.92 17.92 17.91
16.02 16.04 16.06 16.09 16.11 16.13 16.16 16.17 16.20 16.23 16.26 16.28 16.32 16.34 16.37 16.40 16.43 16.47 16.49 16.53 16.57 16.60 16.65 16.68 16.73 16.77 16.82 16.85 16.89 16.93 16.97 17.01 17.05 17.08 17.11 17.16 17.19 17.22 17.26 17.29 17.32 17.34 17.37 17.40 17.42 17.45 17.48 17.50 17.52 17.54 17.56 17.58 17.60 17.61 17.63 17.65 17.66 17.67 17.68 17.70 17.71 17.72 17.72 17.73 17.74 17.74 17.75 17.75 17.76 17.76 17.76 17.76 17.76 17.76 17.75 17.75 17.75
15.97 15.99 16.01 16.03 16.05 16.07 16.10 16.11 16.14 16.16 16.19 16.22 16.24 16.26 16.30 16.33 16.36 16.39 16.42 16.45 16.49 16.52 16.56 16.61 16.64 16.69 16.72 16.76 16.80 16.83 16.88 16.91 16.94 16.98 17.01 17.04 17.07 17.11 17.13 17.16 17.19 17.22 17.25 17.27 17.29 17.32 17.34 17.37 17.39 17.41 17.42 17.44 17.46 17.47 17.49 17.50 17.51 17.52 17.54 17.55 17.55 17.56 17.57 17.58 17.58 17.59 17.59 17.59 17.60 17.60 17.60 17.60 17.60 17.60 17.59 17.59 17.58
15.92 15.94 15.95 15.97 15.99 16.01 16.03 16.06 16.08 16.09 16.12 16.14 16.17 16.20 16.22 16.25 16.28 16.31 16.34 16.38 16.41 16.45 16.48 16.52 16.56 16.60 16.63 16.67 16.70 16.74 16.77 16.80 16.84 16.87 16.90 16.94 16.96 16.99 17.02 17.05 17.07 17.10 17.12 17.15 17.17 17.19 17.21 17.23 17.25 17.26 17.29 17.31 17.32 17.33 17.35 17.36 17.37 17.38 17.39 17.40 17.41 17.42 17.42 17.43 17.43 17.44 17.44 17.44 17.44 17.44 17.44 17.44 17.44 17.44 17.44 17.43 17.43
15.86 15.88 15.89 15.91 15.93 15.95 15.97 15.99 16.01 16.03 16.05 16.07 16.10 16.12 16.15 16.17 16.20 16.23 16.26 16.30 16.33 16.37 16.41 16.44 16.48 16.51 16.55 16.58 16.62 16.65 16.68 16.71 16.74 16.77 16.80 16.82 16.86 16.88 16.91 16.93 16.96 16.98 17.00 17.02 17.04 17.07 17.09 17.10 17.12 17.14 17.15 17.17 17.18 17.20 17.21 17.22 17.23 17.24 17.25 17.26 17.27 17.27 17.28 17.28 17.29 17.29 17.29 17.30 17.30 17.30 17.30 17.29 17.29 17.29 17.30 17.29 17.29
15.80 15.82 15.83 15.85 15.87 15.88 15.90 15.92 15.94 15.96 15.98 16.01 16.02 16.05 16.07 16.10 16.12 16.16 16.20 16.23 16.27 16.30 16.33 16.37 16.40 16.44 16.46 16.50 16.53 16.56 16.59 16.61 16.65 16.67 16.70 16.73 16.75 16.77 16.80 16.82 16.84 16.87 16.89 16.91 16.93 16.94 16.96 16.98 17.00 17.01 17.03 17.04 17.05 17.07 17.08 17.09 17.10 17.11 17.12 17.12 17.13 17.14 17.14 17.14 17.15 17.15 17.15 17.15 17.15 17.16 17.16 17.16 17.16 17.15 17.15 17.15 17.14
15.75 15.77 15.78 15.79 15.81 15.83 15.84 15.86 15.87 15.89 15.91 15.93 15.96 15.97 16.00 16.03 16.07 16.09 16.13 16.17 16.19 16.23 16.25 16.29 16.33 16.35 16.39 16.41 16.44 16.47 16.50 16.52 16.55 16.58 16.60 16.62 16.65 16.67 16.69 16.72 16.74 16.75 16.77 16.80 16.81 16.83 16.84 16.86 16.88 16.89 16.91 16.92 16.93 16.94 16.95 16.97 16.97 16.98 16.99 16.99 17.00 17.00 17.01 17.01 17.01 17.01 17.02 17.03 17.03 17.02 17.02 17.02 17.02 17.01 17.01 17.01 17.00
15.69 15.70 15.71 15.73 15.74 15.76 15.77 15.79 15.81 15.83 15.83 15.86 15.88 15.91 15.94 15.97 16.00 16.04 16.06 16.10 16.13 16.15 16.19 16.21 16.24 16.28 16.30 16.33 16.35 16.39 16.41 16.44 16.46 16.48 16.51 16.53 16.55 16.57 16.59 16.61 16.63 16.65 16.67 16.68 16.71 16.72 16.73 16.74 16.76 16.78 16.79 16.80 16.81 16.82 16.83 16.84 16.85 16.86 16.86 16.87 16.87 16.87 16.88 16.89 16.89 16.89 16.89 16.89 16.89 16.89 16.89 16.89 16.88 16.88 16.87 16.87 16.86
15.62 15.63 15.65 15.66 15.67 15.69 15.70 15.72 15.73 15.75 15.77 15.80 15.82 15.85 15.89 15.92 15.95 15.97 16.00 16.04 16.06 16.09 16.11 16.14 16.17 16.19 16.23 16.25 16.28 16.30 16.32 16.34 16.36 16.39 16.41 16.44 16.45 16.48 16.49 16.51 16.52 16.55 16.56 16.58 16.59 16.61 16.62 16.63 16.64 16.66 16.67 16.68 16.69 16.70 16.71 16.72 16.73 16.73 16.74 16.74 16.75 16.75 16.75 16.76 16.76 16.76 16.76 16.76 16.76 16.76 16.76 16.76 16.75 16.76 16.75 16.75 16.74
15.57 15.58 15.59 15.60 15.61 15.62 15.64 15.65 15.66 15.69 15.72 15.75 15.78 15.81 15.83 15.86 15.89 15.92 15.94 15.97 16.00 16.02 16.05 16.07 16.09 16.12 16.14 16.17 16.19 16.22 16.23 16.26 16.28 16.30 16.32 16.35 16.36 16.38 16.39 16.41 16.43 16.45 16.46 16.47 16.49 16.51 16.52 16.53 16.54 16.56 16.56 16.57 16.58 16.59 16.59 16.61 16.61 16.62 16.62 16.62 16.63 16.64 16.64 16.64 16.64 16.64 16.64 16.64 16.64 16.64 16.64 16.64 16.64 16.63 16.63 16.62 16.61
15.50 15.51 15.52 15.53 15.54 15.55 15.57 15.59 15.62 15.65 15.67 15.70 15.72 15.75 15.78 15.80 15.82 15.85 15.88 15.91 15.92 15.95 15.98 16.00 16.03 16.04 16.07 16.09 16.11 16.14 16.15 16.17 16.19 16.21 16.23 16.25 16.27 16.28 16.30 16.32 16.33 16.34 16.36 16.38 16.39 16.40 16.41 16.42 16.43 16.45 16.46 16.46 16.47 16.47 16.49 16.49 16.50 16.50 16.50 16.51 16.52 16.52 16.52 16.52 16.52 16.52 16.52 16.53 16.53 16.52 16.52 16.52 16.51 16.51 16.50 16.50 16.50
15.44 15.44 15.45 15.47 15.48 15.51 15.53 15.55 15.57 15.60 15.62 15.65 15.67 15.70 15.72 15.74 15.77 15.79 15.81 15.84 15.86 15.89 15.91 15.93 15.95 15.97 16.00 16.01 16.04 16.05 16.08 16.09 16.11 16.13 16.15 16.16 16.17 16.20 16.21 16.23 16.24 16.25 16.27 16.28 16.29 16.30 16.31 16.32 16.33 16.34 16.35 16.36 16.36 16.37 16.38 16.38 16.39 16.39 16.39 16.40 16.41 16.41 16.41 16.41 16.41 16.41 16.41 16.41 16.41 16.41 16.40 16.40 16.40 16.40 16.39 16.39 16.38
15.37 15.38 15.39 15.41 15.44 15.46 15.48 15.51 15.53 15.55 15.58 15.60 15.62 15.64 15.67 15.69 15.71 15.73 15.75 15.78 15.80 15.82 15.84 15.86 15.88 15.90 15.92 15.94 15.95 15.98 15.99 16.01 16.02 16.05 16.06 16.08 16.09 16.11 16.12 16.13 16.15 16.16 16.17 16.18 16.19 16.20 16.22 16.22 16.23 16.24 16.25 16.25 16.26 16.26 16.28 16.28 16.28 16.28 16.29 16.30 16.30 16.30 16.30 16.30 16.30 16.30 16.30 16.30 16.29 16.30 16.30 16.29 16.29 16.28 16.28 16.27 16.27
15.32 15.34 15.36 15.38 15.40 15.42 15.44 15.47 15.49 15.51 15.52 15.55 15.57 15.59 15.61 15.64 15.65 15.67 15.70 15.71 15.73 15.75 15.78 15.79 15.81 15.82 15.85 15.87 15.88 15.90 15.91 15.93 15.94 15.97 15.98 16.00 16.00 16.01 16.03 16.04 16.06 16.07 16.07 16.09 16.10 16.10 16.12 16.13 16.13 16.15 16.15 16.15 16.16 16.17 16.17 16.17 16.18 16.19 16.19 16.19 16.19 16.19 16.20 16.20 16.19 16.19 16.19 16.20 16.19 16.19 16.18 16.18 16.17 16.18 16.17 16.17 16.16
15.28 15.30 15.31 15.33 15.35 15.37 15.39 15.41 15.44 15.46 15.48 15.50 15.52 15.54 15.55 15.57 15.60 15.62 15.63 15.65 15.67 15.69 15.70 15.73 15.75 15.76 15.78 15.79 15.81 15.83 15.84 15.86 15.87 15.89 15.90 15.91 15.92 15.93 15.95 15.95 15.97 15.98 15.98 16.00 16.01 16.01 16.03 16.03 16.04 16.05 16.05 16.06 16.07 16.07 16.07 16.07 16.08 16.08 16.08 16.08 16.09 16.09 16.09 16.09 16.09 16.09 16.09 16.09 16.08 16.08 16.09 16.08 16.07 16.07 16.06 16.06 16.06
15.24 15.26 15.28 15.30 15.32 15.33 15.35 15.37 15.39 15.41 15.43 15.45 15.46 15.48 15.50 15.52 15.54 15.55 15.57 15.59 15.61 15.62 15.64 15.66 15.67 15.69 15.71 15.72 15.74 15.75 15.76 15.78 15.79 15.80 15.82 15.82 15.84 15.85 15.86 15.87 15.89 15.89 15.90 15.91 15.92 15.93 15.93 15.94 15.95 15.95 15.96 15.96 15.97 15.97 15.97 15.98 15.98 15.98 15.98 15.99 15.99 15.99 15.99 15.99 15.99 15.99 15.99 15.98 15.98 15.98 15.98 15.97 15.97 15.96 15.97 15.96 15.95
15.21 15.23 15.24 15.26 15.28 15.29 15.31 15.33 15.35 15.37 15.38 15.39 15.41 15.43 15.45 15.47 15.48 15.49 15.51 15.53 15.54 15.56 15.58 15.60 15.60 15.62 15.63 15.65 15.67 15.67 15.69 15.70 15.72 15.72 15.74 15.74 15.76 15.77 15.78 15.79 15.80 15.81 15.81 15.83 15.83 15.84 15.85 15.85 15.86 15.86 15.86 15.88 15.88 15.88 15.88 15.89 15.89 15.89 15.90 15.89 15.89 15.89 15.90 15.89 15.89 15.89 15.88 15.89 15.89 15.88 15.88 15.88 15.87 15.87 15.86 15.86 15.86
15.16 15.18 15.20 15.21 15.24 15.24 15.27 15.28 15.29 15.31 15.33 15.34 15.36 15.38 15.39 15.40 15.42 15.44 15.45 15.47 15.48 15.50 15.51 15.53 15.54 15.56 15.56 15.58 15.60 15.60 15.62 15.62 15.64 15.65 15.66 15.68 15.68 15.69 15.70 15.71 15.72 15.72 15.74 15.74 15.74 15.75 15.76 15.76 15.77 15.77 15.78 15.78 15.78 15.79 15.79 15.79 15.79 15.80 15.80 15.80 15.79 15.80 15.80 15.80 15.79 15.80 15.79 15.79 15.78 15.79 15.78 15.78 15.77 15.78 15.77 15.76 15.75
15.13 15.14 15.15 15.17 15.18 15.20 15.21 15.23 15.24 15.26 15.28 15.29 15.31 15.32 15.34 15.35 15.36 15.38 15.40 15.40 15.42 15.44 15.45 15.46 15.47 15.49 15.50 15.51 15.53 15.53 15.55 15.55 15.57 15.57 15.59 15.59 15.60 15.62 15.62 15.62 15.64 15.64 15.65 15.66 15.66 15.67 15.67 15.68 15.68 15.68 15.69 15.69 15.69 15.70 15.70 15.70 15.71 15.71 15.70 15.71 15.71 15.71 15.70 15.71 15.71 15.70 15.70 15.70 15.70 15.69 15.68 15.69 15.68 15.68 15.67 15.67 15.66
15.09 15.10 15.11 15.13 15.14 15.15 15.17 15.18 15.20 15.21 15.23 15.24 15.26 15.26 15.28 15.29 15.31 15.32 15.34 15.34 15.36 15.37 15.39 15.39 15.41 15.42 15.43 15.44 15.46 15.46 15.48 15.48 15.49 15.51 15.51 15.51 15.53 15.54 15.54 15.55 15.56 15.56 15.57 15.57 15.58 15.58 15.60 15.60 15.60 15.61 15.61 15.60 15.61 15.61 15.61 15.62 15.62 15.61 15.62 15.62 15.62 15.62 15.62 15.61 15.61 15.62 15.61 15.61 15.61 15.60 15.60 15.59 15.60 15.59 15.58 15.57 15.58
15.05 15.06 15.07 15.08 15.10 15.11 15.12 15.14 15.15 15.16 15.18 15.19 15.20 15.21 15.22 15.24 15.25 15.27 15.28 15.28 15.30 15.31 15.33 15.33 15.34 15.36 15.36 15.38 15.39 15.39 15.41 15.41 15.42 15.43 15.44 15.45 15.45 15.46 15.47 15.48 15.48 15.49 15.49 15.49 15.50 15.50 15.51 15.51 15.52 15.52 15.52 15.53 15.53 15.52 15.53 15.53 15.53 15.53 15.53 15.53 15.53 15.53 15.53 15.53 15.53 15.52 15.52 15.52 15.52 15.51 15.51 15.51 15.50 15.49 15.50 15.49 15.48
15.00 15.01 15.03 15.04 15.05 15.06 15.07 15.09 15.10 15.11 15.13 15.14 15.14 15.15 15.17 15.18 15.19 15.21 15.21 15.22 15.24 15.25 15.26 15.27 15.28 15.29 15.30 15.31 15.32 15.32 15.34 15.35 15.35 15.36 15.36 15.37 15.38 15.39 15.39 15.40 15.40 15.41 15.41 15.42 15.42 15.43 15.43 15.44 15.44 15.44 15.44 15.44 15.44 15.45 15.45 15.45 15.45 15.45 15.45 15.45 15.44 15.45 15.45 15.44 15.44 15.44 15.44 15.43 15.43 15.43 15.42 15.41 15.42 15.41 15.40 15.40 15.40
14.96 14.97 14.98 14.99 15.00 15.01 15.03 15.04 15.05 15.06 15.07 15.09 15.09 15.10 15.11 15.12 15.14 15.15 15.16 15.16 15.18 15.19 15.20 15.20 15.21 15.23 15.23 15.24 15.25 15.25 15.27 15.28 15.28 15.29 15.29 15.30 15.30 15.31 15.31 15.32 15.33 15.33 15.34 15.34 15.34 15.35 15.35 15.36 15.36 15.36 15.36 15.36 15.37 15.36 15.37 15.37 15.36 15.37 15.37 15.36 15.37 15.36 15.36 15.36 15.36 15.35 15.36 15.35 15.34 15.35 15.34 15.33 15.33 15.33 15.32 15.31 15.31
14.91 14.93 14.94 14.95 14.96 14.97 14.98 14.99 15.00 15.01 15.02 15.03 15.03 15.04 15.06 15.07 15.08 15.09 15.10 15.10 15.11 15.13 15.14 15.14 15.15 15.16 15.16 15.17 15.18 15.20 15.20 15.21 15.21 15.22 15.23 15.23 15.24 15.24 15.25 15.25 15.26 15.26 15.26 15.26 15.27 15.27 15.28 15.28 15.28 15.28 15.28 15.29 15.28 15.29 15.29 15.28 15.29 15.28 15.28 15.29 15.28 15.29 15.28 15.27 15.28 15.27 15.27 15.26 15.26 15.26 15.25 15.25 15.25 15.24 15.24 15.23 15.22
14.87 14.88 14.89 14.90 14.91 14.92 14.93 14.94 14.95 14.96 14.97 14.98 14.98 14.99 15.00 15.01 15.02 15.03 15.04 15.04 15.05 15.06 15.07 15.09 15.09 15.10 15.11 15.11 15.12 15.13 15.13 15.14 15.15 15.15 15.16 15.16 15.17 15.16 15.17 15.18 15.18 15.19 15.19 15.20 15.19 15.20 15.20 15.21 15.20 15.20 15.21 15.20 15.21 15.21 15.20 15.21 15.20 15.21 15.21 15.20 15.20 15.20 15.19 15.20 15.19 15.19 15.19 15.18 15.18 15.18 15.17 15.17 15.17 15.16 15.15 15.15 15.15
14.82 14.83 14.84 14.85 14.86 14.87 14.88 14.88 14.89 14.90 14.91 14.92 14.93 14.94 14.94 14.95 14.96 14.97 14.98 14.99 14.99 15.00 15.01 15.02 15.02 15.03 15.04 15.04 15.05 15.06 15.07 15.07 15.08 15.08 15.09 15.09 15.09 15.10 15.10 15.11 15.11 15.11 15.11 15.12 15.12 15.12 15.12 15.13 15.12 15.13 15.13 15.13 15.13 15.13 15.13 15.13 15.13 15.13 15.12 15.13 15.12 15.13 15.12 15.11 15.12 15.11 15.10 15.11 15.10 15.10 15.10 15.09 15.09 15.08 15.08 15.08 15.07
14.77 14.78 14.79 14.80 14.81 14.81 14.82 14.83 14.84 14.85 14.86 14.87 14.88 14.89 14.88 14.89 14.90 14.91 14.92 14.93 14.93 14.94 14.95 14.96 14.97 14.97 14.98 14.98 14.98 14.99 15.00 15.00 15.01 15.02 15.01 15.02 15.03 15.03 15.04 15.03 15.04 15.04 15.05 15.04 15.05 15.05 15.05 15.05 15.06 15.05 15.06 15.05 15.06 15.05 15.05 15.06 15.05 15.05 15.05 15.04 15.05 15.04 15.05 15.04 15.03 15.04 15.03 15.02 15.03 15.02 15.01 15.01 15.01 15.01 15.00 14.99 14.99
14.72 14.73 14.74 14.75 14.75 14.76 14.77 14.78 14.79 14.79 14.80 14.81 14.82 14.83 14.84 14.85 14.84 14.85 14.86 14.87 14.88 14.88 14.89 14.89 14.90 14.90 14.91 14.92 14.93 14.92 14.93 14.94 14.94 14.95 14.95 14.95 14.96 14.96 14.96 14.97 14.97 14.97 14.97 14.98 14.97 14.98 14.98 14.98 14.98 14.98 14.98 14.99 14.98 14.98 14.98 14.98 14.98 14.97 14.98 14.97 14.97 14.97 14.96 14.97 14.96 14.95 14.96 14.95 14.95 14.94 14.94 14.94 14.93 14.92 14.93 14.92 14.91
14.67 14.68 14.69 14.69 14.70 14.71 14.72 14.72 14.73 14.74 14.75 14.75 14.76 14.77 14.78 14.79 14.79 14.79 14.80 14.81 14.82 14.82 14.82 14.83 14.84 14.85 14.85 14.85 14.86 14.87 14.86 14.87 14.88 14.88 14.88 14.89 14.89 14.89 14.89 14.90 14.89 14.90 14.91 14.90 14.91 14.91 14.91 14.91 14.91 14.91 14.91 14.91 14.91 14.91 14.90 14.91 14.90 14.90 14.90 14.90 14.90 14.89 14.89 14.89 14.89 14.88 14.88 14.88 14.87 14.87 14.86 14.86 14.86 14.85 14.85 14.84 14.83
14.62 14.63 14.64 14.64 14.65 14.66 14.66 14.67 14.68 14.68 14.69 14.70 14.70 14.71 14.72 14.73 14.73 14.74 14.74 14.75 14.75 14.76 14.77 14.78 14.77 14.78 14.79 14.79 14.79 14.80 14.81 14.80 14.81 14.82 14.81 14.82 14.83 14.82 14.83 14.83 14.83 14.84 14.83 14.84 14.83 14.84 14.84 14.84 14.84 14.84 14.84 14.84 14.83 14.84 14.83 14.84 14.83 14.84 14.83 14.82 14.83 14.82 14.82 14.82 14.81 14.81 14.80 14.81 14.80 14.79 14.79 14.78 14.79 14.78 14.77 14.77 14.76
14.57 14.58 14.58 14.59 14.60 14.61 14.62 14.62 14.63 14.63 14.63 14.64 14.65 14.65 14.66 14.67 14.67 14.68 14.69 14.69 14.69 14.70 14.71 14.71 14.72 14.72 14.72 14.73 14.74 14.73 14.74 14.75 14.74 14.75 14.75 14.75 14.76 14.76 14.76 14.76 14.76 14.76 14.77 14.77 14.77 14.77 14.77 14.77 14.77 14.77 14.77 14.76 14.77 14.76 14.77 14.76 14.76 14.76 14.76 14.75 14.76 14.75 14.74 14.75 14.74 14.74 14.73 14.73 14.73 14.72 14.72 14.71 14.71 14.71 14.70 14.70 14.69
14.52 14.53 14.54 14.54 14.55 14.56 14.56 14.57 14.57 14.58 14.59 14.59 14.60 14.60 14.61 14.61 14.61 14.62 14.63 14.63 14.64 14.65 14.64 14.65 14.65 14.66 14.66 14.66 14.67 14.68 14.67 14.68 14.68 14.68 14.68 14.69 14.69 14.69 14.70 14.69 14.70 14.70 14.70 14.70 14.70 14.70 14.70 14.70 14.70 14.70 14.69 14.70 14.69 14.70 14.69 14.69 14.69 14.69 14.68 14.69 14.68 14.68 14.67 14.68 14.67 14.66 14.66 14.66 14.66 14.65 14.64 14.64 14.64 14.64 14.63 14.62 14.62
14.47 14.48 14.48 14.49 14.49 14.50 14.50 14.51 14.52 14.52 14.53 14.53 14.54 14.54 14.55 14.56 14.56 14.56 14.56 14.57 14.58 14.58 14.59 14.59 14.59 14.60 14.60 14.61 14.60 14.61 14.61 14.62 14.61 14.62 14.63 14.62 14.63 14.63 14.63 14.63 14.63 14.63 14.64 14.63 14.63 14.63 14.63 14.63 14.63 14.63 14.63 14.62 14.63 14.63 14.62 14.62 14.62 14.62 14.62 14.61 14.61 14.60 14.61 14.60 14.60 14.59 14.60 14.59 14.59 14.58 14.57 14.58 14.57 14.57 14.56 14.55 14.55
14.42 14.42 14.43 14.43 14.44 14.44 14.45 14.45 14.46 14.46 14.47 14.47 14.48 14.48 14.49 14.49 14.50 14.51 14.51 14.52 14.52 14.52 14.52 14.53 14.53 14.54 14.54 14.54 14.55 14.55 14.55 14.55 14.56 14.55 14.56 14.56 14.56 14.56 14.57 14.56 14.56 14.57 14.56 14.57 14.56 14.57 14.57 14.56 14.57 14.56 14.56 14.56 14.56 14.56 14.56 14.55 14.55 14.55 14.55 14.54 14.55 14.54 14.54 14.53 14.53 14.53 14.52 14.52 14.51 14.51 14.51 14.51 14.50 14.49 14.49 14.48 14.48
