datasets/raw/temp/2019111620191116.grid
ncols 886
nrows 691
xllcenter 112.0000
yllcenter -44.5000
cellsize 0.0500
nodata_value 99999.90
[rows 68 to 101 of 691, columns 154 to 230 of 886]
30.46 30.49 30.52 30.54 30.57 30.59 30.61 30.63 30.64 30.66 30.66 30.67 30.68 30.69 30.68 30.68 30.68 30.68 30.67 30.67 30.65 30.63 30.62 30.60 30.58 30.55 30.53 30.50 30.47 30.44 30.40 30.36 30.34 30.29 30.25 30.21 30.18 30.19 30.21 30.23 30.26 30.28 30.31 30.33 30.37 30.40 30.44 30.49 30.52 30.56 30.61 30.64 30.68 30.73 30.77 30.82 30.87 30.92 30.97 31.02 31.08 31.14 31.20 31.26 31.33 31.40 31.47 31.54 31.62 31.69 31.77 31.84 31.91 31.98 32.04 32.11 32.15
30.48 30.50 30.53 30.55 30.57 30.60 30.62 30.63 30.64 30.66 30.67 30.67 30.68 30.69 30.69 30.68 30.68 30.67 30.67 30.66 30.64 30.63 30.61 30.59 30.57 30.53 30.50 30.48 30.45 30.41 30.37 30.33 30.29 30.25 30.20 30.17 30.17 30.18 30.21 30.23 30.25 30.28 30.30 30.34 30.37 30.41 30.45 30.49 30.53 30.57 30.61 30.65 30.69 30.74 30.79 30.83 30.88 30.93 30.99 31.05 31.11 31.17 31.23 31.30 31.37 31.45 31.52 31.61 31.68 31.77 31.85 31.93 32.00 32.08 32.15 32.21 32.27
30.48 30.50 30.53 30.56 30.57 30.60 30.62 30.64 30.64 30.66 30.67 30.67 30.68 30.68 30.68 30.68 30.67 30.66 30.65 30.64 30.63 30.61 30.59 30.57 30.54 30.52 30.48 30.45 30.41 30.38 30.33 30.29 30.24 30.21 30.16 30.15 30.16 30.19 30.21 30.22 30.25 30.27 30.30 30.33 30.38 30.42 30.45 30.49 30.54 30.57 30.62 30.66 30.71 30.75 30.80 30.85 30.90 30.95 31.00 31.07 31.13 31.20 31.27 31.34 31.43 31.50 31.59 31.68 31.76 31.85 31.94 32.03 32.11 32.19 32.26 32.33 32.40
30.48 30.51 30.53 30.56 30.58 30.60 30.62 30.64 30.64 30.66 30.67 30.68 30.68 30.68 30.68 30.68 30.67 30.66 30.65 30.64 30.61 30.59 30.57 30.55 30.52 30.49 30.45 30.42 30.38 30.34 30.30 30.25 30.21 30.16 30.13 30.15 30.16 30.18 30.21 30.22 30.24 30.27 30.30 30.34 30.39 30.42 30.46 30.50 30.54 30.58 30.63 30.67 30.72 30.76 30.81 30.86 30.91 30.97 31.04 31.10 31.16 31.24 31.31 31.39 31.47 31.56 31.65 31.75 31.84 31.94 32.04 32.14 32.23 32.31 32.39 32.47 32.53
30.48 30.51 30.54 30.56 30.58 30.60 30.62 30.63 30.65 30.66 30.66 30.67 30.68 30.68 30.67 30.67 30.66 30.65 30.64 30.62 30.61 30.58 30.56 30.53 30.49 30.47 30.43 30.39 30.35 30.31 30.26 30.21 30.16 30.12 30.13 30.14 30.16 30.18 30.20 30.21 30.24 30.28 30.31 30.35 30.39 30.43 30.46 30.51 30.55 30.59 30.64 30.68 30.73 30.78 30.83 30.88 30.93 30.99 31.06 31.12 31.19 31.27 31.34 31.44 31.53 31.62 31.72 31.83 31.93 32.04 32.14 32.25 32.34 32.43 32.51 32.59 32.65
30.47 30.51 30.54 30.55 30.58 30.60 30.62 30.63 30.65 30.66 30.67 30.67 30.67 30.67 30.67 30.67 30.66 30.64 30.62 30.61 30.59 30.56 30.54 30.51 30.48 30.44 30.40 30.36 30.31 30.26 30.21 30.17 30.12 30.11 30.12 30.15 30.16 30.17 30.20 30.21 30.25 30.28 30.32 30.35 30.40 30.43 30.47 30.52 30.56 30.60 30.65 30.70 30.74 30.79 30.84 30.89 30.95 31.01 31.08 31.15 31.23 31.30 31.39 31.48 31.58 31.69 31.80 31.91 32.01 32.13 32.24 32.36 32.45 32.54 32.60 32.67 32.72
30.48 30.50 30.53 30.56 30.57 30.60 30.62 30.64 30.64 30.65 30.66 30.67 30.67 30.66 30.66 30.66 30.65 30.63 30.62 30.59 30.58 30.54 30.51 30.48 30.45 30.41 30.37 30.32 30.28 30.23 30.18 30.12 30.10 30.11 30.13 30.14 30.16 30.18 30.19 30.22 30.25 30.29 30.32 30.36 30.40 30.44 30.48 30.53 30.57 30.61 30.65 30.70 30.75 30.80 30.86 30.91 30.97 31.04 31.10 31.17 31.26 31.34 31.43 31.53 31.64 31.74 31.86 31.98 32.10 32.23 32.34 32.46 32.52 32.58 32.65 32.70 32.77
30.48 30.51 30.53 30.55 30.58 30.60 30.61 30.63 30.64 30.66 30.65 30.66 30.66 30.66 30.66 30.64 30.63 30.62 30.60 30.58 30.56 30.53 30.50 30.46 30.43 30.39 30.34 30.29 30.24 30.19 30.13 30.10 30.10 30.11 30.12 30.14 30.16 30.17 30.19 30.21 30.26 30.29 30.33 30.38 30.41 30.45 30.50 30.54 30.58 30.62 30.67 30.71 30.76 30.81 30.87 30.93 30.99 31.05 31.13 31.20 31.29 31.38 31.47 31.58 31.69 31.81 31.94 32.06 32.19 32.32 32.42 32.50 32.56 32.62 32.68 32.74 32.80
30.47 30.50 30.53 30.55 30.57 30.59 30.61 30.62 30.64 30.65 30.65 30.65 30.65 30.65 30.65 30.64 30.63 30.61 30.59 30.56 30.54 30.51 30.47 30.44 30.40 30.35 30.30 30.26 30.21 30.15 30.10 30.08 30.09 30.11 30.13 30.14 30.16 30.17 30.19 30.23 30.26 30.30 30.35 30.38 30.42 30.47 30.50 30.55 30.59 30.63 30.68 30.73 30.78 30.83 30.89 30.95 31.01 31.08 31.15 31.24 31.32 31.42 31.52 31.64 31.74 31.87 32.00 32.15 32.28 32.39 32.46 32.53 32.59 32.65 32.71 32.77 32.84
30.47 30.49 30.52 30.55 30.57 30.58 30.60 30.62 30.64 30.64 30.64 30.65 30.65 30.65 30.63 30.62 30.61 30.59 30.57 30.55 30.52 30.49 30.46 30.42 30.37 30.33 30.28 30.22 30.16 30.11 30.07 30.09 30.10 30.11 30.12 30.14 30.15 30.17 30.20 30.23 30.28 30.32 30.35 30.40 30.44 30.47 30.52 30.56 30.61 30.65 30.70 30.74 30.79 30.84 30.91 30.97 31.03 31.10 31.18 31.26 31.35 31.45 31.56 31.68 31.80 31.93 32.07 32.21 32.34 32.43 32.49 32.56 32.62 32.68 32.75 32.81 32.87
30.46 30.49 30.52 30.54 30.56 30.58 30.59 30.61 30.62 30.63 30.64 30.64 30.64 30.63 30.63 30.62 30.60 30.58 30.55 30.53 30.50 30.46 30.43 30.38 30.34 30.29 30.24 30.18 30.13 30.08 30.08 30.09 30.10 30.12 30.13 30.13 30.15 30.17 30.22 30.25 30.29 30.33 30.37 30.41 30.45 30.49 30.53 30.58 30.62 30.67 30.71 30.76 30.81 30.86 30.93 30.99 31.05 31.13 31.20 31.29 31.39 31.48 31.60 31.72 31.85 31.99 32.13 32.28 32.39 32.46 32.52 32.59 32.65 32.71 32.78 32.85 32.92
30.45 30.48 30.51 30.53 30.55 30.57 30.59 30.61 30.62 30.62 30.63 30.63 30.63 30.62 30.61 30.60 30.58 30.56 30.54 30.51 30.48 30.45 30.41 30.36 30.31 30.26 30.21 30.15 30.09 30.07 30.09 30.10 30.11 30.11 30.13 30.14 30.15 30.19 30.22 30.27 30.30 30.34 30.39 30.42 30.46 30.51 30.55 30.60 30.64 30.68 30.73 30.78 30.83 30.88 30.94 31.01 31.07 31.15 31.22 31.32 31.42 31.52 31.64 31.77 31.90 32.04 32.19 32.33 32.42 32.48 32.55 32.62 32.67 32.74 32.81 32.88 32.95
30.44 30.47 30.50 30.52 30.54 30.56 30.57 30.59 30.60 30.61 30.62 30.61 30.61 30.61 30.60 30.59 30.57 30.55 30.52 30.49 30.45 30.42 30.37 30.33 30.28 30.22 30.16 30.11 30.08 30.08 30.09 30.10 30.11 30.12 30.12 30.14 30.17 30.20 30.24 30.29 30.32 30.36 30.40 30.44 30.48 30.53 30.56 30.60 30.65 30.69 30.74 30.80 30.85 30.90 30.96 31.03 31.09 31.17 31.26 31.34 31.44 31.55 31.67 31.80 31.94 32.08 32.24 32.37 32.45 32.51 32.58 32.65 32.71 32.77 32.85 32.92 32.99
30.42 30.45 30.48 30.51 30.52 30.55 30.57 30.58 30.59 30.60 30.60 30.60 30.60 30.60 30.58 30.57 30.55 30.53 30.50 30.47 30.44 30.40 30.35 30.30 30.25 30.19 30.13 30.08 30.07 30.09 30.10 30.11 30.11 30.13 30.13 30.15 30.19 30.22 30.27 30.30 30.34 30.38 30.42 30.46 30.51 30.54 30.58 30.62 30.67 30.71 30.76 30.81 30.87 30.92 30.98 31.05 31.11 31.19 31.28 31.36 31.47 31.58 31.70 31.83 31.97 32.12 32.27 32.40 32.47 32.54 32.61 32.67 32.74 32.81 32.88 32.95 33.02
30.41 30.44 30.46 30.49 30.51 30.54 30.55 30.56 30.58 30.59 30.59 30.58 30.58 30.58 30.57 30.55 30.53 30.51 30.48 30.45 30.41 30.36 30.33 30.28 30.22 30.16 30.10 30.08 30.08 30.09 30.10 30.12 30.12 30.12 30.14 30.17 30.20 30.25 30.28 30.32 30.36 30.40 30.44 30.49 30.52 30.56 30.60 30.65 30.69 30.74 30.78 30.83 30.89 30.94 31.00 31.07 31.13 31.21 31.30 31.39 31.49 31.60 31.72 31.86 32.00 32.15 32.30 32.42 32.50 32.57 32.63 32.70 32.76 32.85 32.92 32.99 33.07
30.39 30.42 30.45 30.48 30.50 30.51 30.53 30.55 30.56 30.56 30.57 30.57 30.57 30.56 30.55 30.54 30.51 30.48 30.46 30.42 30.38 30.34 30.29 30.24 30.18 30.12 30.08 30.08 30.10 30.11 30.11 30.12 30.13 30.13 30.15 30.19 30.23 30.27 30.31 30.35 30.38 30.43 30.46 30.50 30.54 30.59 30.63 30.67 30.72 30.76 30.81 30.85 30.91 30.96 31.02 31.09 31.15 31.23 31.32 31.41 31.51 31.62 31.75 31.88 32.01 32.17 32.32 32.44 32.51 32.58 32.65 32.72 32.79 32.88 32.95 33.03 33.10
30.36 30.40 30.43 30.45 30.48 30.50 30.52 30.53 30.54 30.55 30.55 30.56 30.55 30.54 30.53 30.51 30.49 30.47 30.44 30.40 30.36 30.32 30.27 30.21 30.15 30.10 30.08 30.09 30.10 30.11 30.13 30.13 30.13 30.15 30.17 30.21 30.26 30.29 30.33 30.37 30.41 30.45 30.49 30.53 30.57 30.61 30.65 30.70 30.74 30.78 30.83 30.88 30.93 30.99 31.04 31.11 31.17 31.25 31.34 31.43 31.53 31.64 31.76 31.89 32.03 32.18 32.33 32.46 32.54 32.61 32.68 32.75 32.82 32.90 32.98 33.06 33.14
30.34 30.38 30.40 30.43 30.46 30.48 30.49 30.51 30.52 30.53 30.54 30.53 30.53 30.52 30.51 30.49 30.47 30.45 30.41 30.38 30.33 30.28 30.23 30.18 30.12 30.10 30.10 30.11 30.12 30.13 30.14 30.14 30.14 30.16 30.20 30.24 30.29 30.32 30.36 30.40 30.44 30.47 30.51 30.56 30.60 30.64 30.67 30.71 30.77 30.81 30.86 30.90 30.95 31.01 31.06 31.13 31.19 31.27 31.35 31.44 31.54 31.65 31.76 31.89 32.03 32.17 32.33 32.47 32.55 32.62 32.70 32.78 32.85 32.93 33.01 33.09 33.17
30.31 30.34 30.38 30.41 30.42 30.45 30.47 30.49 30.49 30.50 30.51 30.51 30.51 30.50 30.49 30.46 30.44 30.42 30.38 30.35 30.31 30.26 30.21 30.15 30.10 30.10 30.11 30.13 30.14 30.14 30.14 30.16 30.16 30.19 30.24 30.27 30.31 30.35 30.39 30.43 30.46 30.50 30.55 30.59 30.62 30.66 30.70 30.74 30.79 30.83 30.88 30.93 30.98 31.04 31.09 31.15 31.21 31.29 31.37 31.46 31.55 31.65 31.77 31.90 32.02 32.17 32.32 32.46 32.56 32.64 32.71 32.80 32.87 32.96 33.03 33.12 33.20
30.28 30.32 30.35 30.37 30.40 30.42 30.45 30.45 30.47 30.48 30.49 30.49 30.49 30.47 30.46 30.44 30.42 30.39 30.36 30.32 30.28 30.23 30.18 30.13 30.11 30.12 30.13 30.14 30.15 30.16 30.16 30.16 30.18 30.23 30.26 30.31 30.34 30.39 30.42 30.46 30.50 30.54 30.58 30.61 30.65 30.69 30.74 30.78 30.82 30.86 30.91 30.96 31.00 31.06 31.11 31.17 31.23 31.30 31.38 31.46 31.56 31.65 31.76 31.89 32.01 32.15 32.30 32.45 32.55 32.64 32.72 32.80 32.89 32.97 33.05 33.14 33.24
30.25 30.27 30.31 30.34 30.37 30.40 30.41 30.43 30.44 30.45 30.46 30.45 30.45 30.45 30.43 30.42 30.40 30.37 30.34 30.30 30.25 30.20 30.15 30.12 30.12 30.14 30.15 30.16 30.17 30.18 30.18 30.19 30.22 30.26 30.30 30.34 30.38 30.42 30.46 30.50 30.53 30.58 30.62 30.65 30.69 30.73 30.77 30.81 30.85 30.89 30.93 30.99 31.03 31.09 31.13 31.20 31.25 31.32 31.39 31.47 31.56 31.65 31.76 31.87 32.00 32.12 32.26 32.41 32.54 32.63 32.71 32.81 32.90 32.98 33.07 33.16 33.26
30.20 30.24 30.27 30.31 30.34 30.35 30.38 30.40 30.41 30.43 30.42 30.43 30.43 30.42 30.41 30.39 30.37 30.34 30.30 30.26 30.22 30.17 30.12 30.12 30.15 30.16 30.17 30.18 30.19 30.19 30.20 30.22 30.26 30.30 30.34 30.38 30.42 30.46 30.50 30.53 30.57 30.62 30.66 30.69 30.73 30.77 30.81 30.85 30.89 30.93 30.97 31.02 31.06 31.11 31.16 31.22 31.27 31.33 31.40 31.47 31.55 31.64 31.74 31.85 31.96 32.08 32.21 32.35 32.49 32.61 32.70 32.80 32.88 32.98 33.07 33.17 33.27
30.16 30.20 30.23 30.27 30.29 30.32 30.34 30.36 30.38 30.39 30.39 30.40 30.40 30.39 30.38 30.36 30.33 30.31 30.27 30.23 30.19 30.14 30.13 30.14 30.16 30.18 30.20 30.20 30.21 30.21 30.22 30.26 30.30 30.34 30.39 30.42 30.47 30.50 30.54 30.57 30.62 30.66 30.69 30.73 30.77 30.81 30.85 30.88 30.92 30.96 31.00 31.05 31.09 31.13 31.18 31.24 31.28 31.34 31.41 31.47 31.55 31.64 31.72 31.81 31.92 32.04 32.17 32.29 32.43 32.56 32.66 32.76 32.86 32.96 33.06 33.16 33.27
30.11 30.15 30.19 30.22 30.25 30.28 30.31 30.33 30.34 30.35 30.36 30.37 30.37 30.36 30.34 30.33 30.31 30.28 30.25 30.21 30.16 30.13 30.14 30.17 30.19 30.20 30.21 30.23 30.23 30.24 30.26 30.31 30.35 30.39 30.43 30.47 30.50 30.55 30.59 30.62 30.66 30.70 30.73 30.77 30.81 30.85 30.89 30.92 30.96 31.00 31.04 31.08 31.12 31.16 31.21 31.26 31.30 31.35 31.41 31.47 31.53 31.62 31.69 31.79 31.88 31.98 32.10 32.22 32.34 32.47 32.60 32.72 32.81 32.92 33.04 33.14 33.26
30.06 30.10 30.14 30.17 30.20 30.24 30.26 30.28 30.30 30.31 30.32 30.33 30.33 30.33 30.31 30.30 30.28 30.25 30.22 30.18 30.14 30.14 30.17 30.19 30.21 30.23 30.24 30.26 30.26 30.27 30.30 30.36 30.40 30.43 30.48 30.52 30.55 30.60 30.63 30.67 30.71 30.74 30.78 30.82 30.86 30.89 30.93 30.97 31.00 31.04 31.07 31.12 31.15 31.20 31.23 31.27 31.31 31.36 31.41 31.46 31.52 31.59 31.66 31.74 31.82 31.92 32.02 32.13 32.25 32.38 32.50 32.63 32.75 32.86 32.98 33.10 33.21
30.00 30.05 30.08 30.12 30.15 30.19 30.21 30.23 30.25 30.27 30.28 30.29 30.30 30.28 30.28 30.26 30.24 30.22 30.19 30.15 30.14 30.17 30.20 30.22 30.24 30.26 30.27 30.27 30.29 30.31 30.36 30.40 30.45 30.49 30.52 30.57 30.60 30.65 30.68 30.72 30.76 30.79 30.83 30.87 30.91 30.94 30.98 31.01 31.05 31.08 31.11 31.15 31.18 31.21 31.25 31.29 31.32 31.36 31.40 31.45 31.51 31.56 31.61 31.69 31.76 31.84 31.94 32.04 32.14 32.27 32.38 32.51 32.64 32.77 32.90 33.02 33.15
29.94 29.99 30.02 30.06 30.10 30.13 30.17 30.18 30.21 30.23 30.24 30.25 30.26 30.25 30.24 30.23 30.21 30.18 30.16 30.14 30.16 30.20 30.23 30.25 30.27 30.29 30.30 30.30 30.33 30.37 30.41 30.45 30.50 30.54 30.58 30.63 30.66 30.70 30.74 30.78 30.82 30.84 30.88 30.92 30.96 30.99 31.03 31.06 31.09 31.12 31.15 31.19 31.22 31.25 31.27 31.31 31.33 31.36 31.40 31.43 31.48 31.52 31.56 31.62 31.68 31.76 31.84 31.93 32.04 32.14 32.26 32.39 32.52 32.65 32.78 32.92 33.05
29.87 29.92 29.96 30.00 30.04 30.08 30.11 30.13 30.16 30.18 30.20 30.21 30.20 30.21 30.20 30.19 30.17 30.15 30.13 30.15 30.19 30.23 30.26 30.28 30.30 30.32 30.33 30.35 30.38 30.42 30.47 30.52 30.56 30.60 30.64 30.68 30.73 30.76 30.80 30.83 30.87 30.91 30.94 30.98 31.01 31.05 31.08 31.11 31.14 31.17 31.19 31.23 31.25 31.28 31.30 31.32 31.34 31.36 31.38 31.41 31.44 31.47 31.50 31.55 31.61 31.66 31.73 31.82 31.91 32.01 32.12 32.25 32.37 32.51 32.65 32.78 32.93
29.80 29.85 29.89 29.93 29.98 30.02 30.04 30.07 30.10 30.13 30.15 30.16 30.16 30.16 30.16 30.15 30.14 30.12 30.13 30.18 30.22 30.26 30.29 30.32 30.34 30.35 30.36 30.39 30.44 30.48 30.53 30.57 30.62 30.66 30.71 30.75 30.79 30.82 30.86 30.89 30.93 30.97 31.00 31.03 31.07 31.10 31.13 31.16 31.19 31.21 31.24 31.27 31.28 31.31 31.32 31.33 31.35 31.36 31.37 31.39 31.40 31.42 31.44 31.47 31.51 31.57 31.62 31.69 31.77 31.87 31.97 32.09 32.22 32.35 32.50 32.65 32.80
29.72 29.77 29.81 29.86 29.91 29.95 29.98 30.01 30.04 30.07 30.09 30.11 30.12 30.12 30.12 30.11 30.10 30.11 30.15 30.20 30.25 30.29 30.32 30.35 30.37 30.39 30.41 30.45 30.50 30.55 30.59 30.65 30.69 30.73 30.77 30.81 30.85 30.89 30.93 30.96 31.00 31.03 31.06 31.09 31.13 31.16 31.19 31.22 31.24 31.26 31.29 31.31 31.32 31.33 31.34 31.35 31.35 31.35 31.35 31.35 31.35 31.36 31.36 31.38 31.41 31.45 31.50 31.56 31.63 31.72 31.82 31.93 32.06 32.20 32.34 32.50 32.66
29.63 29.69 29.73 29.78 29.83 29.88 29.92 29.95 29.98 30.01 30.04 30.06 30.07 30.08 30.07 30.07 30.08 30.12 30.18 30.24 30.28 30.32 30.36 30.39 30.41 30.44 30.46 30.51 30.56 30.61 30.66 30.71 30.76 30.80 30.84 30.88 30.92 30.95 31.00 31.04 31.06 31.10 31.14 31.16 31.19 31.22 31.25 31.27 31.29 31.32 31.34 31.35 31.35 31.36 31.36 31.36 31.35 31.34 31.33 31.32 31.30 31.29 31.29 31.29 31.30 31.33 31.36 31.41 31.48 31.57 31.66 31.78 31.91 32.05 32.20 32.35 32.52
29.54 29.60 29.66 29.70 29.75 29.80 29.85 29.89 29.92 29.95 29.98 30.00 30.02 30.03 30.04 30.05 30.08 30.15 30.21 30.27 30.32 30.36 30.39 30.42 30.45 30.48 30.52 30.58 30.63 30.68 30.74 30.78 30.83 30.88 30.91 30.95 30.99 31.04 31.07 31.11 31.13 31.17 31.20 31.24 31.26 31.28 31.31 31.33 31.36 31.38 31.38 31.39 31.40 31.39 31.39 31.37 31.35 31.33 31.30 31.27 31.25 31.22 31.20 31.18 31.19 31.20 31.23 31.27 31.34 31.45 31.56 31.67 31.79 31.91 32.05 32.21 32.39
29.44 29.51 29.56 29.61 29.67 29.72 29.77 29.81 29.85 29.88 29.91 29.94 29.96 29.98 30.00 30.04 30.12 30.19 30.25 30.30 30.36 30.39 30.44 30.47 30.50 30.53 30.59 30.65 30.70 30.76 30.81 30.86 30.90 30.95 30.99 31.03 31.07 31.11 31.14 31.18 31.22 31.24 31.27 31.31 31.34 31.36 31.39 31.40 31.42 31.43 31.43 31.43 31.43 31.42 31.41 31.38 31.35 31.31 31.27 31.23 31.19 31.14 31.11 31.08 31.07 31.08 31.13 31.20 31.29 31.39 31.49 31.60 31.71 31.82 31.95 32.09 32.25
29.34 29.40 29.47 29.53 29.59 29.63 29.68 29.73 29.78 29.82 29.84 29.87 29.90 29.93 29.98 30.06 30.14 30.22 30.28 30.34 30.40 30.44 30.48 30.51 30.54 30.60 30.66 30.72 30.79 30.84 30.89 30.93 30.99 31.03 31.07 31.11 31.14 31.19 31.23 31.26 31.29 31.32 31.35 31.38 31.41 31.43 31.45 31.47 31.48 31.49 31.49 31.49 31.47 31.45 31.43 31.40 31.35 31.30 31.24 31.19 31.13 31.08 31.02 30.99 30.98 31.04 31.11 31.19 31.27 31.36 31.46 31.56 31.66 31.77 31.89 32.01 32.15
