datasets/raw/temp/2019111820191118.grid
ncols 886
nrows 691
xllcenter 112.0000
yllcenter -44.5000
cellsize 0.0500
nodata_value 99999.90
[rows 102 to 135 of 691, columns 539 to 615 of 886]
34.04 34.04 34.05 34.06 34.07 34.10 34.13 34.16 34.21 34.26 34.32 34.38 34.45 34.52 34.61 34.69 34.77 34.88 34.98 35.08 35.19 35.30 35.42 35.54 35.66 35.78 35.91 36.03 36.16 36.29 36.43 36.55 36.68 36.82 36.95 37.08 37.21 37.33 37.46 37.59 37.72 37.84 37.95 38.08 38.20 38.31 38.42 38.54 38.64 38.74 38.84 38.93 39.01 39.11 39.19 39.26 39.33 39.37 39.45 39.50 39.55 39.58 39.60 39.65 39.66 39.71 39.69 39.73 39.70 39.71 39.73 39.69 39.62 39.63 39.64 39.57 39.57
34.06 34.05 34.06 34.06 34.08 34.10 34.13 34.16 34.21 34.24 34.30 34.37 34.43 34.50 34.58 34.66 34.75 34.84 34.95 35.04 35.15 35.26 35.38 35.49 35.61 35.74 35.86 35.99 36.11 36.25 36.37 36.50 36.64 36.77 36.89 37.03 37.16 37.29 37.41 37.55 37.67 37.80 37.92 38.04 38.17 38.28 38.39 38.51 38.62 38.72 38.81 38.90 39.00 39.09 39.17 39.24 39.32 39.39 39.46 39.50 39.55 39.59 39.64 39.67 39.71 39.76 39.73 39.74 39.76 39.76 39.76 39.76 39.72 39.74 39.65 39.66 39.56
34.07 34.06 34.05 34.06 34.08 34.10 34.12 34.16 34.19 34.24 34.29 34.35 34.42 34.48 34.56 34.64 34.73 34.81 34.91 35.01 35.11 35.22 35.34 35.45 35.57 35.69 35.82 35.94 36.06 36.20 36.32 36.46 36.59 36.72 36.85 36.99 37.11 37.25 37.37 37.51 37.63 37.76 37.89 38.01 38.14 38.25 38.38 38.49 38.59 38.69 38.79 38.88 38.98 39.06 39.15 39.22 39.30 39.38 39.44 39.50 39.57 39.63 39.65 39.70 39.75 39.76 39.75 39.79 39.79 39.82 39.83 39.82 39.82 39.74 39.74 39.69 39.71
34.08 34.07 34.06 34.07 34.09 34.10 34.13 34.15 34.19 34.24 34.29 34.34 34.40 34.47 34.53 34.61 34.70 34.78 34.88 34.98 35.08 35.19 35.29 35.42 35.53 35.65 35.77 35.90 36.03 36.15 36.28 36.41 36.54 36.67 36.80 36.94 37.07 37.20 37.34 37.46 37.59 37.72 37.85 37.97 38.10 38.22 38.35 38.46 38.56 38.66 38.76 38.86 38.95 39.04 39.13 39.21 39.29 39.38 39.44 39.51 39.57 39.63 39.68 39.71 39.77 39.80 39.82 39.82 39.82 39.82 39.77 39.75 39.78 39.77 39.78 39.77 39.79
34.09 34.08 34.08 34.08 34.09 34.10 34.12 34.15 34.18 34.23 34.27 34.32 34.39 34.45 34.52 34.60 34.68 34.76 34.85 34.95 35.06 35.15 35.26 35.37 35.50 35.62 35.73 35.85 35.99 36.11 36.24 36.37 36.50 36.63 36.76 36.90 37.02 37.16 37.30 37.42 37.56 37.68 37.82 37.94 38.07 38.19 38.32 38.43 38.53 38.64 38.74 38.84 38.93 39.01 39.10 39.19 39.26 39.36 39.43 39.51 39.60 39.65 39.70 39.74 39.77 39.82 39.86 39.85 39.84 39.85 39.83 39.86 39.84 39.86 39.89 39.82 39.84
34.11 34.10 34.09 34.09 34.10 34.11 34.13 34.15 34.19 34.23 34.26 34.32 34.38 34.44 34.50 34.58 34.66 34.75 34.83 34.93 35.02 35.13 35.23 35.34 35.47 35.58 35.70 35.83 35.94 36.08 36.20 36.33 36.46 36.59 36.73 36.85 36.99 37.12 37.26 37.39 37.52 37.65 37.78 37.92 38.04 38.17 38.29 38.40 38.51 38.61 38.71 38.81 38.90 38.99 39.08 39.17 39.26 39.34 39.43 39.50 39.57 39.63 39.69 39.74 39.79 39.85 39.87 39.88 39.91 39.91 39.92 39.85 39.90 39.88 39.92 39.90 39.94
34.12 34.11 34.10 34.10 34.11 34.12 34.14 34.16 34.18 34.22 34.27 34.31 34.36 34.43 34.50 34.57 34.64 34.72 34.82 34.90 35.00 35.10 35.21 35.32 35.44 35.55 35.66 35.79 35.91 36.04 36.16 36.29 36.42 36.56 36.68 36.81 36.95 37.09 37.21 37.35 37.48 37.61 37.75 37.88 38.01 38.14 38.26 38.37 38.48 38.58 38.69 38.79 38.88 38.97 39.06 39.15 39.23 39.32 39.40 39.46 39.55 39.61 39.70 39.75 39.78 39.85 39.89 39.90 39.90 39.94 39.92 39.91 39.90 39.97 39.95 39.95 40.00
34.15 34.13 34.12 34.12 34.12 34.13 34.14 34.16 34.19 34.22 34.26 34.31 34.36 34.42 34.48 34.55 34.63 34.71 34.79 34.89 34.98 35.08 35.19 35.29 35.41 35.52 35.63 35.76 35.88 36.00 36.13 36.26 36.38 36.51 36.65 36.78 36.92 37.04 37.18 37.31 37.45 37.58 37.71 37.85 37.98 38.11 38.23 38.34 38.46 38.56 38.66 38.76 38.85 38.94 39.03 39.11 39.20 39.29 39.38 39.47 39.54 39.61 39.68 39.74 39.79 39.88 39.93 39.95 39.97 39.95 39.97 39.97 39.99 40.02 39.99 40.05 40.03
34.18 34.15 34.14 34.14 34.13 34.14 34.16 34.17 34.20 34.23 34.27 34.31 34.36 34.42 34.48 34.55 34.62 34.70 34.78 34.87 34.97 35.07 35.17 35.27 35.39 35.49 35.61 35.73 35.85 35.98 36.09 36.22 36.35 36.48 36.62 36.75 36.88 37.01 37.14 37.28 37.41 37.55 37.69 37.81 37.95 38.08 38.20 38.32 38.43 38.54 38.64 38.74 38.83 38.93 39.02 39.10 39.19 39.28 39.37 39.46 39.53 39.60 39.65 39.73 39.78 39.85 39.93 39.96 39.95 39.99 39.99 40.00 40.07 40.06 40.07 40.05 40.01
34.20 34.18 34.16 34.16 34.15 34.15 34.16 34.18 34.21 34.23 34.27 34.31 34.35 34.41 34.47 34.54 34.61 34.69 34.77 34.85 34.95 35.05 35.15 35.25 35.36 35.47 35.59 35.71 35.82 35.94 36.07 36.20 36.33 36.46 36.59 36.72 36.85 36.99 37.11 37.24 37.38 37.52 37.65 37.79 37.92 38.05 38.18 38.29 38.40 38.51 38.62 38.73 38.82 38.92 39.00 39.10 39.17 39.27 39.35 39.45 39.52 39.58 39.67 39.73 39.79 39.86 39.90 39.98 39.99 40.02 40.07 40.07 40.07 40.08 40.06 40.05 40.05
34.23 34.20 34.19 34.17 34.17 34.17 34.17 34.20 34.22 34.24 34.27 34.31 34.36 34.41 34.47 34.53 34.60 34.67 34.76 34.84 34.93 35.03 35.13 35.23 35.34 35.45 35.56 35.68 35.80 35.93 36.05 36.16 36.30 36.43 36.56 36.69 36.82 36.95 37.09 37.22 37.36 37.49 37.62 37.75 37.89 38.02 38.15 38.27 38.38 38.50 38.60 38.69 38.81 38.90 38.99 39.08 39.17 39.27 39.34 39.43 39.49 39.57 39.65 39.73 39.80 39.86 39.89 39.95 40.05 40.08 40.06 40.07 40.09 40.10 40.09 40.08 40.08
34.26 34.23 34.22 34.20 34.19 34.19 34.20 34.21 34.22 34.25 34.27 34.32 34.36 34.41 34.47 34.53 34.59 34.67 34.75 34.84 34.92 35.02 35.12 35.22 35.33 35.44 35.54 35.66 35.78 35.90 36.02 36.15 36.27 36.40 36.54 36.66 36.80 36.93 37.06 37.19 37.33 37.46 37.59 37.73 37.86 38.00 38.13 38.24 38.36 38.48 38.59 38.69 38.79 38.90 38.99 39.08 39.14 39.25 39.33 39.43 39.52 39.58 39.65 39.74 39.79 39.85 39.91 39.98 40.02 40.03 40.08 40.07 40.11 40.12 40.14 40.14 40.13
34.29 34.26 34.24 34.23 34.21 34.21 34.21 34.22 34.23 34.26 34.29 34.32 34.36 34.41 34.46 34.52 34.59 34.67 34.74 34.83 34.92 35.01 35.11 35.20 35.31 35.42 35.53 35.65 35.77 35.88 36.01 36.13 36.25 36.39 36.51 36.64 36.77 36.90 37.03 37.16 37.31 37.44 37.57 37.71 37.84 37.97 38.11 38.22 38.34 38.46 38.56 38.66 38.78 38.89 38.99 39.07 39.17 39.26 39.35 39.43 39.51 39.60 39.66 39.73 39.81 39.87 39.91 39.95 39.99 40.05 40.04 40.11 40.11 40.14 40.16 40.17 40.14
34.32 34.29 34.27 34.25 34.24 34.23 34.22 34.23 34.24 34.27 34.29 34.32 34.37 34.41 34.46 34.52 34.58 34.65 34.73 34.81 34.91 34.99 35.10 35.20 35.30 35.40 35.52 35.63 35.76 35.87 35.99 36.11 36.24 36.36 36.49 36.62 36.75 36.88 37.02 37.15 37.28 37.41 37.55 37.69 37.82 37.95 38.08 38.21 38.33 38.44 38.55 38.65 38.78 38.88 38.98 39.07 39.15 39.24 39.32 39.41 39.49 39.58 39.64 39.74 39.80 39.88 39.93 39.97 40.01 40.02 40.08 40.07 40.12 40.12 40.15 40.18 40.18
34.36 34.33 34.29 34.28 34.26 34.25 34.24 34.24 34.25 34.27 34.30 34.32 34.36 34.41 34.46 34.51 34.58 34.65 34.72 34.80 34.90 34.98 35.08 35.18 35.29 35.40 35.51 35.62 35.74 35.85 35.98 36.10 36.22 36.35 36.48 36.60 36.74 36.86 36.99 37.13 37.26 37.39 37.52 37.67 37.80 37.93 38.06 38.19 38.32 38.44 38.54 38.66 38.76 38.87 38.96 39.04 39.14 39.24 39.32 39.41 39.48 39.55 39.65 39.72 39.80 39.86 39.92 39.97 40.02 40.03 40.05 40.09 40.09 40.15 40.16 40.18 40.21
34.41 34.37 34.33 34.30 34.28 34.26 34.26 34.25 34.26 34.28 34.30 34.32 34.36 34.40 34.44 34.50 34.56 34.64 34.71 34.79 34.88 34.98 35.07 35.17 35.27 35.38 35.50 35.61 35.73 35.84 35.97 36.09 36.22 36.34 36.46 36.59 36.72 36.85 36.98 37.11 37.25 37.38 37.51 37.65 37.78 37.91 38.04 38.17 38.29 38.42 38.55 38.65 38.74 38.85 38.95 39.05 39.14 39.23 39.29 39.40 39.48 39.55 39.64 39.71 39.78 39.85 39.91 39.96 40.01 40.02 40.06 40.07 40.10 40.13 40.17 40.18 40.20
34.45 34.39 34.36 34.32 34.31 34.28 34.26 34.26 34.26 34.27 34.29 34.31 34.34 34.38 34.43 34.48 34.54 34.61 34.69 34.77 34.86 34.96 35.06 35.16 35.27 35.37 35.48 35.61 35.72 35.83 35.96 36.08 36.21 36.33 36.46 36.58 36.71 36.84 36.97 37.10 37.24 37.36 37.49 37.62 37.76 37.89 38.02 38.15 38.28 38.41 38.52 38.64 38.75 38.85 38.95 39.07 39.17 39.25 39.34 39.42 39.50 39.58 39.65 39.70 39.76 39.80 39.88 39.94 39.99 40.04 40.07 40.10 40.13 40.15 40.15 40.18 40.20
34.48 34.43 34.39 34.35 34.32 34.29 34.27 34.26 34.26 34.26 34.27 34.29 34.32 34.35 34.40 34.46 34.52 34.59 34.67 34.75 34.84 34.93 35.03 35.14 35.24 35.36 35.47 35.60 35.71 35.84 35.95 36.08 36.20 36.33 36.45 36.58 36.70 36.83 36.96 37.09 37.22 37.35 37.48 37.62 37.74 37.87 38.01 38.13 38.26 38.38 38.51 38.62 38.73 38.85 38.94 39.05 39.16 39.23 39.33 39.39 39.46 39.54 39.62 39.70 39.75 39.82 39.88 39.94 39.98 40.02 40.09 40.13 40.13 40.15 40.17 40.19 40.18
34.51 34.47 34.42 34.37 34.33 34.30 34.27 34.25 34.24 34.24 34.25 34.26 34.28 34.32 34.36 34.41 34.48 34.55 34.63 34.72 34.80 34.90 35.01 35.12 35.23 35.35 35.46 35.59 35.70 35.83 35.94 36.07 36.20 36.32 36.45 36.58 36.70 36.83 36.95 37.09 37.21 37.34 37.47 37.60 37.73 37.86 37.99 38.12 38.25 38.37 38.49 38.60 38.72 38.83 38.93 39.03 39.12 39.23 39.31 39.37 39.44 39.55 39.61 39.67 39.77 39.84 39.89 39.95 39.98 40.05 40.05 40.13 40.16 40.15 40.16 40.18 40.19
34.55 34.49 34.43 34.38 34.33 34.29 34.26 34.23 34.21 34.20 34.20 34.20 34.23 34.26 34.30 34.35 34.42 34.49 34.57 34.66 34.76 34.86 34.97 35.09 35.20 35.33 35.44 35.57 35.70 35.82 35.94 36.06 36.19 36.32 36.45 36.57 36.70 36.83 36.95 37.08 37.20 37.34 37.47 37.59 37.73 37.85 37.98 38.11 38.24 38.36 38.47 38.60 38.73 38.82 38.93 39.02 39.13 39.22 39.28 39.36 39.44 39.52 39.60 39.64 39.73 39.81 39.87 39.92 39.97 40.02 40.06 40.09 40.13 40.17 40.22 40.21 40.23
34.58 34.51 34.44 34.38 34.33 34.27 34.23 34.19 34.17 34.14 34.14 34.14 34.16 34.19 34.23 34.28 34.34 34.41 34.50 34.59 34.70 34.81 34.92 35.05 35.17 35.30 35.42 35.55 35.68 35.81 35.93 36.06 36.19 36.32 36.44 36.57 36.70 36.83 36.95 37.08 37.21 37.33 37.46 37.60 37.72 37.85 37.97 38.10 38.23 38.36 38.46 38.58 38.70 38.80 38.89 38.99 39.12 39.19 39.26 39.35 39.42 39.52 39.61 39.66 39.73 39.81 39.87 39.92 39.96 40.02 40.07 40.09 40.13 40.16 40.20 40.23 40.27
34.60 34.53 34.45 34.37 34.30 34.24 34.19 34.15 34.10 34.07 34.05 34.05 34.05 34.08 34.11 34.17 34.24 34.32 34.41 34.51 34.62 34.74 34.86 34.99 35.12 35.26 35.40 35.53 35.67 35.80 35.93 36.06 36.20 36.33 36.45 36.58 36.71 36.84 36.95 37.08 37.21 37.34 37.46 37.59 37.72 37.84 37.97 38.09 38.22 38.34 38.46 38.57 38.69 38.80 38.92 38.99 39.08 39.17 39.25 39.35 39.44 39.54 39.59 39.67 39.73 39.80 39.86 39.92 39.98 40.03 40.06 40.11 40.14 40.17 40.19 40.22 40.23
34.61 34.52 34.44 34.36 34.28 34.22 34.16 34.10 34.06 34.02 33.98 33.95 33.94 33.95 33.97 34.03 34.10 34.19 34.28 34.40 34.52 34.65 34.78 34.92 35.07 35.22 35.35 35.50 35.64 35.78 35.92 36.06 36.20 36.33 36.45 36.58 36.71 36.84 36.97 37.10 37.22 37.34 37.47 37.60 37.72 37.85 37.97 38.09 38.22 38.32 38.47 38.57 38.69 38.81 38.91 38.98 39.07 39.16 39.24 39.35 39.43 39.53 39.61 39.66 39.74 39.81 39.86 39.92 39.96 40.03 40.08 40.13 40.15 40.18 40.21 40.23 40.25
34.62 34.53 34.43 34.34 34.25 34.18 34.12 34.07 34.01 33.97 33.93 33.88 33.85 33.83 33.83 33.86 33.94 34.03 34.13 34.26 34.39 34.53 34.68 34.84 34.99 35.15 35.31 35.46 35.62 35.77 35.91 36.06 36.20 36.33 36.47 36.60 36.72 36.85 36.98 37.10 37.23 37.36 37.47 37.60 37.73 37.85 37.97 38.10 38.23 38.32 38.45 38.56 38.68 38.80 38.90 38.98 39.06 39.15 39.24 39.34 39.43 39.52 39.60 39.67 39.74 39.82 39.88 39.93 39.99 40.04 40.10 40.12 40.17 40.20 40.24 40.26 40.29
34.64 34.52 34.42 34.31 34.23 34.15 34.08 34.02 33.96 33.92 33.87 33.83 33.79 33.75 33.72 33.70 33.74 33.83 33.94 34.08 34.24 34.40 34.55 34.73 34.90 35.08 35.25 35.42 35.58 35.74 35.90 36.05 36.20 36.34 36.47 36.61 36.74 36.87 37.00 37.11 37.24 37.36 37.49 37.61 37.74 37.86 37.98 38.11 38.22 38.33 38.45 38.57 38.69 38.78 38.89 38.97 39.07 39.17 39.27 39.36 39.45 39.52 39.63 39.69 39.76 39.82 39.90 39.94 40.01 40.05 40.10 40.13 40.17 40.21 40.25 40.28 40.30
34.64 34.51 34.40 34.29 34.19 34.11 34.03 33.97 33.91 33.86 33.82 33.77 33.73 33.69 33.65 33.60 33.58 33.62 33.73 33.88 34.05 34.23 34.41 34.60 34.80 34.99 35.18 35.36 35.54 35.71 35.88 36.04 36.19 36.34 36.48 36.62 36.75 36.88 37.01 37.13 37.26 37.38 37.51 37.62 37.75 37.87 37.99 38.12 38.23 38.31 38.47 38.56 38.68 38.79 38.90 38.99 39.10 39.20 39.28 39.37 39.46 39.54 39.62 39.70 39.78 39.84 39.90 39.95 40.01 40.08 40.12 40.15 40.19 40.23 40.25 40.30 40.30
34.64 34.51 34.38 34.26 34.15 34.07 33.99 33.92 33.86 33.81 33.76 33.71 33.65 33.62 33.58 33.53 33.49 33.47 33.51 33.65 33.83 34.04 34.25 34.46 34.68 34.89 35.10 35.30 35.50 35.69 35.86 36.03 36.19 36.35 36.49 36.63 36.77 36.90 37.03 37.16 37.28 37.40 37.52 37.64 37.76 37.89 38.01 38.12 38.23 38.36 38.46 38.60 38.69 38.79 38.90 39.02 39.11 39.21 39.31 39.38 39.47 39.55 39.62 39.71 39.78 39.84 39.90 39.95 40.01 40.05 40.11 40.15 40.19 40.21 40.25 40.24 40.29
34.64 34.49 34.36 34.22 34.11 34.01 33.94 33.87 33.81 33.76 33.70 33.54 33.56 33.48 33.52 33.47 33.43 33.39 33.36 33.42 33.59 33.81 34.05 34.29 34.53 34.77 35.00 35.23 35.44 35.65 35.84 36.02 36.19 36.36 36.51 36.65 36.79 36.93 37.05 37.17 37.30 37.42 37.54 37.66 37.78 37.90 38.03 38.14 38.23 38.36 38.48 38.59 38.70 38.82 38.95 39.04 39.13 39.21 39.33 39.41 39.48 39.54 39.64 39.73 39.80 39.83 39.90 39.96 40.01 40.05 40.10 40.14 40.18 40.22 40.24 40.26 40.27
34.65 34.49 34.33 34.19 34.07 33.96 33.88 33.79 33.71 33.61 33.55 33.49 33.57 33.42 33.38 33.42 33.37 33.33 33.28 33.28 33.35 33.57 33.83 34.10 34.38 34.64 34.90 35.15 35.38 35.60 35.81 36.00 36.18 36.35 36.52 36.67 36.80 36.94 37.07 37.20 37.32 37.45 37.57 37.69 37.81 37.93 38.05 38.15 38.25 38.38 38.50 38.59 38.70 38.79 38.92 39.04 39.11 39.22 39.31 39.38 39.47 39.56 39.65 39.72 39.80 39.85 39.90 39.96 40.02 40.07 40.12 40.15 40.18 40.22 40.26 40.30 40.31
34.67 34.49 34.32 34.15 34.01 33.91 33.73 33.67 33.60 33.58 33.52 33.54 33.52 33.46 33.43 33.38 33.33 33.29 33.24 33.22 33.22 33.34 33.60 33.90 34.20 34.50 34.79 35.06 35.31 35.56 35.78 35.99 36.18 36.36 36.53 36.68 36.83 36.97 37.10 37.23 37.35 37.48 37.60 37.72 37.83 37.95 38.06 38.18 38.27 38.40 38.50 38.61 38.70 38.80 38.89 39.00 39.11 39.20 39.30 39.40 39.48 39.58 39.66 39.73 39.79 39.87 39.92 39.99 40.04 40.10 40.14 40.18 40.20 40.25 40.29 40.32 40.35
34.69 34.51 34.31 34.12 33.96 33.85 33.71 33.61 33.63 33.56 33.53 33.55 33.50 33.45 33.40 33.35 33.31 33.27 33.23 33.19 33.16 33.18 33.38 33.69 34.03 34.35 34.67 34.96 35.25 35.51 35.76 35.97 36.19 36.38 36.54 36.71 36.86 37.00 37.13 37.26 37.39 37.51 37.63 37.75 37.86 37.98 38.09 38.19 38.31 38.41 38.52 38.61 38.73 38.81 38.91 39.00 39.12 39.22 39.33 39.40 39.49 39.57 39.64 39.73 39.78 39.83 39.92 39.98 40.03 40.08 40.13 40.16 40.21 40.24 40.28 40.32 40.34
34.74 34.53 34.33 34.11 33.92 33.79 33.74 33.65 33.63 33.64 33.59 33.54 33.48 33.43 33.39 33.34 33.30 33.26 33.22 33.19 33.16 33.15 33.21 33.49 33.85 34.21 34.55 34.88 35.19 35.47 35.73 35.97 36.19 36.39 36.57 36.74 36.89 37.04 37.17 37.30 37.42 37.54 37.66 37.78 37.89 38.01 38.10 38.23 38.33 38.44 38.55 38.66 38.74 38.84 38.95 39.03 39.13 39.23 39.33 39.42 39.51 39.59 39.67 39.74 39.80 39.85 39.92 39.99 40.05 40.10 40.12 40.17 40.22 40.25 40.28 40.29 40.33
34.79 34.59 34.38 34.17 33.96 33.89 33.79 33.70 33.71 33.66 33.53 33.54 33.49 33.44 33.39 33.35 33.31 33.27 33.23 33.20 33.18 33.17 33.18 33.34 33.69 34.07 34.45 34.80 35.12 35.42 35.70 35.96 36.19 36.40 36.59 36.76 36.92 37.07 37.21 37.34 37.47 37.58 37.70 37.81 37.93 38.04 38.14 38.25 38.36 38.46 38.57 38.67 38.76 38.86 38.93 39.05 39.14 39.23 39.33 39.42 39.50 39.58 39.67 39.72 39.78 39.85 39.92 39.99 40.05 40.09 40.12 40.18 40.23 40.25 40.29 40.30 40.35
34.88 34.67 34.47 34.27 34.10 33.98 33.89 33.82 33.76 33.70 33.63 33.58 33.52 33.47 33.43 33.38 33.34 33.30 33.27 33.24 33.22 33.22 33.22 33.28 33.55 33.95 34.35 34.72 35.07 35.40 35.69 35.96 36.21 36.42 36.62 36.79 36.96 37.11 37.25 37.38 37.51 37.63 37.74 37.85 37.97 38.07 38.18 38.29 38.39 38.49 38.59 38.70 38.77 38.86 38.95 39.05 39.15 39.24 39.32 39.42 39.50 39.59 39.67 39.72 39.79 39.85 39.92 39.99 40.05 40.10 40.13 40.18 40.23 40.26 40.28 40.31 40.32
