datasets/raw/temp/2019111620191116.grid
ncols 886
nrows 691
xllcenter 112.0000
yllcenter -44.5000
cellsize 0.0500
nodata_value 99999.90
[rows 510 to 543 of 691, columns 231 to 307 of 886]
25.83 25.77 25.71 25.65 25.59 25.53 25.46 25.42 25.40 25.40 25.43 25.44 25.45 25.48 25.49 25.49 25.50 25.50 25.51 25.55 25.61 25.71 25.81 25.90 25.97 26.05 26.12 26.17 26.22 26.25 26.29 26.31 26.32 26.33 26.33 26.32 26.31 26.28 26.26 26.23 26.18 26.13 26.08 26.02 25.95 25.88 25.80 25.72 25.64 25.55 25.46 25.36 25.26 25.15 25.05 24.94 24.83 24.71 24.60 24.48 24.36 24.24 24.12 24.00 23.88 23.75 23.62 23.50 23.37 23.25 23.13 23.00 22.88 22.75 22.62 22.51 22.38
25.69 25.63 25.57 25.51 25.45 25.39 25.34 25.34 25.35 25.37 25.39 25.40 25.42 25.43 25.44 25.44 25.45 25.46 25.49 25.58 25.67 25.77 25.86 25.94 26.02 26.08 26.14 26.19 26.23 26.27 26.29 26.32 26.32 26.32 26.32 26.31 26.29 26.27 26.24 26.20 26.16 26.11 26.05 25.99 25.92 25.85 25.77 25.70 25.61 25.52 25.43 25.33 25.23 25.12 25.01 24.90 24.79 24.68 24.56 24.44 24.32 24.20 24.09 23.96 23.84 23.71 23.59 23.46 23.33 23.22 23.09 22.96 22.84 22.71 22.59 22.47 22.34
25.55 25.49 25.43 25.38 25.32 25.27 25.28 25.30 25.32 25.33 25.35 25.36 25.38 25.38 25.38 25.39 25.41 25.45 25.54 25.64 25.74 25.83 25.92 25.98 26.05 26.11 26.17 26.21 26.25 26.27 26.30 26.31 26.32 26.32 26.31 26.30 26.28 26.25 26.21 26.18 26.13 26.08 26.02 25.96 25.90 25.82 25.74 25.66 25.57 25.48 25.39 25.29 25.19 25.09 24.98 24.87 24.76 24.64 24.52 24.40 24.28 24.16 24.05 23.92 23.80 23.67 23.55 23.42 23.30 23.18 23.05 22.92 22.80 22.68 22.55 22.42 22.31
25.42 25.36 25.30 25.25 25.23 25.24 25.25 25.27 25.29 25.30 25.31 25.32 25.33 25.33 25.33 25.36 25.42 25.51 25.61 25.71 25.80 25.88 25.96 26.03 26.09 26.14 26.19 26.23 26.26 26.29 26.30 26.31 26.31 26.31 26.30 26.29 26.26 26.23 26.20 26.16 26.11 26.05 26.00 25.93 25.86 25.79 25.71 25.62 25.54 25.45 25.36 25.26 25.15 25.05 24.94 24.83 24.72 24.61 24.49 24.37 24.25 24.13 24.01 23.89 23.76 23.64 23.51 23.39 23.26 23.14 23.01 22.88 22.76 22.63 22.51 22.39 22.26
25.28 25.23 25.19 25.18 25.20 25.21 25.22 25.24 25.25 25.26 25.27 25.28 25.28 25.28 25.32 25.39 25.49 25.59 25.68 25.77 25.86 25.93 26.00 26.06 26.12 26.17 26.21 26.24 26.27 26.30 26.30 26.31 26.31 26.31 26.29 26.28 26.25 26.21 26.18 26.13 26.08 26.03 25.97 25.90 25.83 25.76 25.68 25.59 25.50 25.41 25.32 25.22 25.12 25.01 24.90 24.79 24.68 24.57 24.45 24.33 24.21 24.09 23.97 23.85 23.72 23.60 23.47 23.35 23.22 23.10 22.97 22.85 22.72 22.59 22.47 22.35 22.22
25.16 25.14 25.14 25.16 25.17 25.19 25.20 25.21 25.22 25.23 25.23 25.24 25.24 25.29 25.37 25.47 25.58 25.67 25.76 25.84 25.91 25.98 26.05 26.10 26.15 26.20 26.23 26.26 26.29 26.30 26.31 26.31 26.31 26.30 26.28 26.26 26.23 26.20 26.16 26.11 26.05 26.00 25.94 25.87 25.81 25.73 25.64 25.56 25.48 25.38 25.28 25.18 25.08 24.98 24.87 24.76 24.64 24.54 24.42 24.30 24.17 24.05 23.94 23.81 23.68 23.56 23.44 23.31 23.18 23.05 22.94 22.81 22.69 22.56 22.43 22.30 22.18
25.11 25.12 25.13 25.14 25.15 25.16 25.17 25.18 25.18 25.18 25.19 25.21 25.27 25.36 25.46 25.56 25.65 25.74 25.82 25.89 25.97 26.03 26.09 26.14 26.18 26.22 26.25 26.28 26.30 26.30 26.31 26.30 26.30 26.29 26.27 26.25 26.21 26.18 26.13 26.08 26.03 25.97 25.91 25.85 25.77 25.70 25.62 25.53 25.44 25.35 25.25 25.15 25.04 24.95 24.84 24.72 24.61 24.49 24.38 24.26 24.14 24.01 23.90 23.77 23.65 23.53 23.40 23.27 23.14 23.02 22.89 22.76 22.65 22.52 22.40 22.27 22.14
25.09 25.10 25.11 25.12 25.13 25.14 25.13 25.14 25.15 25.15 25.18 25.26 25.35 25.45 25.55 25.64 25.72 25.81 25.88 25.95 26.01 26.07 26.12 26.17 26.21 26.24 26.27 26.29 26.29 26.31 26.31 26.30 26.29 26.28 26.25 26.23 26.19 26.16 26.11 26.06 26.01 25.95 25.88 25.81 25.74 25.66 25.58 25.50 25.41 25.31 25.21 25.12 25.01 24.90 24.80 24.69 24.57 24.45 24.34 24.22 24.10 23.99 23.86 23.73 23.61 23.49 23.36 23.23 23.11 22.98 22.86 22.73 22.60 22.48 22.35 22.22 22.10
25.09 25.09 25.10 25.09 25.10 25.10 25.11 25.11 25.12 25.18 25.25 25.36 25.46 25.55 25.64 25.73 25.80 25.87 25.95 26.01 26.06 26.11 26.16 26.20 26.23 26.26 26.28 26.30 26.30 26.31 26.31 26.29 26.28 26.27 26.24 26.21 26.18 26.13 26.09 26.04 25.98 25.92 25.85 25.79 25.71 25.62 25.55 25.46 25.37 25.28 25.18 25.08 24.98 24.87 24.77 24.65 24.54 24.42 24.31 24.18 24.06 23.95 23.82 23.69 23.58 23.45 23.32 23.20 23.07 22.95 22.82 22.69 22.57 22.44 22.32 22.19 22.06
25.06 25.07 25.07 25.07 25.07 25.08 25.08 25.10 25.18 25.27 25.37 25.47 25.55 25.64 25.72 25.79 25.87 25.94 25.99 26.05 26.11 26.15 26.19 26.22 26.25 26.28 26.29 26.30 26.30 26.31 26.30 26.29 26.27 26.25 26.23 26.19 26.16 26.11 26.06 26.01 25.95 25.89 25.82 25.75 25.68 25.60 25.52 25.43 25.33 25.24 25.14 25.04 24.94 24.83 24.72 24.62 24.50 24.39 24.27 24.15 24.02 23.91 23.78 23.67 23.54 23.41 23.29 23.16 23.03 22.91 22.78 22.66 22.52 22.39 22.27 22.14 22.02
25.05 25.05 25.05 25.05 25.04 25.06 25.12 25.20 25.30 25.39 25.48 25.56 25.65 25.72 25.80 25.87 25.94 25.99 26.05 26.09 26.14 26.19 26.22 26.25 26.27 26.29 26.30 26.30 26.30 26.30 26.30 26.28 26.27 26.23 26.21 26.17 26.13 26.09 26.03 25.98 25.92 25.86 25.79 25.72 25.64 25.57 25.48 25.39 25.30 25.21 25.11 25.00 24.91 24.80 24.68 24.58 24.46 24.34 24.23 24.11 24.00 23.87 23.74 23.63 23.50 23.38 23.25 23.12 23.00 22.87 22.74 22.61 22.49 22.36 22.23 22.10 21.98
25.02 25.01 25.01 25.03 25.06 25.14 25.23 25.32 25.41 25.50 25.57 25.66 25.74 25.80 25.87 25.93 25.99 26.05 26.09 26.14 26.17 26.21 26.24 26.27 26.29 26.30 26.31 26.31 26.30 26.30 26.29 26.27 26.25 26.23 26.19 26.15 26.11 26.06 26.01 25.95 25.90 25.83 25.76 25.69 25.61 25.52 25.44 25.35 25.27 25.17 25.07 24.97 24.87 24.76 24.65 24.54 24.42 24.31 24.19 24.07 23.96 23.83 23.71 23.59 23.46 23.34 23.21 23.09 22.96 22.83 22.70 22.58 22.44 22.31 22.17 22.04 21.89
24.99 25.00 25.03 25.10 25.18 25.27 25.36 25.43 25.52 25.60 25.67 25.74 25.81 25.88 25.93 25.99 26.04 26.09 26.14 26.17 26.20 26.23 26.26 26.28 26.30 26.30 26.31 26.31 26.31 26.30 26.27 26.25 26.23 26.20 26.17 26.13 26.09 26.04 25.98 25.93 25.86 25.80 25.73 25.65 25.58 25.49 25.41 25.32 25.23 25.13 25.04 24.93 24.83 24.72 24.61 24.51 24.39 24.28 24.16 24.04 23.92 23.80 23.67 23.55 23.43 23.30 23.18 23.04 22.92 22.78 22.65 22.50 22.34 22.17 22.01 21.85 21.69
25.00 25.06 25.14 25.22 25.31 25.38 25.46 25.54 25.62 25.70 25.76 25.83 25.88 25.94 25.99 26.05 26.09 26.14 26.17 26.20 26.23 26.25 26.28 26.29 26.30 26.31 26.31 26.30 26.30 26.28 26.27 26.25 26.21 26.18 26.15 26.11 26.05 26.01 25.96 25.89 25.83 25.77 25.69 25.62 25.54 25.46 25.38 25.28 25.20 25.10 25.00 24.90 24.80 24.69 24.57 24.47 24.35 24.24 24.12 24.00 23.88 23.76 23.63 23.52 23.39 23.26 23.12 22.98 22.81 22.64 22.46 22.30 22.12 21.95 21.78 21.63 21.47
25.12 25.20 25.28 25.36 25.43 25.50 25.57 25.64 25.71 25.77 25.84 25.90 25.95 26.00 26.05 26.10 26.13 26.17 26.20 26.23 26.25 26.28 26.29 26.30 26.31 26.31 26.30 26.30 26.28 26.27 26.25 26.22 26.20 26.16 26.12 26.08 26.03 25.98 25.92 25.86 25.80 25.73 25.66 25.59 25.50 25.43 25.33 25.25 25.15 25.06 24.96 24.86 24.76 24.65 24.55 24.43 24.32 24.20 24.09 23.96 23.85 23.72 23.58 23.45 23.31 23.14 22.96 22.77 22.59 22.40 22.23 22.05 21.88 21.71 21.56 21.40 21.25
25.26 25.33 25.40 25.48 25.55 25.61 25.67 25.74 25.80 25.85 25.91 25.97 26.01 26.06 26.10 26.14 26.17 26.21 26.23 26.25 26.27 26.29 26.30 26.30 26.30 26.30 26.30 26.29 26.27 26.25 26.23 26.20 26.17 26.14 26.10 26.05 26.00 25.95 25.89 25.84 25.76 25.70 25.63 25.55 25.47 25.39 25.30 25.21 25.11 25.02 24.93 24.82 24.72 24.61 24.51 24.39 24.28 24.16 24.05 23.92 23.79 23.64 23.47 23.27 23.08 22.88 22.69 22.51 22.32 22.15 21.97 21.81 21.64 21.49 21.34 21.19 21.04
25.39 25.46 25.52 25.59 25.64 25.70 25.76 25.82 25.88 25.92 25.97 26.02 26.06 26.11 26.14 26.17 26.20 26.23 26.25 26.27 26.29 26.30 26.30 26.30 26.30 26.30 26.29 26.28 26.26 26.24 26.21 26.18 26.15 26.11 26.06 26.02 25.97 25.92 25.86 25.79 25.73 25.67 25.59 25.51 25.44 25.36 25.26 25.18 25.08 24.99 24.89 24.78 24.69 24.57 24.47 24.35 24.24 24.11 23.97 23.82 23.61 23.42 23.21 23.01 22.80 22.62 22.42 22.25 22.08 21.90 21.74 21.57 21.42 21.27 21.12 20.98 20.83
25.51 25.57 25.63 25.69 25.74 25.80 25.84 25.90 25.95 26.00 26.03 26.08 26.11 26.15 26.17 26.20 26.24 26.25 26.27 26.29 26.30 26.30 26.30 26.31 26.30 26.29 26.28 26.26 26.24 26.22 26.19 26.16 26.12 26.08 26.04 25.99 25.94 25.89 25.82 25.76 25.70 25.63 25.55 25.48 25.40 25.31 25.22 25.14 25.04 24.95 24.85 24.75 24.65 24.54 24.42 24.30 24.15 23.97 23.75 23.54 23.33 23.12 22.92 22.72 22.53 22.34 22.17 22.00 21.82 21.66 21.50 21.34 21.20 21.04 20.90 20.76 20.63
25.62 25.67 25.73 25.78 25.83 25.88 25.92 25.96 26.01 26.05 26.08 26.12 26.16 26.18 26.21 26.23 26.25 26.27 26.29 26.29 26.30 26.31 26.30 26.30 26.29 26.28 26.27 26.25 26.23 26.20 26.17 26.13 26.10 26.06 26.01 25.96 25.90 25.85 25.79 25.73 25.66 25.59 25.51 25.44 25.36 25.27 25.19 25.10 25.00 24.91 24.81 24.70 24.60 24.47 24.32 24.11 23.89 23.67 23.46 23.24 23.04 22.83 22.64 22.45 22.26 22.09 21.92 21.74 21.58 21.42 21.27 21.12 20.97 20.83 20.70 20.56 20.43
25.72 25.76 25.81 25.86 25.90 25.95 25.99 26.02 26.06 26.10 26.13 26.16 26.19 26.21 26.23 26.26 26.27 26.29 26.29 26.29 26.30 26.30 26.29 26.30 26.28 26.27 26.25 26.22 26.20 26.17 26.14 26.10 26.06 26.02 25.97 25.92 25.87 25.82 25.76 25.69 25.63 25.55 25.48 25.40 25.32 25.23 25.15 25.06 24.96 24.87 24.76 24.64 24.47 24.26 24.04 23.80 23.58 23.37 23.15 22.95 22.74 22.55 22.37 22.18 22.00 21.83 21.66 21.50 21.34 21.19 21.05 20.90 20.76 20.63 20.49 20.36 20.24
25.80 25.86 25.89 25.93 25.97 26.01 26.05 26.08 26.11 26.14 26.17 26.20 26.21 26.24 26.25 26.27 26.28 26.29 26.29 26.30 26.30 26.29 26.29 26.28 26.26 26.24 26.23 26.21 26.18 26.15 26.11 26.07 26.03 25.99 25.94 25.89 25.84 25.78 25.72 25.66 25.58 25.51 25.44 25.36 25.28 25.19 25.11 25.02 24.91 24.78 24.61 24.40 24.17 23.93 23.71 23.49 23.26 23.06 22.86 22.65 22.46 22.27 22.09 21.92 21.74 21.58 21.42 21.26 21.11 20.97 20.82 20.68 20.55 20.41 20.29 20.17 20.05
25.89 25.93 25.97 26.00 26.04 26.06 26.09 26.12 26.15 26.18 26.20 26.22 26.24 26.25 26.27 26.28 26.29 26.29 26.30 26.29 26.30 26.29 26.27 26.26 26.25 26.23 26.20 26.18 26.15 26.12 26.09 26.05 26.00 25.96 25.91 25.86 25.80 25.74 25.68 25.61 25.54 25.47 25.40 25.32 25.24 25.16 25.05 24.93 24.76 24.54 24.30 24.06 23.83 23.61 23.38 23.17 22.96 22.75 22.56 22.37 22.18 22.00 21.83 21.66 21.50 21.34 21.18 21.03 20.89 20.74 20.61 20.48 20.35 20.21 20.09 19.98 19.86
25.96 25.99 26.02 26.06 26.09 26.11 26.14 26.17 26.18 26.21 26.23 26.24 26.26 26.27 26.27 26.29 26.29 26.29 26.29 26.29 26.28 26.28 26.26 26.24 26.22 26.21 26.18 26.15 26.12 26.08 26.05 26.01 25.97 25.92 25.87 25.82 25.76 25.71 25.64 25.58 25.50 25.43 25.36 25.28 25.18 25.07 24.89 24.66 24.43 24.19 23.95 23.72 23.50 23.28 23.07 22.86 22.66 22.47 22.27 22.09 21.91 21.74 21.57 21.41 21.25 21.09 20.95 20.81 20.66 20.53 20.40 20.27 20.14 20.02 19.90 19.79 19.67
26.03 26.06 26.08 26.11 26.13 26.15 26.17 26.20 26.22 26.22 26.24 26.26 26.26 26.27 26.28 26.28 26.29 26.28 26.28 26.27 26.27 26.25 26.23 26.22 26.20 26.17 26.16 26.12 26.09 26.05 26.01 25.97 25.94 25.89 25.84 25.78 25.72 25.66 25.60 25.54 25.46 25.39 25.30 25.19 25.02 24.80 24.56 24.32 24.07 23.83 23.61 23.39 23.17 22.96 22.76 22.56 22.36 22.18 22.00 21.82 21.64 21.48 21.32 21.16 21.01 20.86 20.72 20.58 20.45 20.32 20.19 20.06 19.94 19.83 19.72 19.60 19.50
26.08 26.10 26.12 26.15 26.17 26.19 26.21 26.21 26.23 26.25 26.26 26.26 26.27 26.28 26.28 26.28 26.27 26.28 26.26 26.26 26.24 26.24 26.22 26.19 26.18 26.15 26.12 26.08 26.06 26.02 25.98 25.93 25.89 25.84 25.80 25.74 25.68 25.62 25.56 25.49 25.41 25.30 25.14 24.92 24.68 24.43 24.19 23.95 23.71 23.49 23.27 23.06 22.85 22.65 22.45 22.26 22.08 21.90 21.72 21.55 21.39 21.23 21.07 20.92 20.78 20.64 20.50 20.36 20.24 20.11 19.98 19.87 19.75 19.64 19.54 19.42 19.32
26.13 26.15 26.17 26.17 26.19 26.21 26.22 26.24 26.25 26.25 26.26 26.27 26.28 26.27 26.28 26.27 26.27 26.26 26.25 26.24 26.23 26.21 26.19 26.17 26.14 26.12 26.09 26.05 26.02 25.98 25.94 25.90 25.85 25.80 25.76 25.70 25.64 25.58 25.51 25.41 25.26 25.04 24.80 24.54 24.30 24.06 23.82 23.59 23.37 23.16 22.95 22.74 22.54 22.35 22.16 21.98 21.79 21.62 21.46 21.30 21.13 20.98 20.83 20.69 20.55 20.41 20.28 20.15 20.03 19.91 19.79 19.68 19.57 19.46 19.35 19.25 19.15
26.16 26.17 26.19 26.20 26.22 26.23 26.24 26.25 26.25 26.26 26.27 26.27 26.27 26.27 26.27 26.26 26.25 26.24 26.23 26.21 26.20 26.18 26.17 26.14 26.11 26.09 26.05 26.02 25.99 25.95 25.90 25.86 25.81 25.76 25.70 25.66 25.59 25.50 25.37 25.15 24.91 24.66 24.41 24.17 23.93 23.70 23.47 23.25 23.04 22.83 22.63 22.43 22.24 22.05 21.87 21.70 21.53 21.36 21.20 21.04 20.89 20.74 20.60 20.46 20.32 20.20 20.07 19.95 19.83 19.71 19.60 19.49 19.39 19.27 19.18 19.08 18.99
26.19 26.20 26.22 26.23 26.24 26.25 26.24 26.25 26.26 26.26 26.27 26.26 26.26 26.26 26.25 26.24 26.23 26.22 26.21 26.19 26.18 26.15 26.13 26.11 26.08 26.05 26.02 25.98 25.94 25.91 25.86 25.81 25.76 25.71 25.65 25.58 25.47 25.26 25.02 24.76 24.51 24.26 24.02 23.79 23.56 23.34 23.13 22.92 22.71 22.51 22.31 22.13 21.94 21.77 21.59 21.43 21.26 21.10 20.94 20.80 20.65 20.51 20.38 20.24 20.11 19.99 19.87 19.74 19.63 19.52 19.41 19.31 19.21 19.10 19.01 18.91 18.82
26.22 26.22 26.22 26.24 26.24 26.25 26.25 26.25 26.26 26.26 26.25 26.25 26.25 26.24 26.23 26.22 26.21 26.20 26.18 26.16 26.14 26.12 26.09 26.07 26.04 26.01 25.98 25.94 25.90 25.86 25.82 25.77 25.71 25.64 25.55 25.35 25.11 24.86 24.60 24.36 24.11 23.88 23.65 23.43 23.21 22.99 22.79 22.59 22.39 22.20 22.02 21.84 21.66 21.49 21.32 21.16 21.00 20.85 20.70 20.56 20.41 20.28 20.15 20.02 19.90 19.78 19.67 19.55 19.44 19.33 19.23 19.13 19.02 18.93 18.84 18.75 18.67
26.22 26.23 26.24 26.24 26.24 26.25 26.25 26.25 26.25 26.24 26.24 26.24 26.23 26.22 26.21 26.20 26.18 26.17 26.15 26.13 26.10 26.09 26.06 26.03 26.00 25.96 25.94 25.90 25.85 25.82 25.77 25.70 25.60 25.43 25.20 24.95 24.69 24.44 24.20 23.96 23.73 23.51 23.29 23.08 22.86 22.65 22.46 22.26 22.08 21.89 21.72 21.54 21.38 21.21 21.05 20.90 20.75 20.61 20.46 20.32 20.19 20.06 19.93 19.81 19.70 19.58 19.46 19.35 19.25 19.15 19.05 18.96 18.86 18.76 18.68 18.59 18.51
26.23 26.24 26.24 26.24 26.24 26.24 26.24 26.24 26.23 26.23 26.22 26.22 26.20 26.19 26.18 26.16 26.15 26.14 26.11 26.10 26.07 26.05 26.02 25.99 25.96 25.92 25.89 25.85 25.80 25.75 25.66 25.50 25.28 25.03 24.78 24.52 24.28 24.04 23.81 23.59 23.36 23.15 22.94 22.73 22.53 22.33 22.14 21.96 21.78 21.60 21.43 21.27 21.11 20.95 20.80 20.64 20.50 20.36 20.22 20.09 19.97 19.84 19.72 19.61 19.49 19.38 19.27 19.17 19.07 18.97 18.88 18.79 18.70 18.60 18.52 18.44 18.36
26.24 26.24 26.24 26.24 26.24 26.23 26.23 26.22 26.21 26.21 26.20 26.19 26.18 26.17 26.16 26.13 26.12 26.10 26.08 26.06 26.03 26.01 25.97 25.95 25.91 25.88 25.84 25.79 25.72 25.57 25.35 25.11 24.85 24.60 24.35 24.11 23.88 23.65 23.43 23.21 23.00 22.79 22.59 22.39 22.20 22.01 21.83 21.65 21.48 21.31 21.15 20.99 20.84 20.69 20.54 20.40 20.26 20.13 20.00 19.87 19.75 19.63 19.52 19.40 19.29 19.19 19.08 18.99 18.89 18.80 18.71 18.62 18.52 18.44 18.36 18.28 18.21
26.23 26.23 26.23 26.23 26.22 26.22 26.20 26.20 26.19 26.19 26.18 26.17 26.15 26.14 26.12 26.10 26.08 26.07 26.04 26.02 25.99 25.96 25.93 25.90 25.87 25.83 25.75 25.62 25.41 25.16 24.91 24.66 24.41 24.17 23.95 23.72 23.49 23.27 23.06 22.85 22.64 22.45 22.26 22.07 21.89 21.71 21.53 21.36 21.20 21.04 20.88 20.73 20.58 20.44 20.30 20.16 20.03 19.90 19.78 19.66 19.54 19.43 19.31 19.20 19.10 19.00 18.90 18.81 18.72 18.63 18.54 18.46 18.38 18.30 18.21 18.13 18.06
26.22 26.22 26.22 26.21 26.21 26.20 26.19 26.17 26.17 26.16 26.15 26.14 26.11 26.10 26.09 26.06 26.04 26.02 26.00 25.97 25.94 25.92 25.88 25.85 25.77 25.67 25.45 25.22 24.96 24.71 24.47 24.23 23.99 23.76 23.54 23.32 23.11 22.90 22.70 22.50 22.31 22.12 21.93 21.75 21.57 21.40 21.24 21.08 20.92 20.77 20.62 20.48 20.33 20.20 20.06 19.93 19.81 19.68 19.56 19.45 19.33 19.22 19.12 19.01 18.91 18.82 18.73 18.64 18.55 18.46 18.38 18.30 18.22 18.14 18.06 17.99 17.92
