datasets/raw/temp/2019112220191122.grid
ncols 886
nrows 691
xllcenter 112.0000
yllcenter -44.5000
cellsize 0.0500
nodata_value 99999.90
[rows 272 to 305 of 691, columns 154 to 230 of 886]
40.41 40.37 40.31 40.43 40.40 40.32 40.11 40.12 39.99 40.09 40.20 40.21 40.28 40.20 40.15 40.19 40.16 40.08 40.06 40.17 40.15 40.10 40.04 40.04 39.75 39.97 40.13 40.10 40.07 40.04 40.10 40.16 40.00 40.15 39.97 40.03 40.19 40.29 40.26 40.33 40.35 40.19 39.99 40.19 40.11 40.08 40.15 40.16 40.07 39.89 40.05 40.13 40.09 39.89 39.76 39.97 40.10 40.11 40.11 40.09 40.15 40.12 40.08 40.05 40.02 39.99 39.88 39.61 39.63 39.79 39.72 39.63 39.61 39.47 39.60 39.57 39.44
40.30 40.24 40.33 40.32 40.30 40.21 40.13 40.07 39.96 39.93 40.02 40.07 40.11 40.09 40.03 40.12 40.13 40.10 40.08 40.15 40.23 40.21 39.93 40.09 39.85 39.88 40.14 40.28 40.13 40.10 40.15 40.20 39.94 40.12 40.19 40.07 40.03 40.21 40.23 40.32 40.22 40.20 40.01 40.14 40.07 40.05 40.13 40.11 40.02 40.04 40.02 40.09 40.05 40.09 39.97 40.03 40.04 40.08 40.05 40.02 40.06 40.03 40.08 40.05 39.98 39.86 39.89 39.87 39.75 39.84 39.58 39.60 39.45 39.39 39.40 39.52 39.56
40.20 40.12 40.25 40.11 40.23 40.14 39.92 39.95 39.96 39.90 39.95 39.91 40.01 40.09 40.11 40.17 40.17 40.10 39.99 40.16 40.25 40.28 40.26 40.14 39.93 40.10 40.14 40.24 40.17 40.20 40.15 40.28 40.16 40.27 40.24 40.11 40.12 40.22 40.28 40.18 40.26 40.20 40.10 39.86 39.91 39.99 40.11 40.03 40.03 40.02 40.04 40.01 40.06 40.07 40.03 39.93 39.97 40.02 40.01 39.99 39.99 39.99 40.01 39.97 39.93 39.81 39.80 39.86 39.70 39.79 39.60 39.52 39.36 39.33 39.35 39.34 39.37
40.09 40.06 40.13 40.10 40.01 40.00 40.05 40.01 40.01 39.99 40.01 40.03 40.05 40.14 40.20 40.21 40.19 40.16 40.05 40.11 40.18 40.17 40.14 40.31 40.20 40.28 40.39 40.38 40.35 40.33 40.25 40.18 40.33 40.32 40.33 40.29 40.28 40.24 40.20 40.16 40.21 40.09 39.76 39.81 39.97 40.05 40.04 39.97 39.99 39.96 40.08 40.11 40.12 40.05 39.97 39.86 39.49 39.94 39.97 39.99 39.97 39.96 39.97 39.95 39.88 39.88 39.82 39.87 39.80 39.78 39.73 39.64 39.54 39.54 39.46 39.47 39.40
39.99 40.00 39.99 40.01 40.04 40.09 40.07 40.07 40.06 40.06 40.08 40.11 40.14 40.18 40.20 40.23 40.23 40.19 40.11 40.06 40.08 39.89 40.02 40.26 40.32 40.28 40.13 40.21 40.31 40.33 40.39 40.38 40.32 40.27 40.26 40.14 40.02 40.07 40.00 40.12 40.01 40.04 39.83 39.82 40.02 40.02 39.85 40.00 40.05 40.05 40.07 40.06 40.02 39.96 39.82 39.21 39.68 39.83 39.86 39.93 39.92 39.92 39.82 39.76 39.82 39.84 39.84 39.83 39.78 39.68 39.67 39.60 39.63 39.59 39.53 39.55 39.50
40.08 40.01 40.02 40.00 40.06 40.00 40.11 40.12 40.11 40.13 40.14 40.14 40.11 40.06 40.13 40.17 40.21 40.24 40.11 40.17 39.99 40.21 40.30 40.32 40.23 40.21 40.30 40.32 40.32 40.29 40.30 40.28 40.28 40.14 40.07 40.01 39.73 40.01 40.00 39.98 39.90 39.87 39.81 39.82 40.01 39.93 39.92 39.98 40.01 39.96 39.98 39.94 39.87 39.82 39.71 39.43 39.80 39.81 39.73 39.84 39.83 39.88 39.87 39.82 39.76 39.83 39.84 39.83 39.80 39.49 39.70 39.63 39.45 39.35 39.35 39.32 39.32
40.13 39.85 40.04 40.03 40.08 40.10 40.12 40.14 40.09 40.10 40.06 40.05 39.99 39.95 40.03 40.13 40.00 40.21 40.24 40.26 40.21 40.28 40.24 40.24 40.12 40.26 40.10 40.25 40.15 40.07 40.33 40.31 40.19 39.92 39.86 39.82 40.01 40.03 39.72 39.74 39.85 39.73 39.83 39.95 39.94 39.84 39.78 39.90 39.95 39.84 39.68 39.62 39.65 39.77 39.75 39.78 39.81 39.75 39.65 39.81 39.75 39.63 39.76 39.73 39.78 39.84 39.82 39.80 39.77 39.75 39.71 39.60 39.42 39.35 39.28 39.30 39.33
40.09 39.90 39.98 39.97 39.95 40.04 40.10 40.07 40.01 40.05 39.95 39.78 39.55 39.77 39.92 40.02 40.01 39.99 40.16 40.16 40.22 40.19 40.09 40.13 40.13 40.20 40.07 40.15 40.29 40.25 40.22 40.22 40.02 39.85 39.65 39.86 39.96 39.86 39.76 39.69 39.72 39.77 39.86 39.78 39.89 39.73 39.77 39.88 39.90 39.79 39.57 39.60 39.54 39.63 39.71 39.68 39.67 39.68 39.70 39.72 39.70 39.47 39.53 39.67 39.76 39.80 39.81 39.80 39.75 39.73 39.72 39.68 39.65 39.58 39.44 39.44 39.48
39.96 39.99 39.92 39.95 39.98 39.91 40.07 40.06 39.96 39.91 39.66 39.68 39.71 39.80 39.96 40.07 40.09 40.11 39.98 40.00 40.24 40.15 40.03 40.06 40.17 40.11 40.13 40.12 40.18 40.25 40.20 40.00 39.81 39.68 39.72 39.86 39.91 39.66 39.55 39.66 39.70 39.74 39.84 39.74 39.85 39.69 39.73 39.85 39.82 39.65 39.46 39.51 39.51 39.65 39.64 39.50 39.62 39.61 39.64 39.62 39.64 39.43 39.29 39.54 39.72 39.81 39.78 39.74 39.72 39.66 39.65 39.67 39.66 39.67 39.66 39.64 39.63
40.07 40.08 40.09 40.08 40.12 40.13 40.01 39.97 39.96 39.77 39.68 39.82 39.97 39.97 39.82 40.01 40.14 39.80 39.92 40.12 40.16 39.85 39.86 39.96 40.01 39.99 39.95 40.21 40.19 40.17 40.10 39.98 39.86 39.73 39.72 39.76 39.82 39.72 39.61 39.71 39.78 39.83 39.79 39.72 39.80 39.75 39.72 39.60 39.71 39.65 39.46 39.41 39.45 39.48 39.51 39.39 39.44 39.52 39.53 39.57 39.42 39.44 39.45 39.61 39.69 39.71 39.76 39.70 39.57 39.40 39.55 39.54 39.54 39.55 39.57 39.56 39.59
40.10 40.07 40.16 40.14 40.13 40.12 40.07 39.88 39.87 39.61 39.47 39.82 40.00 40.11 40.09 40.09 39.93 39.67 39.86 39.98 39.93 39.84 39.85 39.95 39.91 39.84 39.94 39.98 39.99 39.97 39.93 39.91 39.76 39.68 39.82 39.77 39.68 39.55 39.66 39.69 39.77 39.77 39.73 39.77 39.77 39.66 39.58 39.48 39.55 39.42 39.47 39.32 39.43 39.47 39.46 39.44 39.33 39.45 39.50 39.49 39.33 39.31 39.43 39.53 39.69 39.73 39.74 39.69 39.56 39.31 39.33 39.49 39.49 39.48 39.38 39.33 39.39
40.07 40.08 40.13 40.15 40.12 40.03 40.00 39.90 39.70 39.56 39.89 39.78 39.72 39.96 40.04 39.80 39.84 39.79 39.97 39.77 39.76 39.97 39.95 39.76 39.83 39.84 40.04 39.86 39.80 39.80 39.67 39.84 39.95 39.78 39.85 39.97 39.66 39.64 39.56 39.60 39.51 39.64 39.64 39.62 39.61 39.59 39.56 39.54 39.47 39.48 39.55 39.55 39.45 39.46 39.59 39.57 39.41 39.33 39.41 39.38 39.17 39.21 39.36 39.51 39.60 39.71 39.60 39.61 39.56 39.34 39.18 39.26 39.38 39.46 39.43 39.41 39.35
39.98 40.06 40.10 40.07 40.05 39.96 39.88 39.66 39.71 39.85 40.05 40.13 39.85 40.08 39.83 39.62 39.66 39.82 39.88 39.73 39.83 39.73 39.90 39.93 39.91 40.10 40.09 40.15 40.08 39.90 39.81 39.74 39.99 40.01 39.90 40.02 39.91 39.76 39.56 39.54 39.59 39.45 39.55 39.44 39.42 39.63 39.54 39.54 39.60 39.48 39.34 39.50 39.61 39.59 39.61 39.55 39.58 39.39 39.25 39.18 39.21 39.32 39.39 39.38 39.59 39.65 39.51 39.22 39.47 39.35 39.25 39.16 39.17 39.26 39.38 39.34 39.19
39.97 39.97 39.94 39.98 40.02 39.81 39.83 39.77 39.82 39.94 40.09 40.11 40.20 40.08 39.81 39.90 39.79 39.83 39.78 39.71 39.86 39.84 39.96 40.00 39.82 39.87 39.81 39.88 40.15 40.04 40.06 39.83 39.90 39.93 40.01 40.01 39.81 39.58 39.66 39.70 39.62 39.47 39.48 39.41 39.43 39.42 39.64 39.67 39.64 39.60 39.47 39.54 39.61 39.61 39.58 39.38 39.49 39.50 39.38 39.34 39.19 39.25 39.34 39.47 39.68 39.60 39.24 39.18 39.22 39.39 39.27 39.33 39.34 39.28 39.27 39.20 39.17
39.95 39.83 39.84 39.80 39.88 39.80 39.94 39.81 39.93 39.67 40.00 39.93 40.18 39.99 40.01 39.97 39.67 39.80 39.93 39.86 39.95 40.02 40.10 40.15 40.13 40.12 40.18 40.18 40.16 40.16 40.12 40.09 40.05 39.97 39.96 39.97 39.76 39.48 39.65 39.67 39.60 39.50 39.41 39.43 39.42 39.34 39.59 39.65 39.68 39.65 39.56 39.59 39.63 39.59 39.46 39.24 39.34 39.42 39.51 39.46 39.36 39.29 39.46 39.58 39.62 39.59 39.44 39.34 39.16 39.24 39.31 39.33 39.27 39.27 39.17 39.09 39.13
39.95 39.94 39.97 39.95 39.91 39.76 40.09 39.94 40.12 40.11 40.11 40.19 40.20 40.21 40.04 40.09 39.96 39.75 39.79 39.78 39.79 39.83 39.91 39.86 40.10 40.21 40.08 40.15 40.12 39.99 39.87 39.86 39.84 39.88 39.98 39.97 39.63 39.73 39.76 39.84 39.60 39.47 39.51 39.59 39.60 39.40 39.41 39.41 39.56 39.67 39.65 39.63 39.58 39.45 39.34 39.35 39.37 39.31 39.44 39.32 39.49 39.40 39.53 39.58 39.56 39.52 39.38 39.32 39.24 39.25 39.17 39.14 39.09 39.07 39.14 39.14 39.18
39.95 40.05 40.04 40.04 40.05 40.07 39.97 40.15 40.12 40.16 40.02 40.10 40.21 40.21 40.21 40.26 40.21 40.14 40.12 39.82 39.85 39.84 39.96 40.09 40.18 40.18 39.96 39.86 39.79 39.71 39.80 40.02 39.99 40.03 39.91 40.05 39.87 39.69 39.65 39.81 39.72 39.54 39.42 39.49 39.54 39.62 39.54 39.24 39.55 39.67 39.66 39.51 39.49 39.42 39.24 39.21 39.28 39.21 39.20 39.37 39.48 39.47 39.50 39.56 39.55 39.54 39.40 39.26 39.33 39.13 39.21 39.13 39.15 39.15 39.10 39.22 39.08
40.07 40.08 40.10 40.11 40.03 40.03 39.68 39.84 39.95 40.07 39.82 39.99 40.14 40.23 40.22 40.24 40.26 40.03 40.17 40.18 40.18 40.15 40.10 40.20 40.01 39.97 39.80 39.86 39.86 39.96 39.86 39.83 40.03 40.17 40.00 40.10 39.85 39.69 39.74 39.84 39.80 39.65 39.48 39.42 39.49 39.59 39.66 39.54 39.57 39.65 39.61 39.38 39.34 39.28 39.23 39.21 39.20 39.17 39.23 39.21 39.39 39.22 39.43 39.52 39.46 39.52 39.45 39.46 39.41 39.34 39.24 39.25 39.26 39.21 39.14 39.11 39.10
40.00 39.95 40.01 40.04 39.99 39.91 39.78 39.75 39.76 39.85 39.96 39.99 39.79 40.16 40.20 40.16 40.21 40.13 40.15 40.15 40.14 39.93 40.20 40.00 39.75 39.74 39.75 39.93 39.96 39.91 39.93 39.86 39.99 39.97 40.16 40.06 39.97 39.94 39.86 39.68 39.78 39.75 39.42 39.42 39.43 39.55 39.67 39.61 39.58 39.62 39.60 39.37 39.37 39.44 39.42 39.28 39.26 39.36 39.36 39.38 39.37 39.26 39.35 39.49 39.43 39.36 39.47 39.38 39.27 39.24 39.28 39.27 39.25 39.08 38.99 39.04 39.01
39.86 39.85 39.93 39.85 39.99 39.88 39.91 39.81 39.83 39.53 39.91 40.00 40.07 40.00 39.65 40.02 40.11 40.06 40.09 39.87 40.12 40.15 40.12 39.97 39.74 39.85 39.83 39.94 39.94 40.03 40.06 40.15 40.21 40.18 40.14 40.11 40.06 40.03 39.96 39.82 39.82 39.72 39.56 39.43 39.50 39.69 39.65 39.36 39.45 39.50 39.34 39.46 39.39 39.40 39.38 39.37 39.40 39.39 39.33 39.36 39.25 39.08 39.30 39.51 39.50 39.46 39.45 39.27 39.18 39.16 39.16 39.13 39.17 39.18 39.05 39.07 39.05
39.69 39.79 39.86 39.91 39.96 39.93 39.92 39.90 40.02 40.01 39.99 40.08 40.04 40.06 39.70 39.91 40.11 40.15 40.19 40.22 40.21 40.17 39.94 39.66 39.82 39.89 39.93 39.79 39.97 39.82 39.93 40.14 40.11 39.97 40.12 40.09 39.93 40.02 39.96 39.64 39.57 39.77 39.78 39.73 39.57 39.47 39.33 39.29 39.31 39.46 39.46 39.34 39.40 39.35 39.20 39.26 39.28 39.23 39.37 39.34 39.37 39.37 39.42 39.49 39.37 39.37 39.34 39.28 39.27 39.18 39.12 39.07 39.01 39.13 39.05 39.04 39.02
39.79 39.84 39.86 39.86 39.94 39.94 39.99 40.03 40.06 40.06 39.96 39.82 39.81 39.84 39.91 40.17 40.24 40.23 40.21 40.12 40.20 40.02 39.73 39.72 39.85 39.80 39.70 39.72 39.89 39.89 40.01 39.87 39.83 39.83 39.92 39.90 39.94 39.86 39.92 39.87 39.75 39.72 39.79 39.74 39.58 39.32 39.25 39.34 39.37 39.39 39.31 39.31 39.28 39.24 39.09 39.03 39.15 39.30 39.30 39.32 39.30 39.35 39.44 39.46 39.42 39.04 39.28 39.31 39.23 38.96 38.91 38.85 38.99 38.98 39.02 38.91 38.96
39.97 39.96 39.87 39.84 39.78 39.98 40.06 40.02 39.95 40.04 40.11 40.12 40.01 40.05 40.01 40.17 40.12 40.03 40.19 39.90 40.15 40.13 39.81 39.78 39.73 39.67 39.88 39.93 39.80 39.88 39.82 39.89 39.92 39.88 39.64 39.90 39.78 39.89 39.92 39.89 39.85 39.79 39.77 39.68 39.50 39.30 39.33 39.26 39.21 39.30 39.23 39.23 39.20 39.14 39.04 39.17 38.88 39.18 39.27 39.00 39.02 39.12 39.35 39.44 39.37 39.14 39.11 39.25 39.17 39.07 38.94 38.88 38.96 38.80 38.78 38.74 38.87
40.03 40.03 39.95 39.99 40.07 40.16 40.16 40.14 40.15 40.17 40.03 40.20 40.15 40.17 40.07 39.96 40.02 40.15 40.17 40.04 40.07 40.04 39.85 39.79 39.97 39.96 39.90 39.87 39.61 39.78 39.87 39.65 39.71 39.82 39.70 39.71 39.54 39.88 39.83 39.77 39.67 39.77 39.69 39.68 39.53 39.24 39.33 39.14 39.22 39.24 39.20 39.12 39.12 39.15 39.03 39.13 39.23 39.10 39.17 39.22 39.22 39.22 38.98 39.28 39.34 39.21 39.02 39.24 39.24 39.09 39.05 39.02 38.96 38.82 38.88 38.75 38.67
40.13 40.03 39.62 39.76 39.93 40.04 40.16 40.17 40.18 40.19 40.20 40.20 40.20 40.18 40.04 39.78 39.88 40.02 40.09 40.08 40.11 39.92 39.78 39.87 39.76 39.79 39.89 39.85 39.69 39.73 39.79 39.71 39.82 39.80 39.94 39.92 39.89 39.83 39.75 39.70 39.66 39.63 39.63 39.63 39.52 39.22 39.15 39.15 39.15 39.17 39.01 38.98 39.20 39.25 39.22 39.19 39.14 38.90 39.07 38.82 39.18 39.17 39.23 39.32 39.31 39.23 39.11 39.14 39.19 38.99 38.85 38.78 38.76 38.76 38.73 38.66 38.80
40.16 40.14 40.07 39.97 39.79 39.96 40.07 40.13 39.80 39.56 39.63 40.10 40.16 40.14 40.13 39.93 39.64 39.75 40.01 40.10 40.05 40.05 39.89 39.73 39.72 39.77 39.80 39.61 39.84 39.94 39.94 39.91 39.78 39.79 39.91 39.87 39.81 39.72 39.54 39.58 39.55 39.39 39.54 39.48 39.42 39.17 39.24 39.25 39.31 39.21 39.13 39.16 39.21 39.16 39.06 38.94 39.07 39.17 39.10 39.18 39.16 38.68 38.99 39.19 39.27 39.21 39.24 39.15 39.13 39.03 38.93 38.94 38.94 38.85 38.72 38.72 38.84
40.10 40.09 40.10 40.00 39.98 39.95 40.07 40.07 39.99 39.96 39.88 40.06 40.18 40.13 40.07 39.98 39.82 39.87 40.00 40.02 39.70 39.94 39.90 39.97 39.91 39.83 39.89 39.82 39.87 40.00 39.84 40.00 39.98 39.95 39.89 39.78 39.74 39.65 39.55 39.45 39.37 39.36 39.36 39.33 39.23 39.12 39.23 39.34 39.31 39.23 38.96 39.12 39.03 38.95 39.02 38.98 39.09 39.09 39.12 39.19 39.13 39.17 39.14 39.11 39.15 38.97 39.00 39.16 39.04 38.85 38.82 38.72 38.72 38.69 38.83 38.79 38.85
40.19 40.14 40.06 39.94 39.92 39.96 39.96 39.94 40.00 40.08 40.03 40.14 40.13 39.44 39.48 39.79 39.86 39.97 40.05 40.06 39.91 39.43 39.71 39.88 39.97 39.97 39.94 39.90 39.98 39.67 39.84 39.94 39.78 39.76 39.79 39.65 39.58 39.56 39.40 39.34 39.40 39.33 39.38 39.39 39.30 39.31 39.30 39.32 39.24 39.26 39.01 38.99 38.88 38.91 39.09 39.10 39.16 39.18 39.12 39.06 38.89 38.97 38.94 39.08 39.02 38.74 38.97 39.04 39.04 38.91 38.76 38.69 38.69 38.78 38.86 38.81 38.87
40.15 40.07 40.04 40.00 39.88 39.85 39.88 40.00 40.05 40.10 40.11 40.10 40.07 39.91 39.51 39.59 39.22 39.75 39.98 39.96 39.93 39.84 39.63 39.54 39.82 39.94 39.91 39.69 39.84 39.89 39.73 39.94 39.89 39.85 39.80 39.63 39.46 39.42 39.31 39.24 39.33 39.34 39.37 39.23 39.30 39.29 39.18 39.20 39.23 39.26 39.10 38.89 38.94 39.06 39.01 38.98 39.11 39.00 38.89 38.82 38.68 38.71 38.78 38.90 38.99 39.02 39.03 38.98 38.97 38.77 38.67 38.65 38.84 38.81 38.79 38.87 38.82
40.03 39.98 39.89 39.97 39.83 39.91 39.96 39.97 40.02 39.99 40.02 40.00 39.98 39.91 39.80 39.61 39.72 39.73 39.92 39.81 39.93 39.95 39.86 39.72 39.42 39.76 39.69 39.61 39.67 39.72 39.90 39.90 39.87 39.80 39.73 39.65 39.50 39.09 39.04 39.14 39.17 39.15 39.27 39.17 39.23 39.11 39.11 39.22 39.30 39.26 39.10 39.01 39.05 38.95 38.97 38.97 38.95 38.93 38.89 38.97 38.84 38.61 38.67 38.71 38.89 39.04 38.97 39.00 38.99 38.89 38.74 38.84 38.89 38.89 38.90 38.92 38.87
39.96 39.81 39.90 39.89 39.95 39.98 39.82 39.93 39.98 39.90 39.89 39.87 39.90 39.74 39.69 39.65 39.64 39.76 39.88 39.78 38.91 39.55 39.60 39.64 39.46 39.64 39.75 39.58 39.68 39.84 39.85 39.88 39.81 39.69 39.67 39.55 39.53 39.40 39.24 39.27 39.08 39.13 39.14 39.22 39.18 39.09 39.13 39.22 39.27 39.24 39.21 39.16 39.14 39.11 39.08 39.05 39.07 39.08 38.99 39.05 38.73 38.72 38.74 38.81 38.90 39.04 38.93 38.89 38.92 38.94 38.92 38.92 38.90 38.86 38.85 38.77 38.74
39.87 39.94 39.98 40.02 40.01 40.02 39.97 39.86 39.88 39.73 39.71 39.73 39.74 39.70 39.77 39.73 39.71 39.62 39.64 39.73 39.65 39.42 39.62 39.61 39.60 39.78 39.84 39.87 39.85 39.76 39.59 39.72 39.72 39.61 39.59 39.53 39.56 39.36 39.35 39.35 39.16 39.12 39.22 39.16 39.10 39.12 39.21 39.21 39.20 39.17 39.06 39.10 39.16 39.14 39.08 39.08 39.08 39.06 39.05 39.04 38.90 38.63 38.84 38.82 38.97 38.97 38.87 38.69 38.68 38.82 38.85 38.85 38.80 38.72 38.67 38.55 38.70
39.97 40.09 40.09 40.09 40.10 40.10 40.01 39.98 39.78 39.81 39.79 39.87 39.86 39.69 39.93 39.90 39.78 39.65 39.60 39.67 39.54 39.38 39.59 39.35 39.65 39.74 39.55 39.67 39.80 39.66 39.67 39.60 39.47 39.46 39.54 39.47 39.55 39.45 39.40 39.35 39.23 39.28 39.26 39.25 39.20 39.21 39.23 39.20 39.07 39.09 39.02 38.96 39.08 39.03 39.00 38.94 38.91 38.86 38.98 39.00 38.97 38.78 38.77 38.77 38.94 38.94 38.91 38.78 38.71 38.58 38.58 38.65 38.68 38.66 38.67 38.61 38.67
40.00 40.07 40.15 40.17 40.13 40.07 40.06 40.02 40.01 39.90 39.93 39.92 39.94 39.98 40.00 39.86 39.90 39.69 39.63 39.34 39.22 38.94 39.65 39.34 39.46 39.58 39.61 39.62 39.75 39.59 39.49 39.52 39.47 39.42 39.47 39.33 39.42 39.24 39.35 39.37 39.32 39.28 39.28 39.29 39.29 39.25 39.11 39.08 38.99 38.90 38.89 38.98 39.00 38.91 38.90 38.78 38.85 38.92 38.92 38.94 38.95 38.95 38.89 38.83 38.86 38.90 38.87 38.83 38.80 38.55 38.63 38.74 38.67 38.69 38.60 38.58 38.46
