datasets/raw/temp/2019111820191118.grid
ncols 886
nrows 691
xllcenter 112.0000
yllcenter -44.5000
cellsize 0.0500
nodata_value 99999.90
[rows 0 to 33 of 691, columns 154 to 230 of 886]
29.45 29.46 29.47 29.49 29.50 29.51 29.52 29.53 29.55 29.56 29.57 29.58 29.59 29.60 29.62 29.63 29.64 29.65 29.66 29.68 29.69 29.70 29.71 29.72 29.74 29.75 29.76 29.77 29.79 29.81 29.82 29.83 29.84 29.86 29.87 29.88 29.89 29.91 29.92 29.93 29.94 29.95 29.97 29.99 30.00 30.02 30.03 30.04 30.05 30.07 30.09 30.10 30.11 30.13 30.14 30.16 30.17 30.19 30.20 30.22 30.23 30.25 30.27 30.28 30.30 30.32 30.33 30.35 30.37 30.38 30.40 30.42 30.44 30.45 30.47 30.50 30.51
29.45 29.46 29.47 29.49 29.50 29.51 29.52 29.53 29.55 29.56 29.57 29.58 29.59 29.61 29.62 29.63 29.64 29.65 29.67 29.68 29.69 29.70 29.71 29.73 29.74 29.75 29.76 29.77 29.80 29.81 29.82 29.83 29.85 29.86 29.87 29.88 29.90 29.91 29.92 29.93 29.95 29.96 29.97 29.99 30.01 30.02 30.03 30.04 30.06 30.07 30.09 30.11 30.12 30.13 30.15 30.17 30.18 30.19 30.21 30.23 30.24 30.26 30.28 30.29 30.31 30.32 30.34 30.36 30.37 30.40 30.41 30.43 30.45 30.47 30.49 30.50 30.53
29.45 29.46 29.47 29.49 29.50 29.51 29.52 29.53 29.55 29.56 29.57 29.58 29.59 29.61 29.62 29.63 29.64 29.65 29.67 29.68 29.69 29.70 29.71 29.73 29.74 29.75 29.76 29.79 29.80 29.81 29.82 29.84 29.85 29.86 29.87 29.89 29.90 29.91 29.92 29.94 29.95 29.96 29.98 30.00 30.01 30.02 30.04 30.05 30.06 30.08 30.10 30.11 30.12 30.14 30.16 30.17 30.18 30.20 30.22 30.23 30.25 30.27 30.28 30.30 30.32 30.33 30.35 30.37 30.39 30.40 30.43 30.44 30.46 30.47 30.50 30.52 30.53
29.45 29.46 29.47 29.49 29.50 29.51 29.52 29.53 29.55 29.56 29.57 29.58 29.59 29.61 29.62 29.63 29.64 29.66 29.67 29.68 29.69 29.70 29.72 29.73 29.74 29.75 29.78 29.79 29.80 29.81 29.83 29.84 29.85 29.86 29.88 29.89 29.90 29.91 29.93 29.94 29.95 29.98 29.99 30.00 30.01 30.03 30.04 30.05 30.08 30.09 30.10 30.11 30.13 30.15 30.16 30.18 30.19 30.21 30.22 30.24 30.26 30.27 30.29 30.31 30.32 30.35 30.36 30.38 30.40 30.42 30.43 30.45 30.47 30.49 30.51 30.53 30.55
29.45 29.46 29.48 29.49 29.50 29.51 29.52 29.54 29.55 29.56 29.57 29.58 29.59 29.61 29.62 29.63 29.64 29.66 29.67 29.68 29.69 29.71 29.72 29.73 29.74 29.77 29.78 29.79 29.80 29.82 29.83 29.84 29.85 29.87 29.88 29.89 29.91 29.92 29.93 29.94 29.97 29.98 29.99 30.01 30.02 30.03 30.04 30.06 30.08 30.09 30.11 30.12 30.14 30.16 30.17 30.18 30.20 30.22 30.23 30.25 30.27 30.28 30.30 30.32 30.34 30.35 30.38 30.39 30.41 30.43 30.45 30.46 30.49 30.51 30.52 30.55 30.57
29.45 29.46 29.48 29.49 29.50 29.51 29.52 29.54 29.55 29.56 29.57 29.58 29.60 29.61 29.62 29.63 29.65 29.66 29.67 29.68 29.70 29.71 29.72 29.74 29.76 29.77 29.78 29.79 29.81 29.82 29.83 29.84 29.86 29.87 29.88 29.89 29.91 29.92 29.93 29.95 29.97 29.98 30.00 30.01 30.02 30.04 30.05 30.07 30.08 30.10 30.11 30.12 30.15 30.16 30.17 30.19 30.21 30.22 30.24 30.26 30.27 30.30 30.31 30.32 30.35 30.36 30.38 30.40 30.42 30.44 30.46 30.48 30.49 30.52 30.54 30.56 30.58
29.45 29.46 29.48 29.49 29.50 29.51 29.52 29.54 29.55 29.56 29.57 29.58 29.60 29.61 29.62 29.64 29.65 29.66 29.67 29.68 29.70 29.71 29.73 29.75 29.76 29.77 29.78 29.80 29.81 29.82 29.83 29.85 29.86 29.87 29.89 29.90 29.91 29.92 29.94 29.96 29.97 29.99 30.00 30.01 30.03 30.04 30.06 30.08 30.09 30.10 30.11 30.14 30.15 30.17 30.18 30.20 30.21 30.23 30.25 30.27 30.28 30.30 30.32 30.34 30.35 30.38 30.39 30.41 30.43 30.45 30.47 30.49 30.51 30.53 30.55 30.57 30.59
29.45 29.46 29.48 29.49 29.50 29.51 29.52 29.54 29.55 29.56 29.57 29.59 29.60 29.61 29.62 29.64 29.65 29.66 29.67 29.69 29.70 29.72 29.74 29.75 29.76 29.77 29.79 29.80 29.81 29.82 29.84 29.85 29.86 29.88 29.89 29.90 29.92 29.93 29.95 29.96 29.98 29.99 30.00 30.02 30.03 30.04 30.07 30.08 30.09 30.11 30.12 30.14 30.16 30.17 30.18 30.21 30.22 30.23 30.26 30.27 30.30 30.31 30.33 30.35 30.36 30.38 30.41 30.42 30.44 30.46 30.48 30.50 30.52 30.54 30.57 30.59 30.61
29.45 29.46 29.48 29.49 29.50 29.51 29.53 29.54 29.55 29.56 29.58 29.59 29.60 29.61 29.63 29.64 29.65 29.66 29.68 29.70 29.71 29.72 29.74 29.75 29.76 29.78 29.79 29.80 29.81 29.83 29.84 29.85 29.87 29.88 29.89 29.91 29.92 29.94 29.95 29.97 29.98 30.00 30.01 30.02 30.04 30.06 30.07 30.09 30.10 30.11 30.14 30.15 30.16 30.18 30.20 30.21 30.23 30.25 30.26 30.28 30.30 30.32 30.34 30.35 30.38 30.39 30.41 30.44 30.45 30.48 30.50 30.51 30.54 30.56 30.58 30.60 30.62
29.45 29.47 29.48 29.49 29.50 29.51 29.53 29.54 29.55 29.57 29.58 29.59 29.60 29.61 29.63 29.64 29.65 29.68 29.69 29.70 29.71 29.73 29.74 29.75 29.77 29.78 29.79 29.80 29.82 29.83 29.84 29.86 29.87 29.88 29.90 29.91 29.93 29.95 29.96 29.97 29.99 30.00 30.01 30.03 30.04 30.06 30.08 30.09 30.11 30.12 30.14 30.16 30.17 30.18 30.21 30.22 30.23 30.26 30.27 30.30 30.31 30.33 30.35 30.37 30.38 30.41 30.42 30.45 30.47 30.48 30.51 30.53 30.55 30.57 30.59 30.62 30.64
29.45 29.47 29.48 29.49 29.50 29.52 29.53 29.54 29.55 29.57 29.58 29.59 29.61 29.62 29.63 29.64 29.67 29.68 29.69 29.70 29.72 29.73 29.74 29.76 29.77 29.78 29.80 29.81 29.82 29.83 29.85 29.86 29.87 29.89 29.90 29.92 29.94 29.95 29.96 29.98 29.99 30.01 30.02 30.03 30.05 30.07 30.08 30.10 30.11 30.13 30.15 30.16 30.18 30.20 30.21 30.23 30.25 30.26 30.28 30.30 30.32 30.34 30.35 30.38 30.39 30.42 30.44 30.45 30.48 30.50 30.51 30.54 30.56 30.59 30.61 30.64 30.66
29.46 29.47 29.48 29.49 29.51 29.52 29.53 29.54 29.56 29.57 29.58 29.59 29.61 29.62 29.64 29.66 29.67 29.68 29.69 29.71 29.72 29.73 29.75 29.76 29.77 29.79 29.80 29.81 29.82 29.84 29.85 29.86 29.88 29.89 29.92 29.93 29.94 29.95 29.97 29.98 30.00 30.01 30.02 30.05 30.06 30.08 30.09 30.10 30.12 30.14 30.15 30.17 30.18 30.21 30.22 30.23 30.26 30.27 30.30 30.31 30.33 30.35 30.37 30.39 30.41 30.42 30.45 30.47 30.49 30.51 30.53 30.56 30.58 30.60 30.62 30.64 30.67
29.46 29.47 29.48 29.50 29.51 29.52 29.53 29.55 29.56 29.57 29.58 29.60 29.62 29.63 29.64 29.66 29.67 29.68 29.70 29.71 29.72 29.74 29.75 29.76 29.77 29.79 29.80 29.82 29.83 29.84 29.86 29.87 29.88 29.91 29.92 29.93 29.95 29.96 29.97 29.99 30.00 30.02 30.03 30.05 30.07 30.08 30.09 30.11 30.13 30.15 30.16 30.17 30.20 30.21 30.23 30.25 30.26 30.28 30.30 30.32 30.34 30.36 30.38 30.39 30.42 30.44 30.46 30.48 30.50 30.53 30.54 30.57 30.59 30.62 30.64 30.66 30.69
29.46 29.47 29.48 29.50 29.51 29.52 29.53 29.55 29.56 29.57 29.59 29.61 29.62 29.63 29.65 29.66 29.67 29.69 29.70 29.71 29.73 29.74 29.75 29.76 29.78 29.79 29.80 29.82 29.83 29.85 29.86 29.88 29.90 29.91 29.92 29.94 29.95 29.96 29.98 29.99 30.01 30.02 30.04 30.06 30.07 30.09 30.10 30.11 30.14 30.15 30.17 30.18 30.20 30.22 30.23 30.26 30.27 30.30 30.31 30.32 30.35 30.36 30.39 30.41 30.43 30.45 30.48 30.49 30.51 30.54 30.56 30.59 30.61 30.62 30.65 30.67 30.70
29.46 29.47 29.49 29.50 29.51 29.52 29.54 29.55 29.56 29.59 29.60 29.61 29.62 29.64 29.65 29.66 29.68 29.69 29.70 29.71 29.73 29.74 29.76 29.77 29.78 29.80 29.81 29.82 29.84 29.86 29.87 29.89 29.90 29.91 29.93 29.94 29.96 29.97 29.98 30.00 30.01 30.04 30.05 30.06 30.08 30.09 30.11 30.13 30.14 30.16 30.17 30.20 30.21 30.23 30.24 30.26 30.28 30.30 30.32 30.34 30.36 30.38 30.40 30.42 30.45 30.46 30.48 30.51 30.52 30.55 30.57 30.60 30.62 30.64 30.67 30.69 30.71
29.46 29.47 29.49 29.50 29.51 29.53 29.54 29.56 29.57 29.59 29.60 29.61 29.63 29.64 29.65 29.67 29.68 29.69 29.70 29.72 29.73 29.75 29.76 29.77 29.79 29.80 29.81 29.84 29.85 29.86 29.88 29.89 29.91 29.92 29.93 29.95 29.96 29.98 29.99 30.00 30.03 30.04 30.06 30.07 30.08 30.10 30.11 30.14 30.15 30.17 30.18 30.20 30.22 30.23 30.26 30.27 30.29 30.31 30.33 30.35 30.37 30.39 30.41 30.43 30.45 30.47 30.49 30.52 30.54 30.57 30.59 30.61 30.63 30.66 30.67 30.68 30.71
29.46 29.48 29.49 29.50 29.51 29.53 29.55 29.56 29.58 29.59 29.60 29.62 29.63 29.64 29.66 29.67 29.68 29.70 29.71 29.72 29.74 29.75 29.76 29.78 29.79 29.81 29.83 29.84 29.86 29.87 29.88 29.90 29.91 29.92 29.94 29.95 29.97 29.98 30.00 30.01 30.03 30.05 30.06 30.08 30.09 30.11 30.13 30.14 30.16 30.17 30.19 30.21 30.23 30.24 30.27 30.28 30.30 30.32 30.33 30.36 30.37 30.40 30.42 30.44 30.46 30.49 30.50 30.53 30.55 30.58 30.59 30.62 30.63 30.65 30.67 30.69 30.70
29.47 29.48 29.49 29.50 29.53 29.54 29.55 29.57 29.58 29.59 29.61 29.62 29.63 29.64 29.66 29.67 29.68 29.70 29.71 29.73 29.74 29.75 29.78 29.79 29.80 29.82 29.83 29.85 29.86 29.87 29.89 29.90 29.92 29.93 29.94 29.96 29.97 29.99 30.01 30.03 30.04 30.05 30.07 30.08 30.10 30.11 30.14 30.15 30.17 30.18 30.20 30.22 30.23 30.25 30.27 30.29 30.31 30.33 30.35 30.37 30.39 30.41 30.43 30.46 30.47 30.50 30.52 30.54 30.56 30.58 30.59 30.61 30.63 30.65 30.66 30.68 30.69
29.47 29.48 29.49 29.52 29.53 29.54 29.56 29.57 29.58 29.59 29.61 29.62 29.64 29.65 29.66 29.68 29.69 29.70 29.72 29.73 29.75 29.77 29.78 29.79 29.81 29.82 29.84 29.85 29.86 29.88 29.89 29.91 29.92 29.94 29.95 29.96 29.98 30.00 30.02 30.03 30.05 30.06 30.07 30.09 30.10 30.13 30.14 30.16 30.17 30.19 30.21 30.23 30.24 30.27 30.28 30.30 30.32 30.34 30.36 30.38 30.40 30.42 30.44 30.47 30.48 30.51 30.52 30.54 30.55 30.57 30.59 30.61 30.62 30.64 30.65 30.67 30.68
29.47 29.48 29.51 29.52 29.53 29.55 29.56 29.57 29.59 29.60 29.61 29.62 29.64 29.65 29.67 29.68 29.69 29.72 29.73 29.74 29.76 29.77 29.79 29.80 29.81 29.83 29.84 29.86 29.87 29.88 29.90 29.91 29.93 29.94 29.95 29.98 29.99 30.01 30.02 30.04 30.05 30.07 30.08 30.10 30.11 30.14 30.15 30.17 30.18 30.20 30.22 30.23 30.25 30.27 30.29 30.31 30.33 30.35 30.37 30.39 30.41 30.43 30.45 30.47 30.48 30.51 30.52 30.54 30.55 30.57 30.58 30.60 30.61 30.63 30.64 30.66 30.68
29.47 29.50 29.51 29.52 29.54 29.55 29.56 29.58 29.59 29.60 29.61 29.63 29.64 29.66 29.67 29.69 29.71 29.72 29.73 29.75 29.76 29.77 29.79 29.80 29.82 29.83 29.85 29.86 29.87 29.89 29.90 29.92 29.93 29.96 29.97 29.99 30.00 30.01 30.03 30.04 30.06 30.07 30.09 30.10 30.13 30.14 30.16 30.17 30.19 30.20 30.23 30.24 30.26 30.28 30.30 30.31 30.34 30.36 30.38 30.40 30.42 30.44 30.45 30.47 30.48 30.50 30.51 30.53 30.55 30.56 30.58 30.59 30.61 30.62 30.64 30.65 30.67
29.49 29.50 29.51 29.52 29.54 29.55 29.57 29.58 29.59 29.61 29.62 29.63 29.65 29.67 29.68 29.70 29.71 29.72 29.74 29.75 29.77 29.78 29.79 29.81 29.82 29.84 29.85 29.86 29.88 29.90 29.92 29.93 29.95 29.96 29.98 29.99 30.01 30.02 30.04 30.05 30.07 30.08 30.10 30.11 30.14 30.15 30.17 30.18 30.20 30.21 30.24 30.25 30.27 30.29 30.31 30.32 30.35 30.36 30.39 30.41 30.42 30.44 30.44 30.46 30.47 30.49 30.50 30.52 30.54 30.55 30.57 30.58 30.60 30.61 30.63 30.64 30.66
29.49 29.50 29.51 29.53 29.54 29.55 29.57 29.58 29.59 29.61 29.62 29.65 29.66 29.67 29.69 29.70 29.71 29.73 29.74 29.76 29.77 29.78 29.80 29.81 29.83 29.85 29.87 29.88 29.89 29.91 29.92 29.94 29.95 29.97 29.98 30.00 30.01 30.03 30.04 30.06 30.07 30.09 30.10 30.13 30.14 30.16 30.17 30.19 30.20 30.23 30.24 30.26 30.28 30.30 30.32 30.33 30.36 30.37 30.39 30.40 30.41 30.43 30.44 30.45 30.46 30.48 30.50 30.51 30.53 30.53 30.55 30.57 30.58 30.60 30.61 30.63 30.64
29.49 29.50 29.52 29.53 29.54 29.56 29.57 29.59 29.60 29.62 29.64 29.65 29.66 29.68 29.69 29.70 29.72 29.73 29.75 29.76 29.77 29.80 29.81 29.83 29.84 29.86 29.87 29.89 29.90 29.92 29.93 29.94 29.96 29.97 29.99 30.00 30.02 30.03 30.05 30.06 30.08 30.09 30.12 30.14 30.15 30.17 30.18 30.20 30.21 30.24 30.25 30.27 30.29 30.31 30.33 30.34 30.36 30.36 30.38 30.40 30.40 30.42 30.43 30.44 30.46 30.47 30.49 30.49 30.51 30.53 30.54 30.56 30.56 30.58 30.59 30.61 30.63
29.49 29.51 29.52 29.53 29.55 29.56 29.58 29.60 29.61 29.63 29.64 29.65 29.67 29.68 29.70 29.71 29.72 29.74 29.76 29.78 29.79 29.80 29.82 29.83 29.85 29.86 29.88 29.89 29.91 29.92 29.94 29.95 29.96 29.98 30.00 30.01 30.03 30.04 30.06 30.07 30.09 30.11 30.13 30.14 30.16 30.17 30.19 30.21 30.22 30.25 30.26 30.28 30.30 30.31 30.33 30.33 30.35 30.36 30.37 30.39 30.39 30.41 30.42 30.43 30.45 30.45 30.47 30.49 30.50 30.51 30.52 30.54 30.56 30.56 30.58 30.59 30.61
29.50 29.51 29.52 29.54 29.55 29.57 29.59 29.60 29.62 29.63 29.64 29.66 29.67 29.69 29.70 29.72 29.74 29.75 29.77 29.78 29.80 29.81 29.82 29.84 29.85 29.87 29.88 29.90 29.91 29.93 29.94 29.96 29.97 29.99 30.00 30.02 30.04 30.06 30.07 30.09 30.10 30.12 30.14 30.15 30.17 30.18 30.20 30.21 30.23 30.26 30.27 30.28 30.29 30.31 30.32 30.33 30.34 30.34 30.36 30.37 30.38 30.40 30.41 30.42 30.43 30.45 30.45 30.47 30.48 30.49 30.51 30.52 30.53 30.55 30.56 30.58 30.58
29.50 29.51 29.53 29.54 29.57 29.58 29.59 29.61 29.62 29.63 29.65 29.66 29.68 29.70 29.71 29.73 29.74 29.76 29.77 29.79 29.80 29.82 29.83 29.84 29.86 29.88 29.90 29.91 29.93 29.94 29.96 29.97 29.99 30.00 30.02 30.03 30.05 30.07 30.08 30.10 30.11 30.13 30.14 30.16 30.18 30.19 30.21 30.22 30.24 30.26 30.27 30.28 30.28 30.30 30.31 30.32 30.33 30.34 30.35 30.36 30.38 30.38 30.39 30.40 30.41 30.43 30.43 30.45 30.47 30.47 30.49 30.50 30.51 30.53 30.54 30.55 30.57
29.50 29.52 29.53 29.55 29.57 29.58 29.60 29.61 29.62 29.64 29.65 29.68 29.69 29.70 29.72 29.73 29.75 29.76 29.78 29.79 29.82 29.83 29.85 29.86 29.87 29.89 29.90 29.92 29.93 29.95 29.96 29.98 30.00 30.01 30.03 30.04 30.06 30.07 30.09 30.10 30.12 30.14 30.15 30.17 30.18 30.20 30.22 30.23 30.24 30.26 30.26 30.27 30.28 30.29 30.30 30.30 30.32 30.33 30.33 30.35 30.36 30.36 30.38 30.39 30.39 30.41 30.42 30.43 30.44 30.46 30.46 30.48 30.49 30.50 30.52 30.53 30.54
29.51 29.52 29.55 29.56 29.57 29.59 29.60 29.61 29.63 29.65 29.67 29.68 29.70 29.71 29.72 29.74 29.75 29.78 29.79 29.81 29.82 29.84 29.85 29.87 29.88 29.89 29.91 29.93 29.94 29.96 29.97 29.99 30.00 30.02 30.03 30.05 30.06 30.08 30.10 30.11 30.13 30.14 30.16 30.18 30.19 30.21 30.21 30.23 30.24 30.24 30.25 30.26 30.27 30.28 30.29 30.29 30.30 30.32 30.33 30.33 30.34 30.35 30.36 30.37 30.38 30.39 30.40 30.41 30.42 30.43 30.45 30.45 30.46 30.48 30.49 30.50 30.51
29.51 29.54 29.55 29.56 29.58 29.59 29.61 29.63 29.64 29.66 29.67 29.69 29.70 29.71 29.74 29.75 29.77 29.78 29.80 29.81 29.83 29.84 29.86 29.87 29.89 29.90 29.93 29.94 29.96 29.97 29.99 30.00 30.01 30.03 30.04 30.06 30.07 30.09 30.10 30.12 30.14 30.15 30.17 30.19 30.20 30.21 30.21 30.22 30.23 30.23 30.24 30.25 30.25 30.27 30.28 30.29 30.29 30.30 30.31 30.31 30.32 30.33 30.34 30.35 30.36 30.37 30.37 30.39 30.40 30.41 30.41 30.43 30.44 30.45 30.46 30.47 30.49
29.53 29.54 29.55 29.57 29.58 29.60 29.62 29.63 29.65 29.66 29.68 29.69 29.71 29.73 29.74 29.76 29.77 29.79 29.80 29.82 29.84 29.86 29.87 29.89 29.90 29.92 29.93 29.95 29.96 29.98 29.99 30.01 30.03 30.04 30.06 30.07 30.09 30.11 30.11 30.13 30.14 30.16 30.18 30.18 30.19 30.20 30.20 30.21 30.22 30.22 30.23 30.24 30.25 30.25 30.26 30.27 30.27 30.28 30.29 30.30 30.30 30.31 30.32 30.33 30.33 30.34 30.35 30.36 30.37 30.38 30.39 30.39 30.41 30.42 30.43 30.44 30.45
29.53 29.54 29.56 29.57 29.59 29.61 29.62 29.64 29.65 29.67 29.69 29.71 29.72 29.74 29.75 29.76 29.79 29.80 29.82 29.83 29.85 29.86 29.88 29.89 29.91 29.92 29.94 29.95 29.97 29.99 30.00 30.02 30.03 30.05 30.07 30.08 30.10 30.11 30.13 30.15 30.15 30.17 30.18 30.18 30.19 30.20 30.20 30.20 30.21 30.21 30.22 30.23 30.24 30.23 30.24 30.25 30.26 30.26 30.27 30.27 30.28 30.28 30.29 30.30 30.31 30.31 30.32 30.33 30.34 30.34 30.36 30.37 30.38 30.39 30.39 30.41 30.42
29.53 29.55 29.56 29.59 29.60 29.61 29.63 29.64 29.67 29.68 29.70 29.71 29.73 29.74 29.76 29.78 29.80 29.81 29.82 29.84 29.86 29.88 29.89 29.91 29.93 29.94 29.96 29.97 29.99 30.00 30.02 30.04 30.05 30.06 30.07 30.09 30.11 30.12 30.14 30.15 30.16 30.17 30.17 30.17 30.18 30.19 30.19 30.19 30.20 30.21 30.20 30.21 30.22 30.21 30.22 30.23 30.24 30.24 30.24 30.25 30.26 30.26 30.26 30.27 30.28 30.29 30.30 30.30 30.31 30.32 30.33 30.34 30.34 30.35 30.36 30.37 30.37
29.54 29.55 29.58 29.59 29.61 29.62 29.63 29.66 29.67 29.69 29.70 29.73 29.74 29.76 29.77 29.79 29.80 29.83 29.84 29.86 29.87 29.89 29.90 29.92 29.93 29.95 29.96 29.98 30.00 30.01 30.03 30.04 30.06 30.08 30.09 30.11 30.11 30.13 30.14 30.14 30.15 30.16 30.17 30.16 30.17 30.18 30.17 30.18 30.19 30.19 30.19 30.19 30.20 30.20 30.20 30.20 30.21 30.22 30.22 30.23 30.22 30.23 30.24 30.24 30.25 30.25 30.26 30.27 30.27 30.28 30.28 30.29 30.30 30.31 30.32 30.32 30.33
