datasets/raw/temp/2019100820191008.grid
ncols 886
nrows 691
xllcenter 112.0000
yllcenter -44.5000
cellsize 0.0500
nodata_value 99999.90
[rows 68 to 101 of 691, columns 0 to 76 of 886]
26.67 26.69 26.71 26.73 26.75 26.77 26.79 26.80 26.82 26.84 26.86 26.88 26.90 26.92 26.94 26.96 26.98 27.00 27.01 27.03 27.05 27.07 27.09 27.11 27.13 27.15 27.17 27.19 27.20 27.21 27.23 27.25 27.27 27.29 27.31 27.33 27.35 27.37 27.38 27.40 27.41 27.43 27.45 27.47 27.48 27.50 27.52 27.54 27.56 27.57 27.58 27.60 27.61 27.63 27.65 27.66 27.68 27.70 27.70 27.72 27.73 27.75 27.76 27.78 27.79 27.80 27.81 27.83 27.84 27.85 27.87 27.87 27.88 27.90 27.91 27.92 27.92
26.67 26.68 26.70 26.72 26.74 26.76 26.78 26.80 26.82 26.84 26.86 26.88 26.90 26.92 26.93 26.95 26.97 26.99 27.01 27.03 27.05 27.07 27.09 27.11 27.13 27.15 27.17 27.18 27.20 27.21 27.23 27.25 27.27 27.29 27.31 27.33 27.35 27.37 27.38 27.39 27.41 27.43 27.45 27.47 27.48 27.50 27.52 27.54 27.55 27.57 27.59 27.61 27.61 27.63 27.65 27.66 27.68 27.69 27.71 27.72 27.74 27.74 27.76 27.77 27.79 27.80 27.82 27.82 27.83 27.85 27.86 27.87 27.89 27.89 27.90 27.91 27.92
26.66 26.68 26.70 26.72 26.74 26.76 26.78 26.80 26.81 26.83 26.85 26.87 26.89 26.91 26.93 26.95 26.97 26.99 27.01 27.03 27.05 27.07 27.08 27.11 27.12 27.14 27.16 27.18 27.20 27.21 27.23 27.25 27.27 27.29 27.31 27.33 27.35 27.37 27.38 27.39 27.41 27.43 27.45 27.47 27.48 27.50 27.52 27.54 27.55 27.57 27.59 27.60 27.62 27.63 27.64 27.66 27.67 27.69 27.71 27.72 27.74 27.75 27.76 27.77 27.78 27.80 27.81 27.82 27.84 27.85 27.85 27.87 27.88 27.89 27.90 27.91 27.91
26.66 26.67 26.69 26.71 26.73 26.75 26.77 26.79 26.81 26.83 26.85 26.87 26.89 26.91 26.93 26.95 26.96 26.99 27.00 27.02 27.04 27.06 27.08 27.10 27.12 27.14 27.16 27.18 27.20 27.21 27.23 27.25 27.27 27.29 27.31 27.33 27.35 27.37 27.38 27.39 27.41 27.43 27.45 27.46 27.48 27.50 27.52 27.53 27.55 27.57 27.59 27.60 27.62 27.63 27.65 27.67 27.67 27.69 27.70 27.72 27.73 27.75 27.76 27.78 27.79 27.80 27.81 27.82 27.83 27.84 27.86 27.87 27.88 27.89 27.89 27.90 27.91
26.65 26.67 26.69 26.71 26.73 26.75 26.77 26.79 26.80 26.83 26.84 26.86 26.88 26.90 26.92 26.94 26.96 26.98 27.00 27.02 27.04 27.06 27.08 27.10 27.12 27.14 27.16 27.18 27.20 27.22 27.23 27.25 27.27 27.29 27.31 27.33 27.35 27.36 27.38 27.39 27.41 27.43 27.45 27.46 27.48 27.50 27.52 27.53 27.55 27.57 27.58 27.60 27.62 27.63 27.65 27.66 27.68 27.69 27.70 27.71 27.73 27.74 27.76 27.77 27.78 27.80 27.81 27.82 27.83 27.85 27.85 27.86 27.87 27.88 27.89 27.90 27.91
26.64 26.66 26.68 26.70 26.72 26.74 26.76 26.78 26.80 26.82 26.84 26.86 26.88 26.90 26.92 26.94 26.96 26.98 27.00 27.02 27.04 27.06 27.08 27.10 27.12 27.14 27.16 27.18 27.20 27.22 27.23 27.25 27.27 27.29 27.31 27.32 27.34 27.36 27.38 27.39 27.41 27.43 27.45 27.46 27.48 27.50 27.52 27.53 27.55 27.57 27.58 27.60 27.61 27.63 27.65 27.66 27.68 27.69 27.71 27.72 27.73 27.75 27.75 27.77 27.78 27.79 27.80 27.82 27.83 27.84 27.85 27.86 27.87 27.88 27.88 27.89 27.90
26.64 26.66 26.68 26.70 26.72 26.74 26.76 26.78 26.80 26.82 26.84 26.86 26.88 26.90 26.92 26.93 26.95 26.98 27.00 27.01 27.04 27.05 27.08 27.09 27.11 27.14 27.16 27.17 27.20 27.21 27.24 27.24 27.26 27.29 27.30 27.32 27.34 27.36 27.38 27.39 27.41 27.43 27.45 27.46 27.48 27.50 27.51 27.53 27.55 27.56 27.58 27.60 27.61 27.63 27.64 27.66 27.67 27.69 27.70 27.72 27.73 27.74 27.76 27.77 27.78 27.80 27.81 27.82 27.83 27.83 27.84 27.85 27.86 27.87 27.88 27.89 27.90
26.63 26.65 26.67 26.69 26.71 26.73 26.75 26.77 26.79 26.81 26.83 26.85 26.87 26.89 26.91 26.93 26.95 26.97 26.99 27.01 27.03 27.05 27.07 27.09 27.11 27.13 27.15 27.17 27.19 27.21 27.23 27.24 27.26 27.28 27.30 27.32 27.34 27.36 27.38 27.39 27.41 27.43 27.45 27.46 27.48 27.50 27.52 27.54 27.56 27.57 27.59 27.61 27.61 27.64 27.64 27.67 27.67 27.70 27.70 27.71 27.73 27.74 27.75 27.77 27.78 27.79 27.80 27.81 27.82 27.84 27.85 27.86 27.86 27.87 27.88 27.88 27.89
26.63 26.65 26.67 26.69 26.71 26.74 26.76 26.78 26.80 26.82 26.84 26.86 26.88 26.89 26.91 26.93 26.95 26.97 26.99 27.01 27.03 27.05 27.07 27.09 27.11 27.13 27.15 27.17 27.19 27.21 27.23 27.25 27.26 27.28 27.30 27.32 27.34 27.36 27.38 27.39 27.41 27.44 27.46 27.47 27.49 27.51 27.52 27.54 27.56 27.57 27.59 27.60 27.62 27.63 27.65 27.66 27.68 27.69 27.71 27.72 27.73 27.75 27.76 27.77 27.78 27.79 27.81 27.82 27.83 27.83 27.84 27.85 27.86 27.86 27.87 27.88 27.89
26.63 26.65 26.67 26.69 26.71 26.73 26.75 26.77 26.79 26.81 26.83 26.85 26.87 26.89 26.92 26.93 26.96 26.98 26.99 27.01 27.03 27.05 27.07 27.09 27.11 27.13 27.15 27.17 27.19 27.21 27.23 27.25 27.27 27.28 27.30 27.32 27.34 27.36 27.39 27.40 27.42 27.44 27.46 27.47 27.49 27.51 27.52 27.54 27.56 27.57 27.59 27.60 27.62 27.63 27.65 27.66 27.68 27.69 27.70 27.72 27.73 27.74 27.75 27.77 27.78 27.79 27.80 27.81 27.82 27.83 27.84 27.85 27.86 27.86 27.87 27.88 27.89
26.63 26.65 26.67 26.69 26.71 26.73 26.75 26.77 26.79 26.81 26.83 26.85 26.87 26.89 26.91 26.93 26.95 26.97 26.99 27.01 27.04 27.05 27.07 27.09 27.11 27.13 27.15 27.17 27.19 27.21 27.23 27.25 27.27 27.28 27.30 27.32 27.34 27.36 27.39 27.40 27.42 27.44 27.46 27.47 27.49 27.51 27.52 27.54 27.56 27.57 27.59 27.60 27.62 27.63 27.65 27.66 27.67 27.69 27.70 27.71 27.73 27.74 27.76 27.77 27.77 27.79 27.80 27.80 27.81 27.82 27.84 27.85 27.85 27.85 27.86 27.87 27.87
26.62 26.64 26.66 26.68 26.70 26.72 26.74 26.76 26.79 26.81 26.83 26.85 26.87 26.89 26.91 26.93 26.95 26.97 26.99 27.01 27.03 27.05 27.07 27.09 27.11 27.13 27.15 27.17 27.19 27.21 27.23 27.25 27.27 27.29 27.30 27.32 27.34 27.36 27.39 27.40 27.42 27.44 27.46 27.47 27.49 27.51 27.52 27.54 27.55 27.57 27.59 27.61 27.62 27.64 27.65 27.67 27.68 27.70 27.71 27.72 27.73 27.74 27.76 27.77 27.78 27.79 27.80 27.81 27.82 27.82 27.83 27.84 27.85 27.85 27.86 27.87 27.87
26.62 26.64 26.66 26.68 26.70 26.72 26.74 26.76 26.78 26.80 26.82 26.84 26.86 26.88 26.91 26.93 26.95 26.97 26.99 27.01 27.03 27.05 27.07 27.09 27.11 27.13 27.14 27.17 27.19 27.21 27.23 27.25 27.27 27.29 27.31 27.32 27.34 27.36 27.39 27.41 27.42 27.44 27.46 27.47 27.49 27.51 27.52 27.54 27.55 27.58 27.60 27.61 27.62 27.64 27.65 27.67 27.68 27.69 27.71 27.72 27.73 27.74 27.75 27.77 27.77 27.79 27.80 27.81 27.82 27.83 27.83 27.84 27.85 27.85 27.86 27.86 27.87
26.61 26.63 26.65 26.67 26.69 26.71 26.74 26.76 26.78 26.80 26.82 26.84 26.86 26.88 26.90 26.92 26.94 26.96 26.99 27.01 27.03 27.05 27.07 27.09 27.11 27.13 27.15 27.18 27.19 27.21 27.23 27.25 27.27 27.29 27.31 27.33 27.34 27.37 27.39 27.41 27.42 27.44 27.46 27.47 27.49 27.51 27.52 27.55 27.57 27.58 27.60 27.61 27.62 27.64 27.65 27.67 27.68 27.70 27.71 27.72 27.74 27.75 27.76 27.77 27.78 27.79 27.80 27.80 27.81 27.82 27.83 27.83 27.84 27.84 27.85 27.85 27.86
26.61 26.63 26.65 26.67 26.69 26.71 26.73 26.75 26.77 26.79 26.82 26.84 26.86 26.88 26.90 26.92 26.94 26.96 26.98 27.00 27.02 27.05 27.07 27.09 27.11 27.13 27.15 27.17 27.20 27.22 27.23 27.25 27.27 27.29 27.31 27.33 27.36 27.37 27.39 27.41 27.43 27.44 27.46 27.48 27.49 27.52 27.53 27.55 27.57 27.58 27.60 27.61 27.62 27.64 27.66 27.67 27.69 27.70 27.71 27.72 27.73 27.74 27.75 27.76 27.77 27.79 27.80 27.81 27.81 27.82 27.83 27.83 27.84 27.84 27.85 27.85 27.85
26.60 26.62 26.64 26.66 26.68 26.71 26.73 26.75 26.77 26.79 26.81 26.83 26.85 26.87 26.89 26.92 26.94 26.96 26.98 27.00 27.02 27.04 27.07 27.09 27.11 27.13 27.15 27.17 27.19 27.21 27.24 27.26 27.27 27.29 27.31 27.33 27.36 27.38 27.39 27.41 27.43 27.44 27.46 27.48 27.50 27.52 27.54 27.55 27.57 27.58 27.61 27.62 27.63 27.65 27.66 27.67 27.69 27.70 27.71 27.73 27.74 27.75 27.76 27.77 27.78 27.79 27.79 27.80 27.81 27.81 27.83 27.83 27.84 27.84 27.84 27.85 27.85
26.60 26.62 26.64 26.66 26.68 26.70 26.72 26.74 26.76 26.79 26.82 26.84 26.86 26.88 26.90 26.92 26.95 26.97 26.99 27.01 27.03 27.05 27.07 27.09 27.11 27.13 27.15 27.17 27.19 27.21 27.24 27.26 27.28 27.30 27.31 27.33 27.36 27.38 27.39 27.41 27.43 27.45 27.46 27.49 27.51 27.52 27.54 27.55 27.57 27.59 27.61 27.62 27.63 27.65 27.66 27.67 27.69 27.71 27.72 27.73 27.74 27.75 27.76 27.77 27.78 27.79 27.80 27.80 27.81 27.82 27.82 27.83 27.83 27.83 27.83 27.84 27.85
26.59 26.61 26.63 26.66 26.68 26.71 26.73 26.75 26.77 26.79 26.81 26.84 26.86 26.88 26.90 26.92 26.94 26.96 26.99 27.01 27.03 27.05 27.07 27.09 27.11 27.14 27.16 27.18 27.19 27.21 27.24 27.26 27.28 27.30 27.32 27.33 27.36 27.38 27.40 27.42 27.43 27.45 27.48 27.49 27.51 27.52 27.54 27.56 27.58 27.59 27.61 27.62 27.63 27.66 27.67 27.68 27.69 27.71 27.72 27.73 27.75 27.76 27.76 27.77 27.78 27.79 27.79 27.80 27.81 27.82 27.82 27.83 27.83 27.83 27.83 27.83 27.83
26.59 26.62 26.64 26.66 26.68 26.70 26.72 26.75 26.77 26.79 26.81 26.83 26.85 26.88 26.90 26.92 26.94 26.96 26.98 27.01 27.03 27.05 27.07 27.09 27.11 27.14 27.16 27.18 27.20 27.22 27.25 27.26 27.28 27.30 27.32 27.34 27.37 27.38 27.40 27.42 27.45 27.46 27.48 27.49 27.51 27.53 27.55 27.57 27.58 27.60 27.61 27.63 27.65 27.66 27.67 27.68 27.70 27.71 27.72 27.73 27.74 27.75 27.76 27.78 27.79 27.79 27.80 27.80 27.81 27.81 27.82 27.83 27.83 27.83 27.83 27.83 27.83
26.59 26.61 26.63 26.66 26.68 26.70 26.72 26.74 26.76 26.79 26.81 26.83 26.85 26.87 26.89 26.92 26.94 26.96 26.98 27.00 27.02 27.05 27.07 27.09 27.11 27.14 27.16 27.18 27.20 27.22 27.25 27.27 27.29 27.30 27.32 27.34 27.37 27.39 27.40 27.42 27.45 27.47 27.48 27.50 27.51 27.54 27.55 27.57 27.58 27.61 27.62 27.63 27.65 27.66 27.67 27.69 27.70 27.71 27.72 27.73 27.75 27.76 27.77 27.78 27.78 27.80 27.80 27.81 27.81 27.82 27.82 27.82 27.83 27.83 27.83 27.83 27.83
26.59 26.61 26.63 26.65 26.67 26.69 26.72 26.74 26.76 26.78 26.80 26.83 26.86 26.88 26.90 26.92 26.95 26.97 26.99 27.01 27.03 27.05 27.08 27.10 27.12 27.14 27.17 27.19 27.20 27.22 27.25 27.27 27.29 27.31 27.33 27.36 27.37 27.39 27.41 27.43 27.45 27.47 27.49 27.50 27.53 27.54 27.56 27.57 27.60 27.61 27.62 27.64 27.66 27.67 27.68 27.69 27.71 27.73 27.73 27.74 27.75 27.76 27.77 27.78 27.79 27.80 27.80 27.80 27.82 27.82 27.82 27.82 27.82 27.82 27.82 27.83 27.82
26.58 26.60 26.62 26.65 26.67 26.69 26.71 26.73 26.77 26.79 26.81 26.83 26.85 26.88 26.90 26.92 26.94 26.96 26.99 27.01 27.03 27.05 27.08 27.10 27.12 27.14 27.17 27.19 27.21 27.23 27.26 27.28 27.29 27.31 27.33 27.36 27.38 27.40 27.41 27.44 27.46 27.47 27.49 27.52 27.53 27.55 27.56 27.59 27.60 27.61 27.63 27.65 27.66 27.67 27.69 27.71 27.72 27.73 27.74 27.75 27.76 27.77 27.78 27.78 27.80 27.80 27.81 27.81 27.81 27.81 27.82 27.82 27.82 27.82 27.82 27.83 27.82
26.58 26.60 26.62 26.64 26.67 26.70 26.72 26.74 26.76 26.78 26.81 26.83 26.85 26.87 26.89 26.92 26.94 26.96 26.98 27.01 27.04 27.06 27.08 27.11 27.13 27.15 27.16 27.19 27.21 27.23 27.25 27.28 27.30 27.32 27.35 27.36 27.38 27.40 27.43 27.44 27.46 27.48 27.50 27.52 27.54 27.55 27.58 27.59 27.60 27.62 27.64 27.65 27.67 27.69 27.70 27.71 27.72 27.73 27.75 27.76 27.76 27.77 27.79 27.79 27.80 27.80 27.81 27.82 27.82 27.82 27.82 27.83 27.83 27.82 27.82 27.81 27.81
26.57 26.60 26.63 26.65 26.67 26.69 26.71 26.74 26.76 26.78 26.80 26.83 26.86 26.88 26.90 26.93 26.95 26.97 26.99 27.02 27.04 27.06 27.08 27.11 27.13 27.15 27.17 27.20 27.22 27.24 27.26 27.29 27.31 27.32 27.35 27.37 27.39 27.41 27.43 27.45 27.47 27.49 27.51 27.53 27.54 27.57 27.58 27.60 27.62 27.63 27.65 27.66 27.68 27.69 27.70 27.71 27.73 27.74 27.75 27.77 27.77 27.78 27.79 27.80 27.81 27.81 27.81 27.82 27.82 27.82 27.82 27.82 27.83 27.82 27.82 27.81 27.81
26.58 26.60 26.62 26.64 26.67 26.69 26.71 26.73 26.77 26.79 26.81 26.83 26.86 26.88 26.90 26.92 26.95 26.97 26.99 27.01 27.04 27.07 27.09 27.11 27.14 27.16 27.18 27.21 27.23 27.24 27.26 27.29 27.31 27.33 27.36 27.38 27.39 27.42 27.44 27.46 27.48 27.50 27.52 27.53 27.56 27.57 27.59 27.61 27.63 27.64 27.65 27.67 27.68 27.70 27.72 27.73 27.74 27.74 27.76 27.77 27.78 27.79 27.80 27.80 27.81 27.82 27.82 27.82 27.82 27.83 27.83 27.83 27.82 27.83 27.82 27.81 27.81
26.57 26.59 26.62 26.64 26.66 26.69 26.72 26.74 26.76 26.78 26.81 26.83 26.85 26.87 26.91 26.93 26.95 26.97 27.00 27.02 27.04 27.07 27.09 27.11 27.14 27.16 27.18 27.20 27.23 27.25 27.27 27.30 27.32 27.34 27.37 27.38 27.40 27.43 27.45 27.46 27.49 27.51 27.52 27.55 27.56 27.58 27.60 27.62 27.63 27.65 27.67 27.68 27.70 27.71 27.72 27.74 27.75 27.76 27.77 27.78 27.79 27.79 27.81 27.81 27.82 27.82 27.83 27.83 27.83 27.83 27.83 27.83 27.83 27.83 27.82 27.81 27.81
26.57 26.59 26.62 26.64 26.67 26.69 26.71 26.74 26.76 26.78 26.81 26.84 26.86 26.88 26.90 26.93 26.95 26.97 27.00 27.03 27.05 27.08 27.10 27.12 27.14 27.17 27.19 27.21 27.24 27.26 27.29 27.31 27.33 27.34 27.37 27.39 27.41 27.44 27.46 27.48 27.50 27.52 27.54 27.56 27.57 27.60 27.61 27.63 27.65 27.66 27.67 27.70 27.71 27.72 27.74 27.75 27.76 27.77 27.78 27.79 27.80 27.81 27.81 27.83 27.83 27.83 27.83 27.84 27.84 27.83 27.84 27.84 27.83 27.82 27.83 27.82 27.81
26.57 26.60 26.62 26.64 26.66 26.69 26.72 26.74 26.76 26.79 26.81 26.83 26.86 26.88 26.91 26.93 26.96 26.98 27.00 27.03 27.05 27.07 27.10 27.13 27.15 27.18 27.20 27.23 27.25 27.27 27.30 27.32 27.33 27.36 27.38 27.40 27.43 27.45 27.46 27.49 27.51 27.53 27.55 27.57 27.59 27.61 27.62 27.65 27.66 27.67 27.69 27.70 27.72 27.74 27.75 27.76 27.77 27.78 27.80 27.80 27.81 27.82 27.83 27.83 27.83 27.84 27.84 27.84 27.85 27.84 27.84 27.84 27.84 27.83 27.82 27.82 27.81
26.57 26.59 26.61 26.65 26.67 26.69 26.71 26.74 26.76 26.78 26.82 26.84 26.86 26.89 26.91 26.93 26.97 26.99 27.01 27.04 27.06 27.08 27.11 27.13 27.15 27.18 27.20 27.23 27.26 27.28 27.30 27.32 27.34 27.37 27.39 27.41 27.44 27.46 27.48 27.50 27.52 27.55 27.56 27.58 27.60 27.62 27.64 27.66 27.67 27.69 27.70 27.71 27.74 27.75 27.76 27.77 27.78 27.80 27.81 27.82 27.83 27.83 27.84 27.84 27.84 27.85 27.85 27.85 27.86 27.85 27.85 27.85 27.84 27.83 27.82 27.82 27.81
26.56 26.60 26.62 26.64 26.66 26.69 26.72 26.74 26.77 26.79 26.81 26.84 26.87 26.89 26.92 26.94 26.96 26.99 27.02 27.05 27.07 27.09 27.11 27.14 27.16 27.19 27.21 27.23 27.26 27.28 27.31 27.33 27.35 27.38 27.40 27.42 27.45 27.47 27.50 27.51 27.54 27.56 27.57 27.60 27.61 27.64 27.65 27.67 27.69 27.70 27.72 27.74 27.75 27.77 27.77 27.79 27.80 27.81 27.82 27.83 27.83 27.85 27.85 27.86 27.86 27.86 27.87 27.86 27.86 27.86 27.86 27.85 27.85 27.84 27.83 27.83 27.81
26.57 26.59 26.61 26.64 26.67 26.69 26.72 26.74 26.76 26.80 26.82 26.84 26.87 26.89 26.92 26.95 26.97 27.00 27.02 27.05 27.08 27.10 27.12 27.15 27.17 27.20 27.22 27.24 27.28 27.30 27.33 27.35 27.37 27.39 27.41 27.44 27.46 27.49 27.51 27.53 27.55 27.57 27.60 27.61 27.64 27.65 27.67 27.69 27.70 27.72 27.74 27.75 27.77 27.78 27.80 27.80 27.81 27.83 27.83 27.85 27.85 27.86 27.87 27.87 27.88 27.88 27.88 27.88 27.87 27.88 27.87 27.86 27.86 27.85 27.84 27.83 27.82
26.56 26.60 26.62 26.64 26.67 26.69 26.72 26.75 26.77 26.79 26.83 26.85 26.88 26.90 26.92 26.96 26.98 27.00 27.03 27.05 27.09 27.11 27.13 27.16 27.18 27.21 27.23 27.26 27.29 27.31 27.34 27.36 27.39 27.41 27.43 27.46 27.47 27.50 27.52 27.55 27.57 27.59 27.61 27.62 27.65 27.66 27.69 27.70 27.73 27.74 27.76 27.77 27.78 27.80 27.81 27.83 27.83 27.85 27.86 27.86 27.87 27.88 27.89 27.89 27.89 27.89 27.89 27.89 27.89 27.88 27.88 27.87 27.87 27.86 27.84 27.84 27.82
26.57 26.59 26.62 26.65 26.67 26.70 26.72 26.75 26.78 26.80 26.83 26.86 26.88 26.91 26.93 26.96 26.99 27.01 27.04 27.06 27.09 27.12 27.14 27.17 27.19 27.23 27.25 27.27 27.30 27.32 27.35 27.37 27.40 27.42 27.45 27.47 27.50 27.52 27.54 27.56 27.58 27.61 27.62 27.65 27.67 27.69 27.70 27.73 27.74 27.75 27.78 27.79 27.81 27.82 27.83 27.84 27.86 27.86 27.88 27.88 27.89 27.90 27.90 27.91 27.91 27.91 27.91 27.91 27.91 27.90 27.90 27.89 27.88 27.87 27.85 27.85 27.83
26.56 26.60 26.62 26.64 26.68 26.70 26.73 26.75 26.78 26.81 26.83 26.86 26.89 26.91 26.94 26.97 27.00 27.02 27.04 27.08 27.10 27.13 27.15 27.18 27.21 27.23 27.26 27.28 27.31 27.33 27.36 27.39 27.42 27.44 27.47 27.49 27.51 27.53 27.56 27.58 27.61 27.62 27.64 27.67 27.69 27.71 27.73 27.75 27.76 27.78 27.79 27.81 27.82 27.84 27.85 27.87 27.87 27.89 27.89 27.91 27.91 27.92 27.92 27.93 27.93 27.92 27.93 27.92 27.92 27.91 27.91 27.90 27.90 27.88 27.87 27.86 27.84
