datasets/raw/temp/2019100220191002.grid
ncols 886
nrows 691
xllcenter 112.0000
yllcenter -44.5000
cellsize 0.0500
nodata_value 99999.90
[rows 442 to 475 of 691, columns 539 to 615 of 886]
32.42 32.65 32.65 32.88 33.30 33.33 33.35 33.38 33.38 33.28 33.26 33.15 33.17 33.17 33.27 33.23 33.16 33.02 32.89 32.61 32.64 32.69 32.83 32.68 32.46 32.96 32.61 32.57 32.47 32.68 32.75 32.91 32.78 32.96 32.99 32.93 32.90 32.74 32.58 32.51 32.44 32.29 32.25 32.08 31.68 31.67 31.84 31.95 31.96 31.94 31.79 31.80 31.87 32.14 32.28 32.28 32.30 32.45 32.60 32.67 32.75 32.84 32.92 32.96 32.96 32.96 33.10 33.11 33.19 33.27 33.34 33.37 33.37 33.38 33.38 33.40 33.37
32.43 32.53 32.68 33.17 33.36 33.35 33.37 33.34 33.28 33.21 33.10 33.05 32.96 33.05 33.22 33.14 33.00 32.79 32.60 32.40 32.01 32.50 32.40 32.24 32.08 32.37 32.58 32.45 32.28 32.58 32.80 32.85 32.88 32.80 32.90 32.88 32.83 32.58 32.46 32.38 32.38 32.28 32.13 32.01 31.52 31.73 31.96 32.06 32.11 32.07 32.11 31.99 32.18 32.28 32.42 32.40 32.51 32.62 32.72 32.76 32.84 32.94 33.02 32.99 33.04 33.21 33.30 33.17 33.32 33.40 33.43 33.46 33.47 33.47 33.44 33.46 33.46
31.55 32.23 33.05 33.23 33.07 33.32 33.17 33.11 33.08 33.07 32.73 32.80 33.03 32.93 32.95 32.98 32.69 32.32 32.12 32.20 31.79 31.82 32.00 31.84 32.10 31.75 32.32 32.45 32.22 32.45 32.67 32.77 32.86 32.84 32.82 32.76 32.76 32.60 32.31 32.27 32.24 32.09 32.06 32.01 31.75 31.93 32.01 32.13 32.23 32.27 32.28 32.26 32.34 32.41 32.45 32.60 32.70 32.78 32.85 32.88 32.94 33.01 33.06 33.03 33.12 33.30 33.35 33.38 33.44 33.47 33.48 33.49 33.53 33.44 33.48 33.46 33.43
32.36 32.80 33.11 33.19 33.32 33.34 33.22 33.05 32.94 32.94 32.62 32.74 32.90 32.84 32.72 32.81 32.58 32.35 32.00 31.79 31.79 31.78 31.93 31.95 31.98 31.79 32.13 32.42 32.45 32.45 32.43 32.50 32.69 32.68 32.59 32.64 32.69 32.50 32.40 32.19 32.18 31.96 32.08 32.16 32.06 32.09 32.12 32.26 32.38 32.43 32.38 32.44 32.33 32.53 32.60 32.69 32.77 32.87 32.94 33.02 33.04 33.06 33.12 33.11 33.30 33.35 33.40 33.44 33.53 33.52 33.50 33.47 33.53 33.53 33.52 33.46 33.44
32.85 33.10 33.23 33.27 33.23 33.14 33.05 32.70 32.78 32.70 32.52 32.61 32.58 32.48 32.30 32.58 32.54 32.37 31.97 31.75 31.78 31.87 31.89 31.99 32.15 32.21 32.34 32.49 32.54 32.66 32.67 32.63 32.57 32.45 32.54 32.57 32.58 32.51 32.35 32.26 32.14 32.15 32.30 32.22 32.12 32.28 32.29 32.32 32.44 32.53 32.49 32.58 32.46 32.57 32.73 32.80 32.89 32.93 33.01 33.08 33.14 33.17 33.26 33.28 33.39 33.44 33.52 33.52 33.53 33.48 33.52 33.51 33.53 33.52 33.51 33.47 33.45
32.95 33.17 33.23 33.16 33.06 32.80 32.69 32.54 32.39 32.47 32.35 32.23 32.30 32.14 32.13 32.24 32.25 32.26 32.08 31.68 31.66 31.92 32.00 31.84 32.10 32.23 32.28 32.35 32.40 32.55 32.60 32.71 32.42 32.78 32.79 32.60 32.80 32.61 32.38 32.58 32.36 32.25 32.46 32.40 32.33 32.43 32.48 32.50 32.53 32.48 32.61 32.70 32.73 32.78 32.84 32.90 32.98 33.05 33.10 33.17 33.21 33.25 33.32 33.36 33.42 33.48 33.51 33.53 33.55 33.57 33.55 33.56 33.54 33.54 33.51 33.49 33.45
33.03 33.13 33.17 33.14 32.98 32.85 32.55 32.50 32.31 31.49 32.00 32.27 32.13 31.90 31.63 31.85 31.95 31.59 31.34 31.74 31.78 31.93 31.99 32.03 32.06 32.00 31.95 32.15 32.29 32.39 32.34 32.58 32.76 32.74 32.94 32.78 32.90 32.59 32.45 32.47 32.42 32.34 32.55 32.51 32.44 32.58 32.60 32.62 32.69 32.63 32.68 32.76 32.83 32.87 32.94 33.00 33.07 33.12 33.18 33.24 33.29 33.33 33.40 33.45 33.49 33.53 33.53 33.55 33.56 33.59 33.57 33.59 33.56 33.53 33.51 33.48 33.45
32.73 33.11 32.90 33.03 32.90 32.84 32.66 32.46 32.12 31.99 32.23 32.39 32.31 31.87 31.79 31.40 31.67 31.59 31.36 31.29 31.78 31.72 31.77 31.87 31.78 31.56 31.92 31.99 32.14 32.15 32.36 32.49 32.56 32.62 32.86 32.96 32.94 32.75 32.44 32.64 32.76 32.69 32.68 32.70 32.59 32.73 32.74 32.72 32.75 32.80 32.79 32.84 32.86 32.96 33.02 33.08 33.13 33.19 33.25 33.30 33.34 33.41 33.48 33.48 33.47 33.54 33.55 33.51 33.58 33.61 33.61 33.59 33.56 33.53 33.50 33.41 33.41
33.09 33.16 32.93 32.86 32.45 32.42 32.38 32.24 32.27 31.94 32.04 32.32 32.47 31.59 31.84 32.19 31.98 31.74 31.34 31.43 31.44 31.19 31.47 31.66 31.73 31.58 31.76 32.00 31.88 32.31 32.55 32.74 32.93 32.82 32.94 33.03 33.06 32.84 32.81 32.69 32.79 32.76 32.86 32.85 32.79 32.80 32.86 32.87 32.88 32.93 32.91 32.91 33.01 33.07 33.10 33.15 33.22 33.27 33.31 33.38 33.40 33.54 33.51 33.53 33.52 33.55 33.56 33.54 33.61 33.61 33.60 33.55 33.54 33.51 33.45 33.38 33.36
33.12 33.11 33.06 32.84 32.55 32.57 32.42 32.35 31.64 32.20 32.00 31.52 32.43 32.52 32.53 32.35 31.94 31.34 30.94 30.97 31.38 31.39 31.48 31.50 31.59 31.91 32.15 32.34 32.34 32.53 32.71 32.91 33.01 33.02 33.13 33.16 33.11 32.80 32.84 32.96 32.98 32.99 32.97 32.91 32.93 32.91 32.96 32.96 32.97 33.01 33.01 33.06 33.10 33.16 33.22 33.24 33.28 33.34 33.39 33.47 33.38 33.48 33.49 33.46 33.45 33.52 33.59 33.58 33.60 33.55 33.58 33.54 33.51 33.47 33.41 33.30 33.38
32.94 32.97 32.89 32.88 32.71 32.29 32.52 32.37 32.37 32.12 32.14 32.26 32.67 31.89 32.62 32.50 32.17 31.25 30.93 31.09 31.38 31.64 31.39 31.93 31.93 32.06 32.43 32.55 32.44 32.80 32.92 33.02 33.13 33.18 33.24 33.25 33.19 33.18 33.16 33.12 33.17 33.18 33.08 33.06 33.06 33.03 32.99 33.04 33.07 33.10 33.11 33.17 33.21 33.22 33.29 33.32 33.35 33.40 33.45 33.41 33.42 33.41 33.49 33.51 33.44 33.53 33.61 33.60 33.54 33.57 33.57 33.52 33.47 33.45 33.32 33.27 33.34
32.70 32.75 32.73 32.67 32.45 32.46 32.52 32.50 32.61 32.47 32.22 32.37 32.60 32.65 32.73 32.57 32.03 31.81 31.95 32.07 31.96 31.70 31.70 32.03 32.19 32.37 32.52 32.71 32.77 32.83 33.02 33.12 33.19 33.26 33.29 33.28 33.26 33.28 33.29 33.27 33.25 33.28 33.13 33.17 33.13 33.13 33.12 33.11 33.14 33.19 33.19 33.23 33.26 33.30 33.36 33.38 33.43 33.46 33.48 33.45 33.42 33.45 33.50 33.51 33.48 33.58 33.58 33.55 33.57 33.53 33.55 33.49 33.40 33.35 33.32 33.26 33.18
32.51 31.92 32.55 32.46 32.19 32.25 32.27 32.10 32.53 32.62 32.56 32.34 32.43 32.40 32.46 32.95 32.35 32.16 32.23 32.14 32.03 31.79 31.82 31.96 32.24 32.28 32.48 32.69 32.88 32.92 33.10 33.17 33.25 33.30 33.34 33.30 33.32 33.32 33.33 33.30 33.27 33.29 33.30 33.29 33.26 33.21 33.22 33.22 33.28 33.29 33.15 33.19 33.32 33.37 33.43 33.45 33.50 33.53 33.47 33.34 33.51 33.49 33.50 33.50 33.58 33.53 33.54 33.55 33.56 33.54 33.49 33.39 33.37 33.35 33.28 33.31 33.15
32.21 32.33 32.17 32.07 31.95 31.80 31.99 32.11 32.00 32.60 32.37 32.47 32.72 32.68 32.60 32.62 32.64 32.35 32.32 32.35 32.23 32.13 32.13 32.00 32.17 32.42 32.60 32.53 32.84 33.05 33.16 33.25 33.30 33.42 33.43 33.39 33.39 33.41 33.37 33.38 33.36 33.35 33.36 33.32 33.33 33.30 33.30 33.29 33.32 33.29 33.15 33.30 33.35 33.43 33.47 33.52 33.52 33.49 33.42 33.47 33.45 33.42 33.50 33.56 33.50 33.56 33.58 33.56 33.48 33.49 33.40 33.38 33.40 33.30 33.30 33.19 33.15
31.92 32.04 31.57 31.50 31.08 31.28 31.55 31.59 31.83 32.46 32.51 32.69 32.65 32.66 32.58 32.74 32.76 32.56 32.45 32.30 32.21 32.26 32.07 32.32 32.40 32.55 32.74 32.70 33.08 33.11 33.20 33.27 33.35 33.42 33.45 33.47 33.46 33.43 33.40 33.40 33.40 33.36 33.38 33.38 33.37 33.35 33.35 33.36 33.34 33.25 33.28 33.42 33.44 33.43 33.50 33.52 33.47 33.45 33.25 33.41 33.48 33.39 33.35 33.57 33.53 33.48 33.52 33.52 33.47 33.44 33.36 33.38 33.26 33.23 33.18 33.15 33.11
31.40 31.65 31.11 31.14 30.78 31.02 31.63 31.98 32.34 32.49 32.54 32.46 32.36 32.35 32.37 32.40 32.23 32.72 32.51 32.43 32.38 32.22 32.51 32.49 32.61 32.78 32.90 32.97 33.11 33.22 33.29 33.36 33.42 33.49 33.54 33.54 33.50 33.47 33.42 33.42 33.40 33.40 33.41 33.42 33.42 33.38 33.40 33.41 33.40 33.27 33.41 33.45 33.49 33.47 33.40 33.44 33.48 33.42 33.25 33.33 33.52 33.37 33.35 33.43 33.56 33.46 33.52 33.48 33.46 33.43 33.37 33.26 33.28 33.26 33.10 33.11 33.08
30.78 30.70 31.21 30.75 30.85 31.34 31.64 32.00 32.17 32.33 32.45 32.27 31.80 31.62 32.12 31.66 32.31 32.64 32.50 32.65 32.65 32.65 32.64 32.70 32.83 32.91 33.02 33.11 33.24 33.33 33.37 33.40 33.51 33.56 33.56 33.54 33.52 33.51 33.47 33.40 33.43 33.41 33.43 33.43 33.41 33.40 33.41 33.42 33.42 33.35 33.45 33.46 33.45 33.49 33.45 33.27 33.43 33.40 33.24 33.32 33.32 33.47 33.36 33.45 33.50 33.40 33.43 33.44 33.42 33.37 33.24 33.29 33.20 33.13 33.10 33.05 33.05
31.06 31.12 30.77 31.04 31.24 31.14 31.58 31.83 32.06 32.19 32.36 32.08 31.82 30.95 31.68 31.74 32.18 32.56 32.74 32.76 32.79 32.77 32.79 32.85 32.95 33.07 33.15 33.24 33.31 33.42 33.47 33.53 33.54 33.57 33.59 33.57 33.52 33.54 33.42 33.44 33.40 33.39 33.42 33.41 33.37 33.35 33.30 33.35 33.39 33.43 33.46 33.40 33.39 33.33 33.34 33.45 33.31 33.31 33.27 33.41 33.25 33.39 33.37 33.47 33.38 33.42 33.40 33.39 33.37 33.30 33.14 33.22 33.15 33.10 33.11 33.11 33.02
31.00 30.89 30.73 31.20 31.23 30.91 31.03 31.85 32.07 32.20 32.06 32.06 31.39 31.85 32.14 32.42 32.59 32.49 32.80 32.82 32.86 32.89 32.99 33.10 33.16 33.24 33.32 33.42 33.50 33.55 33.58 33.61 33.65 33.65 33.58 33.58 33.53 33.39 33.44 33.49 33.28 33.44 33.37 33.39 33.32 33.31 33.21 33.14 33.14 33.22 33.27 33.32 33.20 33.23 33.31 33.37 33.29 33.25 33.29 33.25 33.25 33.30 33.44 33.32 33.26 33.35 33.38 33.36 33.32 33.13 33.08 33.13 33.06 33.12 33.10 33.02 32.98
30.96 30.94 30.72 31.11 31.15 30.88 31.57 31.67 31.89 32.18 32.23 32.09 31.82 31.74 32.35 32.44 32.61 32.77 32.84 32.88 32.89 32.96 33.05 33.15 33.23 33.32 33.40 33.47 33.54 33.59 33.60 33.66 33.63 33.75 33.59 33.50 33.47 33.38 33.39 33.36 33.31 33.28 33.27 33.25 33.41 33.24 33.15 33.06 32.98 33.05 33.09 33.19 32.96 33.12 33.30 33.26 33.29 33.23 33.33 33.27 33.22 33.37 33.39 33.36 33.18 33.32 33.35 33.28 33.28 33.08 33.03 33.17 33.03 33.09 33.04 33.01 32.92
31.01 30.62 30.96 31.27 30.59 31.25 32.01 31.54 31.95 32.28 32.45 32.11 31.29 32.37 32.61 32.83 32.74 32.91 32.97 32.96 33.01 33.08 33.14 33.22 33.28 33.37 33.44 33.42 33.57 33.60 33.58 33.59 33.62 33.60 33.47 33.45 33.53 33.38 33.39 33.46 33.46 33.24 33.11 33.15 33.20 33.16 33.02 33.05 33.15 33.24 33.15 33.00 32.98 33.10 33.17 33.18 33.15 33.15 33.27 33.26 33.16 33.32 33.33 33.33 33.25 33.21 33.28 33.28 33.05 33.08 33.17 33.10 33.03 33.09 33.00 32.94 32.89
31.03 30.97 31.44 31.32 31.50 31.48 32.28 32.44 32.30 32.66 32.50 32.47 32.43 32.61 32.89 33.03 33.08 32.93 33.10 33.08 33.08 33.18 33.22 33.32 33.37 33.41 33.47 33.50 33.55 33.57 33.64 33.64 33.58 33.63 33.55 33.47 33.50 33.25 33.24 33.27 33.20 33.20 33.18 33.04 33.01 32.99 32.85 32.99 33.09 33.14 32.97 32.90 32.83 33.11 32.99 33.05 33.08 33.09 33.17 33.20 33.27 33.24 33.20 33.27 33.23 33.22 33.18 33.26 33.12 33.00 33.08 33.05 33.08 33.02 32.94 32.88 32.83
30.98 31.01 31.67 31.48 31.80 32.01 32.29 32.60 32.52 32.64 32.85 32.72 32.76 32.85 32.99 33.08 33.20 33.20 33.20 33.19 33.28 33.31 33.36 33.42 33.43 33.45 33.52 33.54 33.53 33.58 33.63 33.63 33.60 33.62 33.55 33.53 33.48 33.35 33.39 33.20 33.07 33.09 33.00 32.96 32.97 32.94 32.97 32.90 32.87 32.81 32.83 32.86 32.79 32.65 32.87 32.92 32.99 33.09 33.11 33.15 33.15 33.21 33.15 32.98 33.10 33.02 33.05 33.20 33.18 33.05 33.03 33.01 32.96 32.93 32.94 32.85 32.80
30.46 31.21 31.60 31.84 32.01 31.81 32.43 32.77 32.94 33.05 33.08 33.03 32.94 32.95 33.22 33.37 33.34 33.39 33.37 33.32 33.37 33.44 33.45 33.51 33.57 33.56 33.54 33.57 33.57 33.66 33.63 33.65 33.60 33.53 33.49 33.42 33.32 33.25 33.22 33.20 33.06 32.93 32.82 32.84 32.78 32.84 32.86 32.78 32.71 32.45 32.68 32.75 32.71 32.58 32.72 32.71 32.84 32.96 32.94 33.04 33.03 33.07 33.10 32.97 33.05 33.00 32.98 33.06 33.11 33.13 32.86 33.01 32.96 32.90 32.85 32.75 32.74
30.31 30.64 31.42 31.57 32.12 32.11 32.61 32.90 33.17 33.22 33.26 33.24 33.18 32.94 33.41 33.56 33.59 33.49 33.47 33.49 33.50 33.54 33.55 33.53 33.61 33.62 33.62 33.66 33.69 33.65 33.59 33.66 33.67 33.61 33.46 33.28 33.26 33.25 33.11 33.01 32.92 32.84 32.83 32.74 32.68 32.51 32.53 32.59 32.50 32.35 32.35 32.34 32.51 32.47 32.37 32.63 32.75 32.77 32.80 32.72 32.93 32.97 33.01 32.99 32.96 33.03 33.00 32.99 32.87 32.99 33.06 33.00 32.91 32.84 32.80 32.66 32.54
30.39 30.31 30.84 31.56 32.34 32.37 32.79 32.86 33.22 33.35 33.43 33.40 33.45 33.51 33.62 33.62 33.67 33.57 33.60 33.65 33.63 33.64 33.65 33.68 33.69 33.72 33.70 33.72 33.71 33.66 33.67 33.65 33.63 33.69 33.61 33.49 33.31 33.14 32.99 32.90 32.79 32.69 32.67 32.57 32.51 32.42 32.29 32.08 32.21 32.28 32.14 32.03 32.24 32.36 32.37 32.48 32.60 32.62 32.74 32.70 32.80 32.87 32.90 32.89 32.82 32.90 32.83 32.96 32.81 32.93 32.91 32.97 32.94 32.77 32.82 32.68 32.61
29.29 30.10 30.61 31.04 32.34 32.74 32.72 33.08 33.29 33.40 33.53 33.56 33.65 33.68 33.74 33.81 33.83 33.79 33.80 33.78 33.78 33.76 33.80 33.81 33.78 33.82 33.87 33.83 33.78 33.82 33.80 33.69 33.60 33.59 33.57 33.44 33.34 33.11 32.98 32.89 32.73 32.55 32.40 32.43 32.35 32.19 32.00 32.18 32.06 32.15 32.08 32.01 31.97 32.16 32.24 32.24 32.48 32.57 32.61 32.67 32.70 32.70 32.83 32.75 32.72 32.74 32.83 32.77 32.81 32.87 32.88 32.85 32.92 32.86 32.75 32.67 32.56
29.62 30.26 30.92 31.31 32.36 32.79 33.01 33.15 33.36 33.50 33.63 33.73 33.80 33.90 33.97 34.03 34.00 33.99 33.97 33.96 33.92 33.92 33.94 33.94 33.95 34.03 33.98 33.87 33.83 33.89 33.85 33.78 33.81 33.58 33.41 33.31 33.23 33.09 33.09 32.91 32.93 32.69 32.49 32.24 32.28 32.23 32.04 31.98 32.09 32.02 32.02 32.00 32.07 31.84 31.97 32.14 32.30 32.44 32.54 32.55 32.66 32.76 32.67 32.60 32.63 32.68 32.59 32.74 32.73 32.80 32.76 32.87 32.86 32.80 32.75 32.61 32.47
30.00 30.79 31.37 31.85 32.40 32.76 32.93 33.23 33.46 33.62 33.74 33.86 33.96 34.07 34.18 34.26 34.25 34.33 34.22 34.18 34.11 34.21 34.04 34.14 34.17 34.19 34.14 33.93 34.03 33.99 33.96 33.98 33.72 33.56 33.51 33.46 33.33 33.20 33.01 32.76 32.79 32.81 32.60 32.34 32.34 32.17 31.94 31.93 31.98 31.93 31.88 31.97 31.91 31.89 31.98 32.02 32.24 32.33 32.37 32.41 32.39 32.53 32.57 32.48 32.62 32.60 32.63 32.76 32.74 32.75 32.77 32.78 32.77 32.70 32.58 32.55 32.48
29.75 29.82 30.20 31.71 32.41 32.86 33.08 33.31 33.53 33.73 33.86 33.98 34.09 34.24 34.34 34.43 34.47 34.52 34.46 34.41 34.33 34.33 34.26 34.31 34.28 34.26 34.24 34.21 34.13 34.07 34.05 33.85 33.70 33.59 33.47 33.41 33.20 33.23 33.07 32.98 32.73 32.61 32.52 32.36 32.38 32.15 32.12 32.06 31.89 31.85 31.94 31.84 31.84 31.84 31.94 32.00 32.14 32.09 32.25 32.33 32.33 32.33 32.38 32.52 32.47 32.71 32.57 32.61 32.68 32.71 32.77 32.74 32.69 32.68 32.55 32.49 32.37
29.25 30.17 30.77 32.05 32.29 32.91 33.18 33.39 33.63 33.80 33.96 34.10 34.18 34.37 34.50 34.59 34.63 34.67 34.67 34.60 34.56 34.51 34.50 34.48 34.43 34.43 34.49 34.41 34.31 34.21 34.10 33.96 33.71 33.60 33.38 33.36 33.35 33.30 33.03 33.01 32.75 32.67 32.54 32.42 32.27 32.23 32.20 32.01 31.92 31.92 31.78 31.80 31.79 31.81 31.78 31.88 32.01 31.95 32.08 32.22 32.20 32.22 32.25 32.35 32.35 32.60 32.60 32.54 32.63 32.67 32.70 32.58 32.54 32.50 32.37 32.39 32.28
30.07 30.88 31.60 32.19 32.64 32.99 33.14 33.47 33.69 33.86 34.03 34.16 34.30 34.45 34.55 34.69 34.77 34.78 34.74 34.78 34.80 34.67 34.61 34.57 34.54 34.42 34.49 34.29 34.33 34.20 33.97 33.95 33.76 33.60 33.49 33.49 33.47 33.22 33.02 32.91 32.86 32.64 32.54 32.40 32.40 32.23 32.12 32.09 32.04 31.82 31.72 31.72 31.65 31.73 31.72 31.81 31.93 31.91 31.93 32.02 32.10 32.15 32.19 32.30 32.33 32.37 32.53 32.55 32.58 32.53 32.58 32.54 32.37 32.50 32.35 32.33 32.22
30.61 30.91 31.59 32.21 32.60 32.95 33.24 33.49 33.74 33.94 34.10 34.22 34.40 34.56 34.63 34.74 34.86 34.87 34.80 34.80 34.82 34.81 34.68 34.63 34.54 34.47 34.47 34.45 34.29 34.19 33.95 33.92 33.77 33.61 33.59 33.48 33.36 33.24 33.08 32.96 32.91 32.66 32.46 32.45 32.41 32.18 32.22 32.03 31.95 31.80 31.79 31.62 31.68 31.78 31.69 31.80 31.82 31.85 31.89 31.96 32.03 32.05 32.13 32.21 32.26 32.39 32.48 32.47 32.45 32.42 32.34 32.33 32.35 32.35 32.28 32.12 32.02
30.30 30.45 31.67 32.22 32.65 32.87 33.23 33.46 33.73 33.92 34.13 34.29 34.58 34.61 34.66 34.82 34.88 34.78 34.79 34.87 34.88 34.82 34.74 34.65 34.62 34.55 34.49 34.43 34.35 34.21 33.98 33.94 33.79 33.71 33.61 33.48 33.35 33.20 33.08 32.98 32.93 32.70 32.48 32.38 32.40 32.21 32.09 31.91 31.93 31.78 31.71 31.57 31.57 31.66 31.61 31.71 31.83 31.81 31.75 31.83 31.95 31.99 32.13 32.19 32.25 32.33 32.38 32.35 32.27 32.30 32.39 32.39 32.33 32.32 32.18 32.05 31.93
