datasets/raw/temp/2019101220191012.grid
ncols 886
nrows 691
xllcenter 112.0000
yllcenter -44.5000
cellsize 0.0500
nodata_value 99999.90
[rows 136 to 169 of 691, columns 231 to 307 of 886]
37.89 38.16 38.43 38.68 38.93 39.08 39.06 39.52 39.93 40.12 40.25 40.31 40.63 40.88 41.08 41.23 41.32 41.16 41.68 41.82 41.70 41.58 41.13 40.70 40.44 40.05 40.28 40.03 39.65 39.27 40.41 39.83 40.04 39.88 39.77 39.57 39.23 39.65 39.17 39.28 39.14 39.24 39.65 39.62 39.53 39.50 39.10 39.56 39.70 39.27 39.09 39.80 39.62 39.34 39.48 39.38 39.08 39.23 38.99 39.61 39.26 39.35 39.48 39.06 39.55 39.63 39.79 39.96 39.95 40.07 39.89 39.12 39.68 39.72 39.59 39.49 38.89
37.95 38.21 38.47 38.73 38.98 39.21 39.43 39.71 39.95 40.10 40.28 40.37 40.44 40.66 41.03 41.12 41.27 41.50 41.66 41.72 41.65 41.39 41.35 40.91 40.11 40.29 40.38 40.39 39.59 39.41 40.26 40.50 38.95 40.18 40.06 40.08 39.54 39.74 39.57 39.33 39.70 39.84 39.72 39.74 38.92 39.11 38.74 38.91 39.16 39.76 39.89 39.90 39.17 39.30 39.60 39.78 39.52 39.50 39.17 39.63 39.53 39.32 39.49 39.12 39.41 39.66 39.93 40.02 39.36 40.00 39.57 39.21 38.87 39.56 39.02 39.01 38.74
38.00 38.26 38.51 38.75 39.00 39.24 39.49 39.72 39.87 39.98 40.14 40.11 40.21 40.49 40.80 41.10 41.15 41.39 41.37 41.69 41.46 41.31 40.89 40.48 39.91 40.41 40.58 40.50 40.28 39.16 39.61 40.35 39.75 40.05 40.25 40.26 40.27 39.67 39.47 39.33 39.83 39.93 39.78 39.65 39.68 39.19 38.73 38.66 38.93 39.43 39.89 39.21 39.67 39.29 39.38 39.42 39.60 39.38 39.60 39.48 40.03 39.85 39.69 39.39 39.80 39.86 39.91 40.00 39.69 39.99 39.83 39.03 39.23 39.60 39.43 39.08 38.79
38.03 38.28 38.53 38.78 39.01 39.25 39.49 39.68 39.88 40.01 40.02 40.21 40.21 40.50 40.79 40.96 41.23 41.29 41.36 41.68 41.66 41.88 41.60 41.38 40.95 40.42 40.47 40.50 40.35 39.73 39.73 39.42 38.71 39.21 39.80 40.38 40.18 39.45 39.88 39.92 40.01 40.03 39.96 40.05 39.91 39.75 39.46 39.44 39.99 40.14 39.75 40.10 39.37 40.07 39.22 39.30 38.90 39.64 39.32 39.99 40.10 39.76 39.81 39.90 39.33 39.53 39.77 39.93 39.80 39.97 39.92 39.45 39.26 39.52 39.35 38.94 39.16
38.06 38.31 38.55 38.79 39.03 39.26 39.48 39.69 39.88 40.02 40.18 40.28 40.29 40.60 40.81 41.12 41.17 41.35 41.55 41.52 41.47 41.93 41.64 41.24 40.74 40.73 40.67 40.26 40.53 40.33 40.15 40.10 39.45 39.89 39.18 39.31 40.20 39.58 40.09 40.12 40.11 40.06 40.06 40.24 40.11 39.94 40.31 40.50 40.42 40.56 40.51 40.40 40.12 40.43 40.25 40.30 40.14 39.59 39.65 39.83 40.16 39.60 39.49 39.22 39.31 39.76 39.71 39.71 39.77 39.80 39.97 39.57 39.19 39.42 39.30 38.87 39.29
38.09 38.29 38.56 38.81 39.03 39.26 39.48 39.68 39.90 40.06 40.18 40.24 40.37 40.71 40.85 41.32 41.48 41.49 41.50 41.63 41.86 41.85 41.65 41.27 41.02 41.21 41.04 40.60 40.65 40.08 40.23 40.22 39.93 39.30 39.95 39.35 38.41 39.48 40.06 40.02 40.14 40.10 40.29 40.51 40.40 40.58 40.72 40.74 40.58 40.56 40.65 40.71 40.66 40.69 40.52 40.17 39.99 40.00 39.87 40.29 39.51 39.88 39.92 39.90 39.46 39.67 39.72 39.55 39.49 39.69 39.81 39.51 39.43 39.41 39.25 39.11 40.09
38.12 38.33 38.53 38.82 39.05 39.27 39.47 39.66 39.82 40.08 40.24 40.34 40.48 40.81 40.85 40.94 41.06 41.10 41.40 41.67 41.71 41.43 41.30 41.59 41.44 41.12 41.23 41.13 40.81 40.57 40.21 39.59 39.45 39.77 38.91 39.90 39.76 39.38 39.10 39.88 40.07 40.44 40.55 40.69 39.70 40.72 40.85 40.82 40.80 40.58 40.65 40.74 40.81 40.73 40.70 40.58 40.48 40.21 40.32 40.17 40.01 40.04 39.90 39.42 38.90 39.26 39.84 39.61 39.15 39.63 39.72 39.27 39.30 39.31 39.23 39.97 40.26
38.16 38.40 38.59 38.81 39.08 39.29 39.49 39.66 39.87 40.05 40.22 40.38 40.52 40.63 40.76 40.76 40.91 41.01 41.27 41.62 41.72 41.23 41.25 41.52 41.51 41.11 40.96 41.12 40.99 40.76 40.38 39.98 40.10 39.75 40.00 39.70 39.82 39.78 39.60 39.99 39.63 40.36 40.65 40.76 40.74 40.83 40.95 40.96 41.00 40.97 40.80 40.74 40.78 40.87 40.85 40.82 40.73 40.26 40.45 39.97 39.96 39.95 39.78 39.37 39.26 39.17 39.72 39.72 39.70 39.60 39.22 39.38 39.32 39.11 39.24 39.80 40.14
38.20 38.45 38.68 38.85 39.03 39.29 39.50 39.69 39.85 40.04 40.14 40.29 40.49 40.62 40.76 40.80 40.90 41.10 41.41 41.47 41.63 41.60 41.21 41.54 41.54 41.43 41.33 40.98 40.88 40.29 40.66 40.59 40.48 40.87 40.31 40.14 39.11 39.96 39.12 39.71 39.85 40.19 40.49 40.51 40.16 41.02 41.08 41.11 41.07 41.07 41.00 40.86 40.84 40.90 40.95 40.91 40.79 40.47 40.70 40.36 40.15 40.31 40.04 40.19 39.57 39.05 39.47 39.76 39.86 39.78 39.10 39.59 39.24 39.18 39.57 40.31 39.82
38.25 38.51 38.74 38.95 39.03 39.27 39.43 39.66 39.84 40.01 40.17 40.30 40.46 40.50 40.70 40.89 41.01 41.16 41.15 41.31 41.30 41.49 41.58 41.33 41.54 41.46 41.39 41.29 41.26 41.05 40.93 40.90 40.85 40.43 39.22 40.32 40.24 39.54 39.50 39.47 39.67 39.70 40.59 40.76 40.43 40.80 41.18 41.04 39.87 39.72 41.00 41.06 41.04 40.98 40.87 41.05 40.78 40.72 40.38 40.57 39.76 39.91 39.60 40.31 40.20 39.77 40.05 40.08 39.84 39.71 39.78 39.65 39.50 39.32 39.79 40.10 39.82
38.32 38.58 38.78 39.01 39.10 39.16 39.38 39.61 39.85 40.00 40.15 40.30 40.44 40.60 40.68 40.90 41.03 41.20 41.25 41.31 41.41 41.50 41.59 41.60 41.49 41.36 41.39 41.25 41.28 41.06 41.10 40.28 40.96 40.89 41.03 39.30 39.77 40.31 39.08 37.67 38.59 39.57 40.31 40.25 40.91 41.16 41.27 39.42 40.30 40.45 41.04 41.19 41.16 41.04 41.00 41.11 41.10 40.68 40.03 40.70 39.95 40.23 40.06 39.47 40.19 39.50 40.30 40.15 39.99 39.87 39.66 39.70 39.94 40.11 40.11 39.80 39.72
38.37 38.65 38.87 38.97 39.15 39.15 39.26 39.51 39.75 39.99 40.15 40.27 40.43 40.58 40.71 40.87 41.04 41.16 41.31 41.43 41.56 41.60 41.58 41.53 41.50 41.44 41.18 41.22 41.29 41.31 41.26 41.10 41.28 41.17 41.24 40.72 39.03 38.67 38.59 39.96 39.34 39.03 39.56 40.13 39.73 39.56 41.24 41.35 40.18 40.19 41.16 41.28 41.23 41.11 41.08 41.55 41.26 41.01 40.98 40.85 40.25 39.87 39.86 39.91 39.81 39.75 39.71 39.91 40.14 39.90 39.39 39.89 39.67 39.87 39.87 39.62 38.65
38.42 38.67 38.92 39.05 39.04 39.15 39.24 39.47 39.62 39.90 40.12 40.29 40.41 40.57 40.72 40.88 40.95 41.14 41.27 41.40 41.52 41.55 41.44 41.40 41.38 41.45 41.43 41.42 40.95 41.16 41.09 41.25 40.92 41.33 41.21 40.90 40.87 39.57 39.61 39.36 39.53 40.18 39.75 39.67 39.73 39.52 40.95 41.42 40.77 40.24 41.45 41.25 41.28 41.06 41.19 41.49 41.13 40.88 40.54 40.77 40.31 40.38 39.74 39.74 40.27 40.52 40.61 40.51 40.41 40.14 39.23 40.07 39.50 39.03 38.49 39.42 39.58
38.45 38.70 38.90 39.05 39.16 39.19 39.24 39.44 39.53 39.67 39.95 40.21 40.41 40.50 40.67 40.74 40.98 41.08 41.24 41.35 41.42 41.48 41.35 41.21 41.28 41.40 41.42 41.41 41.38 41.35 41.33 41.23 41.41 41.36 41.13 41.27 41.11 41.10 40.90 40.24 39.38 39.28 40.05 39.56 40.27 40.38 39.97 39.80 41.48 41.61 41.55 41.47 41.03 41.32 41.14 41.20 41.03 40.84 40.97 40.79 40.64 40.04 39.78 39.99 40.68 40.76 40.48 39.84 40.03 39.48 40.36 39.86 39.24 37.89 39.28 39.58 39.48
38.47 38.70 38.90 39.01 39.13 39.25 39.23 39.29 39.55 39.60 39.73 40.03 40.35 40.41 40.63 40.79 40.91 41.06 41.24 41.36 41.46 41.48 41.35 41.34 41.17 41.22 41.32 41.35 41.41 41.41 41.23 40.92 41.17 41.37 41.44 41.34 41.08 41.10 40.84 40.89 41.02 40.45 40.76 40.31 39.51 41.03 40.65 40.35 40.36 39.52 41.47 41.54 41.35 41.54 40.43 40.85 41.15 39.66 40.28 40.58 40.79 40.83 40.94 40.90 40.79 40.50 40.39 39.90 39.72 39.51 39.29 38.41 38.49 39.86 39.53 39.75 39.53
38.49 38.71 38.89 38.97 39.05 39.11 39.19 39.33 39.44 39.63 39.66 39.94 40.25 40.35 40.65 40.80 40.84 40.98 41.20 41.31 41.33 41.40 41.40 41.32 41.26 41.13 41.22 41.25 41.40 41.40 41.40 41.07 41.27 41.24 41.27 41.03 41.14 41.20 41.07 41.29 41.29 40.80 41.18 40.99 41.05 41.38 41.29 40.49 41.48 40.04 40.32 41.71 41.80 41.76 40.55 39.88 39.74 39.66 39.92 40.20 40.42 40.27 40.53 40.16 40.55 39.35 40.24 39.83 40.44 40.51 40.36 40.10 40.14 39.69 39.91 39.78 40.02
38.52 38.74 38.90 38.92 39.00 39.07 39.09 39.20 39.34 39.60 39.70 39.81 40.05 40.31 40.62 40.74 40.76 40.86 41.09 41.29 41.34 41.30 41.40 41.30 41.26 41.13 40.88 41.11 41.28 41.40 41.40 41.37 41.32 40.91 41.21 41.30 41.10 40.63 40.95 41.04 41.02 41.56 41.56 41.41 41.50 41.65 41.59 41.49 41.03 41.37 41.56 39.95 41.69 40.94 41.03 39.90 39.86 39.47 39.42 39.79 40.41 39.99 40.17 40.29 39.81 40.44 40.80 40.76 40.66 40.31 40.23 39.98 40.48 40.30 39.92 40.21 40.04
38.45 38.76 38.87 39.05 39.16 39.26 39.29 39.24 39.34 39.51 39.72 39.80 39.87 40.20 40.57 40.70 40.76 40.79 41.02 41.24 41.29 41.26 41.28 41.34 41.28 41.13 40.98 41.03 40.96 40.91 41.33 41.34 41.35 41.34 40.95 41.11 41.09 41.18 41.19 41.34 41.19 41.27 41.56 41.77 41.69 41.39 41.67 41.76 41.78 42.02 41.72 41.55 40.28 41.81 41.66 40.94 39.96 40.48 39.46 40.05 38.96 40.62 40.42 40.43 40.47 40.91 40.84 40.38 40.31 40.17 40.14 39.86 40.51 40.50 40.41 40.26 40.30
38.49 38.79 38.90 38.83 38.97 39.13 39.13 39.24 39.40 39.54 39.72 39.87 39.96 40.11 40.45 40.55 40.76 40.86 41.05 41.22 41.33 41.37 41.32 41.21 41.27 41.24 41.12 40.94 41.09 40.96 40.80 40.90 41.15 41.22 41.06 41.17 41.19 41.17 41.38 41.30 41.32 41.51 41.71 41.28 41.67 41.67 41.73 41.81 42.00 41.97 41.73 41.41 41.48 41.83 41.66 40.96 41.30 41.05 40.24 40.74 41.00 40.28 40.46 40.45 40.73 40.80 40.67 40.56 40.42 39.99 40.23 40.39 40.76 40.54 40.39 40.52 40.30
38.49 38.82 39.01 38.96 39.03 39.08 39.14 39.21 39.44 39.61 39.79 39.93 40.12 40.20 40.35 40.54 40.82 41.00 41.16 41.29 41.37 41.39 41.39 41.36 41.35 41.34 41.26 41.18 41.23 41.22 41.03 40.91 40.81 40.75 40.81 40.92 41.08 41.34 41.45 41.41 41.33 41.54 41.81 41.82 41.43 41.88 41.86 41.59 42.06 42.11 41.90 41.72 40.84 41.69 41.73 41.65 41.02 40.69 40.07 41.11 41.21 41.04 41.30 41.14 41.34 40.78 40.81 40.49 40.50 40.13 40.64 40.95 40.87 40.35 40.32 40.48 40.21
38.42 38.75 39.02 39.18 39.20 39.20 39.16 39.32 39.57 39.72 39.81 40.06 40.21 40.28 40.41 40.56 40.86 41.10 41.26 41.34 41.38 41.38 41.38 41.38 41.33 41.28 41.25 41.27 41.16 41.05 41.05 41.11 40.53 40.80 40.81 40.99 41.05 41.17 41.51 41.50 41.57 41.55 41.91 42.02 41.92 41.84 42.12 42.10 42.12 42.04 41.92 41.82 41.25 41.20 40.46 40.99 41.16 40.53 40.59 41.09 41.21 41.22 41.40 41.24 41.03 41.26 41.03 40.94 40.74 40.77 41.07 41.11 40.80 40.51 40.62 40.43 40.45
38.44 38.64 39.07 39.26 39.35 39.35 39.37 39.59 39.81 39.77 40.02 40.00 40.17 40.40 40.58 40.81 40.86 41.16 41.31 41.36 41.38 41.36 41.32 41.26 41.22 41.29 41.36 41.37 41.31 41.16 41.00 41.00 41.15 40.99 41.02 41.02 41.16 41.30 41.38 41.67 41.89 41.87 41.88 41.77 42.09 42.09 42.19 42.03 42.11 42.00 41.89 41.86 41.54 41.33 41.36 41.51 41.60 41.26 40.46 41.22 41.41 41.57 41.22 41.41 41.35 41.11 41.30 41.37 41.17 41.05 41.13 40.84 39.94 40.57 40.38 40.63 40.64
38.43 38.75 39.08 39.20 39.46 39.49 39.53 39.70 39.86 40.02 40.01 40.08 40.34 40.49 40.65 40.95 41.08 41.24 41.35 41.38 41.38 41.37 41.36 41.30 41.38 41.40 41.41 41.26 41.18 41.15 41.17 41.03 41.19 41.31 41.19 41.26 41.20 41.30 41.52 41.54 41.70 42.01 42.09 42.14 42.08 42.24 42.24 42.28 42.12 42.03 41.70 41.96 41.92 41.71 41.77 41.50 41.84 41.83 41.75 41.27 41.28 41.43 41.52 41.41 41.35 41.21 41.31 41.29 41.34 41.17 41.06 40.56 40.54 40.89 40.53 40.86 40.71
38.58 38.85 38.97 39.05 39.49 39.66 39.76 39.88 39.90 40.01 40.15 40.26 40.52 40.71 40.85 41.07 41.20 41.29 41.36 41.34 41.40 41.36 41.40 41.42 41.44 41.42 41.31 41.24 41.37 41.38 41.30 41.23 41.39 41.23 41.29 41.49 41.41 41.49 41.54 41.75 41.74 41.90 41.97 42.15 42.27 42.32 42.28 42.30 42.21 42.20 42.12 41.99 41.83 41.65 41.93 41.83 41.93 41.93 41.82 41.85 41.77 41.75 41.33 41.47 40.74 41.25 41.06 41.24 40.93 40.69 40.47 40.27 40.07 40.64 40.82 40.91 40.77
38.67 38.72 38.81 38.98 39.28 39.67 39.84 39.77 39.87 40.04 39.17 40.28 40.60 40.85 40.98 41.10 41.17 41.23 41.17 41.16 41.40 41.38 41.41 41.39 41.36 41.28 41.33 41.47 41.49 41.46 41.46 41.38 41.25 41.15 41.21 41.57 41.75 41.84 41.59 41.89 42.02 41.97 41.95 42.08 42.17 42.33 42.16 42.19 42.00 42.12 42.07 41.91 41.88 41.91 41.94 41.96 41.99 41.91 41.80 41.69 41.69 41.84 41.75 41.58 41.72 40.87 41.15 40.70 41.06 40.67 40.60 40.27 41.01 40.86 41.06 40.86 40.63
38.59 38.65 38.83 39.05 39.19 39.62 39.87 40.03 40.17 40.20 39.54 40.15 40.58 40.88 41.00 41.09 41.17 41.17 41.10 41.33 41.31 41.28 41.27 41.31 41.27 41.37 41.46 41.50 41.43 41.34 41.33 41.36 41.37 41.20 41.30 41.59 41.78 41.96 42.01 41.94 42.24 42.27 42.16 42.33 42.32 42.07 42.14 42.19 42.24 42.16 41.97 42.02 41.86 41.79 42.03 41.67 40.94 41.37 41.57 41.55 41.72 41.65 41.71 41.53 40.80 41.34 40.90 40.19 40.63 40.16 40.88 40.90 41.12 41.15 40.93 40.83 40.62
38.58 38.61 38.79 39.01 39.13 39.52 39.86 40.06 40.22 40.39 40.37 40.66 40.77 40.90 41.01 41.11 41.20 41.27 41.15 41.27 41.27 41.24 41.30 41.33 41.41 41.50 41.49 41.43 41.35 41.32 41.35 41.39 41.46 41.49 41.42 41.52 41.71 41.86 42.14 42.25 42.32 42.35 42.33 42.33 42.14 42.17 42.31 42.35 42.27 42.18 42.09 41.96 41.83 41.98 42.01 41.71 41.35 40.90 40.70 41.45 40.77 41.58 40.94 40.91 40.74 40.72 40.50 40.18 40.80 41.21 41.27 40.73 40.94 40.89 40.81 40.77 40.65
38.58 38.69 38.86 39.15 39.34 39.63 39.90 40.08 40.23 40.41 40.55 40.62 40.68 40.80 40.71 40.82 41.03 41.21 41.31 41.34 41.30 41.33 41.39 41.48 41.49 41.47 41.44 41.40 41.39 41.41 41.46 41.54 41.57 41.61 41.67 41.74 41.67 41.86 42.11 42.22 42.37 42.46 42.44 42.45 42.45 42.44 42.42 42.40 42.35 42.21 42.09 42.05 41.74 41.92 42.15 41.88 41.85 40.72 40.73 41.01 41.01 40.77 39.95 40.10 40.81 40.88 40.23 40.85 41.46 40.68 40.67 41.05 41.21 40.96 40.69 40.65 40.74
38.63 38.81 39.05 39.22 39.50 39.76 39.93 40.10 40.13 40.39 40.45 40.64 40.69 40.75 40.73 40.80 40.99 41.20 41.33 41.40 41.40 41.43 41.48 41.53 41.53 41.45 41.46 41.48 41.47 41.48 41.61 41.66 41.71 41.78 41.85 41.91 41.96 41.90 41.88 42.23 42.40 42.49 42.46 42.46 42.42 42.43 42.44 42.41 42.38 42.20 41.83 41.90 41.80 41.83 42.12 42.19 41.95 41.46 40.66 40.41 40.78 40.39 40.90 41.28 41.35 41.32 41.13 41.13 40.38 40.51 40.81 40.97 41.00 40.83 40.75 40.81 40.84
38.65 38.87 38.99 39.21 39.48 39.65 39.84 39.92 40.12 40.30 40.42 40.64 40.67 40.66 40.70 40.83 41.01 41.17 41.30 41.40 41.42 41.48 41.51 41.55 41.58 41.57 41.50 41.50 41.53 41.59 41.69 41.75 41.83 41.85 41.99 42.05 42.11 42.14 42.13 42.22 42.51 42.47 42.45 42.43 42.36 42.38 42.32 42.42 42.35 42.25 42.18 42.19 42.08 42.22 42.31 42.17 42.24 42.13 41.35 40.74 40.76 41.46 41.71 41.96 41.98 41.93 41.15 40.25 40.29 40.94 40.87 40.82 40.85 40.88 40.86 40.97 40.85
38.60 38.76 39.00 39.23 39.52 39.43 39.64 39.84 40.00 40.18 40.29 40.58 40.69 40.69 40.77 40.83 40.96 41.13 41.19 41.38 41.46 41.47 41.33 41.56 41.61 41.63 41.53 41.59 41.59 41.67 41.75 41.81 41.87 42.02 42.07 42.20 42.25 42.31 42.34 42.46 42.47 42.32 42.41 42.37 42.26 42.31 42.29 42.42 42.43 42.42 42.35 42.14 42.16 42.32 42.15 41.63 41.69 41.03 41.53 41.45 41.78 41.71 42.15 41.99 42.03 40.68 41.18 40.73 41.19 41.08 41.15 41.02 40.98 41.11 41.06 40.82 40.67
38.47 38.73 39.01 39.27 39.47 39.38 39.52 39.82 39.79 40.00 40.24 40.47 40.66 40.77 40.82 40.85 40.92 41.05 41.15 41.38 41.46 41.41 41.41 41.45 41.55 41.67 41.72 41.75 41.79 41.79 41.83 41.88 41.96 42.07 42.18 42.28 42.34 42.38 42.41 42.46 42.47 42.46 42.35 42.21 42.13 42.09 42.27 42.32 42.40 42.36 42.33 42.36 42.33 42.26 42.22 41.97 41.35 40.75 41.57 42.16 42.20 42.17 41.38 41.41 41.33 41.35 41.32 41.42 41.23 41.36 41.24 40.97 41.13 41.21 41.00 40.90 40.80
38.50 38.83 39.03 39.18 39.46 39.36 39.45 39.73 39.92 39.84 40.17 40.44 40.52 40.65 40.78 40.74 40.82 40.93 41.10 41.36 41.46 41.52 41.48 41.49 41.62 41.68 41.75 41.81 41.87 41.92 41.92 41.96 42.03 42.15 42.26 42.25 42.32 42.38 42.43 42.48 42.48 42.43 42.36 42.22 42.10 42.11 41.96 42.24 42.33 42.31 42.07 42.19 42.23 42.28 41.80 41.72 41.77 41.54 41.35 41.65 41.17 42.18 41.66 41.16 41.56 41.63 41.66 41.22 41.59 41.39 41.21 41.27 41.29 41.19 41.03 41.08 41.00
38.72 38.85 39.05 39.31 39.46 39.39 39.38 39.63 39.83 39.80 39.87 40.33 40.41 40.57 40.77 40.74 40.82 41.04 41.20 41.35 41.44 41.53 41.61 41.67 41.68 41.70 41.77 41.80 41.90 41.94 42.02 42.04 42.11 42.20 42.22 42.28 42.32 42.38 42.43 42.47 42.45 42.42 42.35 42.30 42.26 42.20 42.10 41.93 42.07 42.26 41.99 41.78 41.50 42.29 42.12 41.52 41.69 40.99 41.44 41.49 41.73 42.03 41.91 41.95 41.86 41.50 41.65 41.67 41.40 41.33 41.25 41.28 41.35 41.29 41.16 41.03 40.97
