datasets/raw/temp/2019100220191002.grid
ncols 886
nrows 691
xllcenter 112.0000
yllcenter -44.5000
cellsize 0.0500
nodata_value 99999.90
[rows 204 to 237 of 691, columns 616 to 692 of 886]
35.65 35.55 35.44 35.36 35.35 35.22 35.18 34.99 34.88 34.84 34.78 34.66 34.49 34.44 34.30 34.19 34.08 33.84 33.59 33.53 33.42 33.48 33.51 33.25 33.12 32.66 32.46 32.31 31.60 31.28 30.74 30.52 30.47 30.58 30.66 30.79 30.43 30.64 31.17 31.57 31.22 30.73 30.98 31.08 31.02 31.14 31.15 31.30 30.97 30.75 31.14 30.43 30.40 29.87 31.28 31.69 31.47 31.93 32.09 32.19 32.15 32.27 32.27 32.31 32.22 32.08 31.88 31.90 32.15 32.21 32.21 32.17 32.13 32.01 31.91 31.85 31.98
35.67 35.55 35.50 35.44 35.41 35.30 35.19 35.09 34.98 34.82 34.67 34.63 34.54 34.39 34.26 34.04 33.90 33.79 33.76 33.71 33.67 33.71 33.48 33.33 33.13 32.99 32.76 32.33 32.14 31.34 30.84 30.91 30.92 30.89 31.42 30.80 30.76 30.62 30.84 31.23 31.17 30.81 31.08 30.99 30.92 30.94 30.68 30.78 30.79 30.71 30.39 30.19 30.54 30.48 31.44 31.47 32.10 31.81 32.28 32.39 32.30 32.25 32.35 32.40 32.16 32.17 32.11 31.95 31.96 32.12 32.18 32.19 32.01 31.80 31.93 31.92 31.89
35.71 35.59 35.54 35.50 35.39 35.24 35.15 35.01 34.85 34.85 34.78 34.59 34.42 34.39 34.19 34.19 34.07 33.97 33.94 33.80 33.83 33.74 33.42 33.13 32.96 32.51 32.28 31.97 31.92 31.59 31.41 31.22 31.13 31.40 31.96 31.16 30.75 30.94 30.98 31.18 31.50 31.52 30.86 30.93 31.20 30.87 30.42 30.71 30.67 30.31 30.25 30.96 31.83 31.65 32.06 30.44 32.41 32.36 32.23 32.43 32.54 32.47 32.51 32.41 31.99 32.31 32.20 31.86 31.85 31.96 32.13 32.13 31.99 31.52 31.60 31.75 31.99
35.72 35.63 35.58 35.54 35.41 35.23 35.21 35.17 34.98 35.03 34.85 34.78 34.70 34.57 34.50 34.35 34.25 34.19 33.93 34.10 34.00 33.70 33.47 33.21 33.04 32.73 32.71 32.19 31.61 31.77 31.70 31.63 31.26 31.58 32.09 31.43 31.15 31.18 31.54 31.43 31.75 31.48 31.10 31.01 31.18 31.63 31.76 31.68 30.91 30.84 30.65 31.13 31.93 31.86 32.26 32.13 32.47 32.62 32.52 32.53 32.62 32.67 32.64 32.46 31.86 32.40 32.34 31.91 32.20 31.92 32.17 32.04 31.82 31.70 31.84 31.55 31.84
35.74 35.67 35.64 35.58 35.49 35.41 35.34 35.28 35.15 35.03 34.96 34.88 34.71 34.49 34.53 34.43 34.33 34.30 34.20 34.07 33.96 33.78 33.47 33.35 33.35 32.99 33.23 32.39 32.58 32.03 32.10 32.22 32.04 31.97 31.64 31.40 31.46 31.55 31.88 30.91 31.61 30.87 30.92 31.01 31.09 30.55 31.45 31.54 32.06 31.93 32.02 32.08 32.18 32.27 32.36 32.37 32.53 32.61 32.68 32.67 32.68 32.69 32.73 32.53 32.58 32.56 32.46 32.38 32.36 32.24 31.78 31.77 31.96 31.57 31.61 32.06 31.81
35.75 35.71 35.66 35.64 35.50 35.43 35.45 35.32 35.24 35.15 34.99 34.88 34.80 34.72 34.62 34.46 34.37 34.38 34.18 34.24 34.09 33.93 33.57 33.57 33.40 33.10 33.50 32.79 32.75 32.75 32.91 32.77 32.37 31.91 31.80 31.70 31.65 32.21 31.56 31.50 31.09 30.67 30.69 31.11 31.53 31.49 31.18 30.54 31.83 32.06 32.09 32.27 32.33 32.26 32.38 32.43 32.45 32.41 32.58 32.65 32.73 32.75 32.77 32.74 32.79 32.67 32.64 32.58 32.55 32.48 32.30 32.26 32.06 31.52 32.25 31.80 32.08
35.79 35.70 35.70 35.63 35.58 35.54 35.46 35.34 35.26 35.15 35.07 34.92 34.83 34.81 34.62 34.57 34.53 34.42 34.16 33.85 33.76 33.64 33.72 33.55 34.10 33.63 33.15 32.61 32.83 33.12 33.04 32.87 33.00 32.24 32.04 32.00 31.87 31.70 31.79 31.85 31.24 30.95 30.70 31.80 31.41 31.68 31.31 30.89 31.46 31.79 31.94 32.18 32.26 32.35 32.49 32.42 32.50 32.56 32.60 32.63 32.65 32.76 32.72 32.71 32.78 32.82 32.78 32.70 32.67 32.59 32.37 32.32 32.30 32.26 32.16 32.39 32.15
35.77 35.75 35.73 35.63 35.65 35.52 35.43 35.33 35.15 35.18 34.99 35.01 34.85 34.83 34.72 34.56 34.37 34.32 34.03 33.88 33.75 33.86 33.57 34.18 33.73 33.58 33.30 32.74 33.07 33.35 33.04 32.94 33.10 33.10 32.17 32.34 32.02 32.01 31.92 31.77 31.56 31.27 31.40 31.59 31.95 31.74 31.36 31.36 31.80 31.95 32.17 32.26 32.33 32.49 32.51 32.59 32.53 32.58 32.62 32.65 32.68 32.73 32.77 32.83 32.85 32.86 32.86 32.78 32.79 32.67 32.58 32.42 32.35 31.88 32.34 32.35 32.47
35.85 35.80 35.70 35.74 35.67 35.54 35.39 35.31 35.16 35.11 35.04 34.99 34.94 34.76 34.74 34.56 34.50 34.24 34.24 34.09 34.08 34.30 34.01 34.16 33.99 34.05 33.44 33.22 33.35 33.39 33.13 32.97 33.35 33.03 32.82 32.38 32.08 32.41 32.08 32.03 31.87 31.75 31.75 31.80 31.79 31.57 31.52 31.76 31.98 32.08 32.03 31.73 32.22 32.38 32.48 32.60 32.62 32.62 32.70 32.69 32.75 32.73 32.77 32.84 32.85 32.88 32.89 32.89 32.84 32.81 32.66 32.57 32.53 32.36 32.51 32.44 32.55
35.88 35.79 35.77 35.66 35.66 35.54 35.56 35.47 35.33 35.17 35.13 34.98 34.87 34.81 34.68 34.66 34.26 34.24 34.23 34.36 34.50 34.43 34.31 34.28 34.18 33.80 33.49 33.57 33.82 33.35 33.22 33.34 33.22 33.16 32.95 32.54 32.62 32.66 32.18 32.16 32.26 32.03 32.00 31.82 32.14 32.09 31.48 31.85 32.01 32.19 32.24 32.31 32.24 32.11 32.19 32.45 32.60 32.68 32.70 32.76 32.77 32.77 32.85 32.81 32.87 32.87 32.90 32.88 32.90 32.86 32.67 32.70 32.57 32.53 32.39 32.60 32.60
35.89 35.77 35.69 35.63 35.52 35.54 35.49 35.46 35.25 35.19 35.07 35.00 35.00 34.88 34.81 34.49 34.56 34.43 34.48 34.55 34.46 34.27 34.31 34.06 33.84 33.70 33.71 33.55 33.80 33.46 33.58 33.55 33.31 33.22 32.63 32.64 32.50 32.43 32.40 32.42 32.40 32.33 32.17 32.08 31.98 31.85 31.84 31.51 31.88 31.71 32.24 31.92 32.40 32.44 32.16 32.30 32.62 32.69 32.74 32.74 32.78 32.83 32.83 32.85 32.86 32.85 32.91 32.78 32.77 32.80 32.76 32.60 32.70 32.60 32.52 32.45 32.60
35.84 35.76 35.68 35.63 35.46 35.38 35.38 35.31 35.35 35.23 35.17 35.10 34.99 34.75 34.62 34.59 34.63 34.65 34.56 34.41 34.32 34.23 34.20 34.19 34.13 34.06 33.98 33.85 33.71 33.63 33.58 33.58 33.23 33.05 32.99 32.56 32.51 32.48 32.46 32.47 32.48 32.40 32.27 32.14 32.15 32.09 31.95 31.89 31.87 31.88 32.26 32.40 32.44 32.54 32.49 32.59 32.57 32.67 32.75 32.78 32.74 32.77 32.81 32.87 32.85 32.89 32.91 32.92 32.85 32.85 32.81 32.75 32.72 32.64 32.65 32.60 32.45
35.82 35.73 35.68 35.57 35.51 35.39 35.29 35.34 35.18 35.11 35.09 35.02 34.96 34.92 34.71 34.78 34.72 34.67 34.57 34.49 34.35 34.18 34.21 34.10 33.97 33.97 33.91 33.86 33.77 33.65 33.23 33.41 33.08 33.18 32.68 32.60 32.61 32.56 32.51 32.50 32.52 32.46 32.33 32.27 32.19 32.28 32.20 32.12 32.00 32.15 32.34 32.44 32.20 32.07 32.25 32.18 32.19 32.47 32.62 32.76 32.80 32.79 32.80 32.83 32.87 32.88 32.88 32.89 32.90 32.85 32.83 32.76 32.69 32.65 32.71 32.67 32.55
35.81 35.73 35.64 35.54 35.49 35.43 35.31 35.25 35.20 35.06 34.96 34.85 34.86 34.87 34.81 34.78 34.62 34.57 34.50 34.50 34.41 34.35 34.17 34.12 34.07 33.93 33.75 33.72 33.66 33.67 33.57 33.45 32.97 32.99 32.69 32.71 32.66 32.66 32.57 32.58 32.63 32.49 32.41 32.32 32.31 32.34 32.31 32.27 32.21 32.30 32.38 32.27 32.23 31.89 31.75 31.83 32.33 32.28 32.64 32.76 32.81 32.82 32.83 32.81 32.79 32.84 32.84 32.85 32.85 32.83 32.79 32.77 32.68 32.57 32.65 32.68 32.69
35.75 35.67 35.61 35.54 35.48 35.40 35.32 35.15 35.14 35.09 34.98 34.87 34.76 34.81 34.69 34.68 34.67 34.55 34.44 34.45 34.42 34.31 34.22 34.12 34.08 33.92 33.84 33.67 33.48 33.49 33.50 33.21 33.03 33.05 32.93 32.76 32.72 32.72 32.63 32.65 32.65 32.63 32.51 32.40 32.41 32.46 32.38 32.35 32.29 32.35 32.11 31.88 31.90 32.10 32.10 32.08 32.29 32.55 32.62 32.72 32.80 32.83 32.86 32.83 32.86 32.83 32.84 32.83 32.82 32.80 32.81 32.81 32.62 32.61 32.57 32.60 32.68
35.70 35.64 35.54 35.45 35.39 35.31 35.26 35.16 35.08 34.94 34.97 34.86 34.72 34.69 34.64 34.54 34.58 34.55 34.43 34.34 34.34 34.33 34.29 34.23 34.09 33.97 33.80 33.61 33.11 33.34 33.32 32.85 33.02 32.85 32.77 32.84 32.74 32.74 32.69 32.69 32.67 32.66 32.54 32.52 32.52 32.51 32.46 32.47 32.34 32.22 31.83 31.53 31.91 32.31 32.42 32.44 32.22 32.53 32.72 32.76 32.82 32.87 32.87 32.86 32.86 32.87 32.88 32.88 32.82 32.84 32.84 32.80 32.68 32.60 32.55 32.63 32.63
35.65 35.60 35.53 35.47 35.40 35.28 35.19 35.14 35.00 34.88 34.89 34.83 34.68 34.62 34.55 34.47 34.52 34.41 34.42 34.29 34.25 34.30 34.24 34.11 34.13 34.01 33.84 33.79 33.68 33.57 33.36 33.32 33.17 33.00 32.94 32.87 32.79 32.76 32.73 32.74 32.73 32.76 32.64 32.61 32.60 32.55 32.54 32.54 32.53 32.23 31.93 31.85 32.05 32.39 32.47 32.54 32.42 32.56 32.71 32.80 32.85 32.87 32.87 32.88 32.87 32.87 32.88 32.86 32.85 32.82 32.82 32.79 32.78 32.72 32.70 32.66 32.59
35.51 35.50 35.48 35.38 35.33 35.23 35.13 35.05 34.92 34.79 34.77 34.78 34.67 34.54 34.51 34.46 34.43 34.40 34.37 34.25 34.21 34.24 34.13 34.06 34.04 33.97 33.92 33.81 33.71 33.59 33.47 33.14 32.76 32.92 32.88 32.90 32.85 32.80 32.78 32.75 32.76 32.77 32.77 32.71 32.64 32.61 32.59 32.59 32.54 32.24 31.98 31.80 31.77 32.03 32.51 32.62 32.60 32.61 32.78 32.82 32.83 32.86 32.87 32.89 32.88 32.88 32.80 32.80 32.79 32.72 32.68 32.71 32.67 32.62 32.64 32.56 32.47
35.43 35.36 35.41 35.33 35.23 35.17 35.12 35.01 34.88 34.72 34.70 34.71 34.58 34.53 34.43 34.39 34.37 34.33 34.34 34.23 34.24 34.18 34.16 34.08 33.97 33.98 33.90 33.84 33.61 33.61 33.43 33.05 32.77 32.86 32.95 32.95 32.91 32.83 32.84 32.82 32.82 32.79 32.83 32.76 32.69 32.64 32.62 32.63 32.58 32.40 32.25 32.08 31.91 32.26 32.45 32.64 32.71 32.74 32.71 32.66 32.72 32.76 32.85 32.86 32.86 32.79 32.74 32.83 32.76 32.61 32.53 32.59 32.51 32.62 32.55 32.47 32.35
35.43 35.32 35.34 35.30 35.22 35.10 35.03 34.93 34.82 34.68 34.64 34.64 34.58 34.45 34.41 34.29 34.25 34.23 34.24 34.15 34.13 34.10 34.01 34.01 33.98 33.88 33.81 33.76 33.71 33.58 33.43 33.19 33.08 32.86 32.86 32.90 32.96 32.89 32.86 32.86 32.88 32.83 32.85 32.82 32.75 32.72 32.69 32.68 32.68 32.71 32.51 32.36 32.20 32.38 32.60 32.69 32.70 32.43 32.44 32.34 32.55 32.69 32.75 32.79 32.81 32.76 32.75 32.79 32.68 32.48 32.37 32.47 32.50 32.58 32.41 32.40 32.14
35.40 35.28 35.28 35.24 35.10 35.05 34.99 34.86 34.74 34.62 34.53 34.55 34.49 34.42 34.31 34.20 34.15 34.11 34.15 34.02 34.12 34.09 33.99 34.02 33.89 33.87 33.77 33.74 33.67 33.56 33.55 33.48 33.43 33.24 32.87 32.99 33.01 32.95 32.94 32.93 32.92 32.88 32.89 32.88 32.81 32.76 32.76 32.75 32.74 32.61 32.49 32.68 32.47 32.58 32.63 32.51 32.51 32.55 32.49 32.13 32.33 32.53 32.64 32.68 32.74 32.76 32.78 32.75 32.66 32.54 32.39 32.53 32.57 32.52 32.43 32.29 32.05
35.42 35.27 35.24 35.12 35.04 34.92 34.87 34.77 34.66 34.61 34.51 34.43 34.41 34.35 34.29 34.16 34.10 34.05 34.04 34.10 34.01 33.95 33.88 33.93 33.85 33.80 33.79 33.76 33.73 33.61 33.65 33.49 33.44 33.34 33.19 33.00 33.05 33.00 32.99 32.99 32.97 32.97 32.94 32.93 32.86 32.85 32.76 32.81 32.79 32.73 32.50 32.67 32.65 32.60 32.23 32.29 32.17 32.31 32.52 32.46 32.18 32.22 32.47 32.53 32.61 32.64 32.66 32.67 32.64 32.52 32.39 32.41 32.40 32.46 32.35 32.26 32.03
35.45 35.34 35.21 35.15 35.07 34.95 34.85 34.79 34.66 34.62 34.52 34.37 34.40 34.31 34.25 34.12 34.07 33.96 34.04 33.99 33.94 33.89 33.85 33.88 33.86 33.83 33.89 33.81 33.81 33.67 33.61 33.63 33.59 33.43 33.15 33.04 33.07 33.04 33.03 33.00 33.01 32.99 32.98 32.97 32.90 32.89 32.86 32.84 32.84 32.79 32.55 32.41 32.38 32.51 32.13 31.82 31.81 32.22 32.42 32.53 32.41 32.08 32.19 32.35 32.47 32.51 32.56 32.59 32.57 32.53 32.39 32.33 32.38 32.39 32.34 32.21 31.99
35.46 35.33 35.16 35.04 35.05 34.93 34.79 34.71 34.61 34.59 34.56 34.51 34.46 34.38 34.28 34.16 33.96 33.91 33.97 33.87 33.91 33.93 33.95 33.92 33.93 33.90 33.92 33.85 33.80 33.72 33.75 33.63 33.50 33.29 33.04 33.12 33.13 33.09 33.09 33.05 33.05 33.02 33.02 33.01 32.96 32.88 32.94 32.90 32.88 32.85 32.64 32.41 32.34 32.11 32.24 32.19 31.85 32.16 32.30 32.49 32.47 32.25 31.84 32.00 32.33 32.38 32.47 32.48 32.48 32.40 32.35 32.24 32.31 32.19 32.24 32.15 31.93
35.45 35.30 35.17 35.11 34.96 34.82 34.77 34.74 34.72 34.64 34.60 34.57 34.48 34.33 34.28 34.09 33.97 33.93 33.88 33.99 33.96 34.00 34.03 33.98 33.96 33.98 33.90 33.92 33.86 33.83 33.77 33.59 33.54 33.43 33.35 33.19 33.16 33.15 33.10 33.10 33.08 33.06 33.03 32.92 33.00 32.98 32.97 32.93 32.92 32.86 32.66 32.56 32.38 32.29 32.14 31.88 31.88 31.96 32.09 32.40 32.52 32.39 32.12 31.75 31.62 32.17 32.34 32.22 32.30 32.30 32.22 32.12 32.15 32.01 32.13 32.02 31.89
35.43 35.33 35.22 35.09 34.95 34.87 34.80 34.81 34.78 34.71 34.68 34.60 34.48 34.41 34.32 34.19 33.96 34.04 33.97 34.00 34.03 34.05 34.07 34.00 34.03 34.02 33.95 33.99 33.89 33.79 33.70 33.56 33.57 33.42 33.22 33.22 33.17 33.21 33.12 33.12 33.12 33.08 33.05 33.01 33.01 33.01 33.00 32.96 32.95 32.94 32.84 32.64 32.44 32.32 32.08 31.93 31.63 31.96 32.24 32.40 32.50 32.48 32.33 32.15 31.89 31.72 32.19 31.84 32.01 32.16 32.14 32.08 32.14 32.05 32.02 31.87 31.67
35.39 35.31 35.18 35.11 35.01 34.95 34.93 34.91 34.86 34.79 34.69 34.62 34.52 34.46 34.31 34.15 34.06 34.06 34.06 34.08 34.09 34.10 34.04 34.09 34.03 34.05 34.02 33.94 33.89 33.83 33.74 33.60 33.63 33.35 33.26 33.27 33.21 33.26 33.14 33.12 33.11 33.11 32.99 33.03 33.05 33.02 33.02 33.02 32.98 32.96 32.95 32.82 32.55 32.40 32.14 31.87 31.77 32.13 32.24 32.43 32.48 32.45 32.34 32.26 32.08 31.76 31.77 31.76 31.85 31.95 32.05 32.25 32.25 32.17 32.11 31.68 30.92
35.38 35.24 35.19 35.17 35.17 35.09 35.04 34.94 34.82 34.70 34.66 34.59 34.50 34.40 34.32 34.21 34.09 34.15 34.18 34.19 34.13 34.17 34.12 34.13 34.10 34.09 34.04 34.01 33.93 33.87 33.74 33.73 33.60 33.57 33.27 33.24 33.28 33.21 33.17 33.14 33.13 33.13 33.11 33.11 33.09 33.06 33.04 33.05 33.01 33.00 32.98 32.94 32.70 32.50 32.22 31.97 32.20 32.27 32.38 32.49 32.48 32.44 32.39 32.26 32.02 31.47 31.23 31.25 31.67 31.89 31.85 32.19 32.22 32.24 32.14 32.00 31.93
35.33 35.29 35.24 35.25 35.25 35.17 35.07 34.96 34.88 34.76 34.66 34.50 34.51 34.49 34.40 34.36 34.20 34.03 34.09 34.13 34.15 34.09 34.06 34.03 34.02 34.06 34.08 34.03 33.95 33.87 33.83 33.80 33.70 33.56 33.32 33.28 33.35 33.21 33.19 33.16 33.13 33.12 33.09 33.12 33.10 33.10 33.09 33.05 33.04 33.00 33.00 32.97 32.83 32.63 32.35 32.30 32.47 32.46 32.37 32.46 32.44 32.41 32.36 32.25 32.04 31.69 30.96 30.95 31.15 31.79 31.94 32.06 32.13 32.18 32.18 32.19 32.09
35.40 35.43 35.38 35.32 35.25 35.12 35.04 35.03 34.97 34.85 34.74 34.62 34.60 34.64 34.54 34.40 34.31 34.07 34.05 34.05 34.04 34.09 34.08 34.14 34.10 34.05 34.02 34.05 33.98 33.92 33.90 33.81 33.70 33.52 33.35 33.30 33.37 33.31 33.23 33.16 33.16 33.12 33.11 33.12 33.10 33.10 33.09 33.06 33.03 33.01 32.99 32.97 32.89 32.70 32.40 32.59 32.15 32.22 32.07 32.20 32.30 32.36 32.33 32.24 32.00 31.71 31.45 31.59 31.51 31.80 31.58 31.99 31.89 32.15 32.16 32.16 32.14
35.49 35.46 35.36 35.26 35.17 35.06 35.01 34.96 34.90 34.83 34.74 34.66 34.74 34.69 34.58 34.44 34.24 34.28 34.05 34.11 34.13 34.08 34.09 34.07 34.07 34.07 34.07 34.01 34.02 33.96 33.89 33.76 33.59 33.49 33.46 33.35 33.40 33.30 33.24 33.18 33.16 33.12 33.10 33.09 33.09 33.07 33.06 33.05 33.03 33.02 32.99 32.96 32.88 32.75 32.65 32.39 32.06 31.92 31.79 31.87 31.99 32.20 32.29 32.20 31.99 31.68 31.23 31.45 31.73 31.84 31.71 31.76 31.82 32.06 32.15 32.16 32.13
35.51 35.42 35.33 35.26 35.25 35.21 35.13 35.01 34.88 34.79 34.83 34.70 34.83 34.69 34.58 34.57 34.47 34.33 34.13 33.99 34.00 33.87 33.98 33.96 33.98 34.01 34.01 34.06 34.00 33.98 33.88 33.77 33.55 33.47 33.47 33.38 33.38 33.37 33.24 33.26 33.17 33.12 33.10 33.10 33.08 33.04 33.04 33.02 33.04 33.00 32.97 32.83 32.77 32.74 32.49 32.20 31.99 32.10 31.75 31.70 31.74 32.03 32.14 32.10 31.90 31.41 31.02 31.47 31.73 31.85 31.83 31.91 31.53 31.93 32.07 32.01 32.08
35.50 35.38 35.40 35.39 35.34 35.25 35.11 35.02 34.92 34.89 34.94 34.81 34.88 34.75 34.63 34.54 34.35 34.22 33.96 34.02 33.93 33.88 33.98 33.93 33.97 34.00 34.03 33.99 34.01 34.00 33.83 33.76 33.63 33.55 33.54 33.47 33.40 33.40 33.28 33.28 33.18 33.14 33.11 33.10 33.08 33.05 33.02 33.03 33.01 33.01 32.85 32.89 32.77 32.69 32.53 32.28 32.19 32.11 31.82 31.60 31.64 31.88 32.02 32.02 31.86 31.59 31.32 31.33 31.62 31.90 31.94 31.97 32.01 32.04 32.04 32.04 32.07
35.41 35.46 35.48 35.41 35.34 35.26 35.17 35.02 34.90 34.87 34.97 34.91 34.92 34.79 34.65 34.50 34.31 34.24 34.10 34.12 34.07 34.05 34.05 34.01 34.06 34.04 34.00 34.05 33.97 34.01 33.91 33.78 33.71 33.65 33.60 33.47 33.36 33.43 33.38 33.22 33.18 33.14 33.11 33.08 33.07 33.04 33.03 33.00 33.03 32.94 32.91 32.85 32.76 32.63 32.42 32.15 31.90 32.05 31.75 31.40 31.54 31.52 31.89 32.00 31.88 31.82 31.65 31.32 31.69 31.88 31.96 31.98 31.98 32.03 32.02 32.04 32.02
