datasets/raw/temp/2019111520191115.grid
ncols 886
nrows 691
xllcenter 112.0000
yllcenter -44.5000
cellsize 0.0500
nodata_value 99999.90
[rows 578 to 611 of 691, columns 693 to 769 of 886]
16.09 16.20 16.31 16.42 16.53 16.64 16.75 16.86 16.97 17.08 17.20 17.30 17.41 17.52 17.62 17.73 17.84 17.93 18.03 18.12 18.20 18.27 18.33 18.36 18.32 18.27 18.20 18.13 18.06 18.00 17.95 17.89 17.85 17.80 17.76 17.72 17.67 17.64 17.60 17.58 17.55 17.51 17.48 17.44 17.41 17.38 17.34 17.31 17.28 17.24 17.20 17.17 17.13 17.10 17.07 17.03 17.01 16.97 16.95 16.91 16.88 16.85 16.82 16.80 16.77 16.74 16.71 16.68 16.65 16.62 16.59 16.56 16.53 16.50 16.46 16.44 16.40
15.90 16.00 16.11 16.23 16.32 16.43 16.55 16.65 16.75 16.86 16.96 17.07 17.17 17.28 17.38 17.48 17.58 17.69 17.78 17.87 17.95 18.01 18.03 18.01 17.96 17.91 17.86 17.82 17.78 17.74 17.70 17.67 17.63 17.60 17.59 17.55 17.53 17.51 17.49 17.48 17.45 17.43 17.41 17.38 17.36 17.34 17.31 17.29 17.25 17.23 17.20 17.16 17.13 17.10 17.07 17.03 17.01 16.98 16.94 16.91 16.88 16.85 16.82 16.79 16.76 16.72 16.69 16.66 16.63 16.59 16.56 16.53 16.50 16.46 16.42 16.39 16.35
15.71 15.82 15.93 16.04 16.15 16.25 16.36 16.45 16.56 16.66 16.75 16.85 16.96 17.06 17.15 17.26 17.35 17.44 17.53 17.60 17.67 17.69 17.68 17.66 17.63 17.60 17.57 17.55 17.52 17.50 17.48 17.46 17.44 17.43 17.42 17.41 17.39 17.39 17.38 17.37 17.36 17.35 17.33 17.32 17.30 17.28 17.26 17.24 17.22 17.19 17.17 17.14 17.11 17.09 17.06 17.03 17.00 16.96 16.94 16.90 16.87 16.83 16.81 16.77 16.73 16.70 16.67 16.64 16.60 16.56 16.53 16.49 16.45 16.41 16.38 16.34 16.30
15.55 15.67 15.77 15.88 15.98 16.08 16.17 16.27 16.37 16.46 16.55 16.65 16.74 16.84 16.93 17.02 17.11 17.18 17.26 17.33 17.35 17.36 17.35 17.34 17.32 17.32 17.30 17.30 17.28 17.27 17.27 17.27 17.26 17.26 17.26 17.26 17.26 17.27 17.26 17.26 17.26 17.25 17.25 17.25 17.24 17.22 17.21 17.19 17.18 17.15 17.14 17.11 17.08 17.06 17.04 17.00 16.97 16.94 16.92 16.88 16.85 16.81 16.78 16.74 16.71 16.67 16.64 16.60 16.56 16.52 16.49 16.44 16.41 16.37 16.33 16.29 16.25
15.42 15.52 15.63 15.74 15.83 15.93 16.02 16.11 16.20 16.29 16.37 16.46 16.54 16.63 16.71 16.79 16.87 16.93 17.00 17.03 17.04 17.04 17.05 17.05 17.05 17.05 17.05 17.05 17.05 17.06 17.07 17.07 17.09 17.10 17.11 17.12 17.13 17.14 17.15 17.15 17.16 17.16 17.17 17.17 17.16 17.16 17.15 17.14 17.13 17.11 17.09 17.08 17.05 17.02 17.00 16.97 16.94 16.91 16.89 16.86 16.82 16.79 16.74 16.71 16.68 16.64 16.60 16.56 16.53 16.48 16.45 16.41 16.36 16.33 16.29 16.25 16.20
15.31 15.42 15.51 15.61 15.70 15.79 15.88 15.96 16.05 16.12 16.20 16.28 16.35 16.43 16.50 16.56 16.62 16.67 16.71 16.74 16.75 16.76 16.77 16.79 16.80 16.80 16.82 16.83 16.84 16.86 16.87 16.89 16.91 16.93 16.95 16.97 16.99 17.01 17.02 17.05 17.06 17.07 17.07 17.08 17.08 17.09 17.09 17.08 17.07 17.06 17.05 17.02 17.01 16.99 16.96 16.93 16.91 16.88 16.85 16.82 16.79 16.75 16.72 16.68 16.64 16.60 16.57 16.52 16.49 16.45 16.40 16.37 16.33 16.29 16.24 16.20 16.16
15.22 15.31 15.42 15.50 15.59 15.68 15.76 15.83 15.91 15.97 16.04 16.10 16.17 16.22 16.28 16.33 16.37 16.41 16.44 16.46 16.48 16.49 16.51 16.54 16.55 16.57 16.59 16.61 16.63 16.65 16.67 16.70 16.72 16.76 16.79 16.82 16.85 16.87 16.90 16.92 16.94 16.96 16.98 16.99 17.01 17.01 17.01 17.01 17.01 17.00 17.00 16.98 16.97 16.94 16.92 16.89 16.88 16.85 16.81 16.78 16.75 16.72 16.68 16.65 16.61 16.57 16.53 16.50 16.45 16.41 16.38 16.33 16.29 16.25 16.21 16.17 16.12
15.15 15.25 15.34 15.41 15.50 15.57 15.65 15.71 15.78 15.83 15.88 15.94 15.99 16.03 16.06 16.09 16.12 16.15 16.18 16.20 16.22 16.24 16.26 16.28 16.31 16.33 16.36 16.38 16.41 16.43 16.47 16.50 16.54 16.58 16.61 16.66 16.70 16.73 16.77 16.80 16.83 16.86 16.88 16.90 16.92 16.93 16.94 16.94 16.94 16.94 16.94 16.92 16.92 16.90 16.88 16.86 16.83 16.81 16.78 16.75 16.72 16.69 16.65 16.61 16.57 16.54 16.50 16.46 16.43 16.38 16.34 16.30 16.26 16.22 16.18 16.12 16.09
15.11 15.19 15.27 15.34 15.42 15.49 15.55 15.61 15.66 15.70 15.74 15.77 15.80 15.83 15.85 15.86 15.88 15.91 15.93 15.95 15.97 16.00 16.01 16.04 16.06 16.09 16.12 16.14 16.19 16.22 16.26 16.30 16.35 16.39 16.44 16.49 16.53 16.57 16.62 16.66 16.70 16.74 16.78 16.80 16.83 16.85 16.86 16.88 16.88 16.88 16.88 16.88 16.86 16.86 16.84 16.81 16.79 16.77 16.75 16.72 16.69 16.65 16.62 16.59 16.54 16.50 16.47 16.43 16.39 16.35 16.31 16.26 16.22 16.18 16.14 16.10 16.05
15.08 15.15 15.23 15.30 15.36 15.41 15.47 15.51 15.55 15.58 15.61 15.62 15.62 15.62 15.62 15.63 15.65 15.68 15.69 15.71 15.73 15.75 15.77 15.79 15.81 15.84 15.87 15.91 15.94 15.98 16.03 16.08 16.13 16.19 16.24 16.30 16.36 16.42 16.47 16.53 16.58 16.61 16.66 16.70 16.73 16.76 16.79 16.80 16.82 16.83 16.82 16.82 16.82 16.81 16.80 16.78 16.76 16.73 16.70 16.68 16.65 16.62 16.59 16.56 16.52 16.48 16.45 16.41 16.36 16.32 16.28 16.24 16.20 16.16 16.12 16.07 16.03
15.06 15.13 15.19 15.25 15.31 15.35 15.40 15.43 15.46 15.46 15.47 15.46 15.44 15.42 15.41 15.41 15.43 15.44 15.45 15.47 15.49 15.50 15.51 15.54 15.56 15.59 15.62 15.65 15.70 15.75 15.79 15.85 15.90 15.97 16.03 16.11 16.17 16.24 16.30 16.37 16.43 16.49 16.54 16.59 16.63 16.67 16.70 16.72 16.74 16.76 16.77 16.77 16.77 16.76 16.75 16.74 16.72 16.70 16.67 16.65 16.63 16.59 16.56 16.53 16.49 16.46 16.42 16.38 16.34 16.30 16.26 16.22 16.18 16.14 16.10 16.05 16.01
15.06 15.11 15.17 15.21 15.26 15.30 15.33 15.35 15.36 15.36 15.34 15.30 15.26 15.20 15.20 15.21 15.21 15.22 15.23 15.23 15.24 15.24 15.26 15.27 15.30 15.32 15.35 15.39 15.43 15.48 15.54 15.60 15.67 15.74 15.82 15.90 15.97 16.05 16.13 16.21 16.28 16.35 16.42 16.47 16.53 16.58 16.61 16.65 16.67 16.69 16.71 16.71 16.72 16.72 16.71 16.71 16.69 16.67 16.65 16.63 16.60 16.57 16.54 16.50 16.48 16.44 16.41 16.37 16.33 16.29 16.25 16.21 16.17 16.13 16.08 16.04 16.00
15.06 15.11 15.15 15.19 15.22 15.25 15.26 15.27 15.27 15.24 15.20 15.15 15.09 15.04 15.02 15.01 15.01 15.00 15.00 14.99 14.99 14.99 15.00 15.00 15.02 15.04 15.07 15.10 15.16 15.21 15.27 15.33 15.41 15.49 15.59 15.67 15.76 15.85 15.95 16.04 16.12 16.20 16.29 16.35 16.42 16.48 16.53 16.57 16.60 16.63 16.65 16.66 16.67 16.68 16.67 16.67 16.65 16.64 16.62 16.60 16.57 16.55 16.52 16.49 16.46 16.42 16.38 16.35 16.31 16.27 16.24 16.20 16.16 16.12 16.07 16.03 15.99
15.06 15.11 15.14 15.17 15.19 15.20 15.20 15.19 15.16 15.12 15.07 15.01 14.95 14.90 14.86 14.83 14.81 14.79 14.77 14.75 14.74 14.74 14.74 14.75 14.77 14.79 14.81 14.85 14.89 14.95 15.01 15.08 15.15 15.24 15.34 15.43 15.54 15.65 15.75 15.86 15.96 16.05 16.15 16.23 16.31 16.38 16.43 16.49 16.53 16.57 16.60 16.62 16.63 16.64 16.64 16.63 16.63 16.62 16.60 16.58 16.56 16.53 16.50 16.47 16.45 16.41 16.38 16.34 16.30 16.26 16.22 16.18 16.15 16.11 16.07 16.03 15.98
15.07 15.10 15.13 15.15 15.15 15.15 15.14 15.11 15.06 15.01 14.95 14.89 14.82 14.77 14.71 14.66 14.62 14.59 14.56 14.56 14.57 14.59 14.61 14.64 14.67 14.70 14.74 14.78 14.81 14.85 14.87 14.91 14.94 15.00 15.09 15.20 15.31 15.43 15.55 15.68 15.78 15.90 16.00 16.10 16.19 16.27 16.34 16.40 16.46 16.50 16.54 16.57 16.59 16.60 16.61 16.61 16.60 16.59 16.58 16.56 16.55 16.52 16.49 16.46 16.43 16.41 16.37 16.33 16.30 16.26 16.22 16.18 16.15 16.11 16.07 16.02 15.98
15.08 15.09 15.11 15.11 15.11 15.09 15.06 15.02 14.97 14.91 14.86 14.78 14.71 14.63 14.57 14.50 14.46 14.45 14.45 14.46 14.49 14.53 14.56 14.60 14.65 14.69 14.73 13.83 14.80 14.84 14.86 14.88 14.90 14.93 14.96 15.00 15.09 15.21 15.35 15.48 15.61 15.74 15.86 15.97 16.07 16.17 16.25 16.33 16.39 16.44 16.49 16.52 16.54 16.57 16.57 16.58 16.58 16.57 16.56 16.55 16.52 16.50 16.48 16.45 16.42 16.39 16.37 16.33 16.30 16.26 16.22 16.19 16.15 16.11 16.07 16.03 15.99
15.09 15.10 15.09 15.08 15.07 15.05 15.01 14.96 14.90 14.83 14.76 14.67 14.59 14.50 14.43 14.39 14.37 14.37 14.39 14.42 14.46 14.50 14.55 14.60 14.65 14.14 14.74 14.79 14.81 14.85 14.88 14.90 14.92 14.93 14.95 14.96 14.98 15.04 15.16 15.29 15.44 15.58 15.72 15.85 15.96 16.07 16.16 16.24 16.32 16.38 16.43 16.47 16.51 16.54 16.54 16.56 16.55 16.56 16.54 16.54 16.52 16.49 16.48 16.45 16.42 16.39 16.37 16.33 16.30 16.26 16.23 16.19 16.16 16.12 16.07 16.04 16.00
15.09 15.09 15.08 15.07 15.04 15.00 14.96 14.90 14.83 14.76 14.68 14.58 14.48 14.39 14.33 14.32 14.32 14.33 14.36 14.41 14.45 14.50 14.56 14.62 14.52 14.72 14.66 14.81 14.85 14.88 14.90 14.93 14.95 14.96 14.97 14.98 14.99 15.01 15.04 15.13 15.28 15.43 15.58 15.73 15.85 15.97 16.08 16.17 16.26 16.33 16.39 16.44 16.48 16.50 16.52 16.54 16.54 16.54 16.53 16.53 16.51 16.49 16.47 16.45 16.42 16.39 16.37 16.33 16.30 16.26 16.24 16.20 16.16 16.12 16.08 16.05 16.01
15.12 15.10 15.08 15.05 15.03 14.98 14.92 14.86 14.77 14.69 14.59 14.48 14.38 14.32 14.29 14.29 14.30 14.33 14.36 14.41 14.47 14.52 14.59 14.64 14.70 14.32 14.44 14.84 14.89 14.92 14.95 14.96 14.97 14.99 15.00 15.01 15.02 15.03 15.04 15.07 15.15 15.29 15.45 15.61 15.75 15.88 16.00 16.11 16.20 16.28 16.34 16.40 16.44 16.47 16.50 16.51 16.52 16.53 16.52 16.52 16.50 16.48 16.47 16.44 16.42 16.40 16.37 16.34 16.30 16.28 16.24 16.21 16.17 16.14 16.10 16.06 16.02
15.13 15.11 15.09 15.05 15.00 14.95 14.88 14.81 14.72 14.62 14.52 14.40 14.31 14.28 14.27 14.28 14.30 14.33 14.38 14.43 14.50 14.55 14.63 14.46 14.57 13.94 14.60 14.83 14.93 14.97 15.00 15.01 15.03 15.03 15.04 15.05 15.06 15.07 15.08 15.09 15.11 15.19 15.34 15.50 15.66 15.80 15.93 16.05 16.15 16.23 16.31 16.37 16.41 16.45 16.48 16.49 16.51 16.52 16.51 16.51 16.50 16.48 16.47 16.44 16.43 16.40 16.37 16.34 16.32 16.28 16.25 16.21 16.19 16.15 16.11 16.07 16.04
15.15 15.13 15.09 15.05 14.99 14.93 14.86 14.77 14.67 14.56 14.45 14.34 14.29 14.27 14.27 14.29 14.33 14.37 14.41 14.48 14.54 14.61 14.67 14.49 14.81 14.46 14.65 14.85 14.94 15.03 15.06 15.07 15.08 15.09 15.09 15.10 15.11 15.12 15.13 15.14 15.15 15.18 15.26 15.42 15.59 15.74 15.87 16.00 16.10 16.20 16.28 16.34 16.39 16.43 16.46 16.49 16.50 16.51 16.51 16.51 16.49 16.49 16.46 16.45 16.43 16.40 16.38 16.35 16.32 16.29 16.26 16.23 16.20 16.16 16.13 16.09 16.06
15.18 15.14 15.10 15.04 14.99 14.91 14.83 14.74 14.63 14.52 14.40 14.32 14.29 14.29 14.31 14.33 14.37 14.41 14.47 14.54 14.60 14.66 14.74 14.81 14.89 14.95 14.20 14.81 14.97 15.04 15.11 15.13 15.14 15.15 15.16 15.16 15.17 15.19 15.19 15.20 15.22 15.23 15.28 15.37 15.53 15.69 15.83 15.96 16.07 16.17 16.25 16.32 16.38 16.43 16.45 16.48 16.50 16.50 16.51 16.50 16.50 16.48 16.46 16.45 16.43 16.41 16.38 16.36 16.32 16.30 16.27 16.24 16.20 16.18 16.14 16.11 16.08
15.21 15.17 15.12 15.06 14.99 14.91 14.82 14.71 14.61 14.48 14.38 14.35 14.34 14.34 14.36 14.39 14.43 14.48 14.53 14.60 14.66 14.74 14.81 14.89 14.96 14.89 14.68 14.60 14.92 14.80 15.07 14.67 15.20 15.21 15.22 15.23 15.24 15.26 15.27 15.29 15.31 15.32 15.34 15.39 15.50 15.65 15.80 15.94 16.05 16.15 16.24 16.31 16.37 16.42 16.46 16.47 16.49 16.51 16.51 16.51 16.50 16.49 16.47 16.45 16.44 16.41 16.39 16.37 16.34 16.31 16.28 16.26 16.22 16.19 16.16 16.13 16.09
15.26 15.20 15.14 15.08 15.00 14.92 14.82 14.71 14.59 14.48 14.43 14.41 14.41 14.41 14.43 14.46 14.51 14.55 14.61 14.68 14.74 14.82 14.89 14.97 15.05 15.13 15.12 14.57 14.98 14.60 15.12 15.16 15.26 15.29 15.30 15.31 15.32 15.34 15.36 15.38 15.40 15.42 15.44 15.47 15.53 15.66 15.81 15.94 16.06 16.16 16.25 16.32 16.38 16.42 16.45 16.48 16.50 16.51 16.51 16.51 16.50 16.49 16.48 16.46 16.44 16.42 16.40 16.37 16.34 16.32 16.29 16.26 16.24 16.21 16.17 16.14 16.11
15.31 15.25 15.18 15.10 15.02 14.92 14.82 14.70 14.61 14.54 14.51 14.50 14.50 14.51 14.53 14.56 14.60 14.64 14.70 14.76 14.83 14.90 14.97 15.05 15.13 15.21 15.31 15.38 15.05 13.45 15.24 15.32 15.36 15.37 15.38 15.39 15.42 15.43 15.45 15.48 15.50 15.53 15.55 15.59 15.62 15.70 15.83 15.96 16.08 16.19 16.27 16.34 16.39 16.43 16.47 16.50 16.50 16.52 16.51 16.51 16.50 16.50 16.48 16.47 16.45 16.42 16.41 16.38 16.35 16.32 16.30 16.27 16.24 16.21 16.19 16.16 16.12
15.38 15.31 15.22 15.14 15.05 14.95 14.85 14.76 14.70 14.65 14.62 14.60 14.60 14.61 14.63 14.67 14.70 14.75 14.80 14.86 14.92 14.99 15.06 15.14 15.21 15.29 15.36 15.41 15.26 14.84 15.16 15.36 15.42 15.46 15.47 15.49 15.51 15.54 15.56 15.59 15.62 15.66 15.69 15.72 15.76 15.80 15.89 16.01 16.12 16.22 16.30 16.37 16.42 16.46 16.49 16.51 16.52 16.53 16.53 16.53 16.51 16.50 16.49 16.47 16.45 16.43 16.40 16.39 16.36 16.33 16.31 16.29 16.26 16.23 16.20 16.16 16.14
15.46 15.38 15.29 15.20 15.11 15.02 14.95 14.87 14.82 14.78 14.75 14.72 14.72 14.73 14.75 14.78 14.81 14.86 14.92 14.96 15.03 15.10 15.16 15.22 15.29 15.35 15.41 15.47 14.94 12.75 15.12 15.45 15.18 15.53 15.57 15.59 15.62 15.65 15.68 15.72 15.76 15.79 15.82 15.87 15.90 15.95 16.00 16.10 16.20 16.28 16.36 16.42 16.46 16.50 16.52 16.53 16.54 16.55 16.54 16.54 16.52 16.50 16.49 16.47 16.45 16.44 16.41 16.39 16.36 16.34 16.31 16.29 16.26 16.24 16.21 16.18 16.15
15.55 15.46 15.38 15.30 15.22 15.14 15.07 15.01 14.96 14.91 14.88 14.86 14.86 14.87 14.88 14.91 14.94 14.99 15.03 15.09 15.14 15.20 15.25 15.32 15.38 15.43 15.48 15.53 15.55 15.03 15.17 15.61 15.54 15.65 15.68 15.70 15.74 15.78 15.82 15.85 15.90 15.93 15.98 16.02 16.06 16.10 16.15 16.22 16.30 16.37 16.43 16.48 16.52 16.55 16.57 16.57 16.57 16.57 16.56 16.55 16.54 16.52 16.50 16.48 16.46 16.43 16.42 16.39 16.36 16.34 16.32 16.29 16.27 16.24 16.22 16.19 16.16
15.62 15.55 15.47 15.40 15.33 15.26 15.19 15.13 15.09 15.05 15.02 15.01 15.00 15.00 15.02 15.04 15.08 15.11 15.16 15.21 15.26 15.31 15.37 15.42 15.47 15.43 15.56 15.60 15.63 15.65 15.67 15.70 15.73 15.76 15.79 15.83 15.87 15.91 15.96 16.00 16.05 16.09 16.14 16.18 16.23 16.27 16.32 16.37 16.43 16.50 16.54 16.58 16.59 16.61 16.62 16.61 16.61 16.60 16.58 16.57 16.55 16.53 16.51 16.49 16.46 16.44 16.42 16.39 16.37 16.34 16.32 16.30 16.27 16.24 16.22 16.20 16.17
15.68 15.62 15.56 15.49 15.43 15.37 15.31 15.26 15.22 15.19 15.16 15.15 15.15 15.16 15.17 15.19 15.22 15.25 15.30 15.34 15.38 15.43 15.48 15.53 15.57 15.61 15.64 15.68 15.71 15.00 15.59 15.80 15.74 15.59 15.80 15.96 16.00 16.05 16.10 16.15 16.20 16.26 16.31 16.36 16.40 16.46 16.50 16.55 16.60 16.64 16.67 16.68 16.69 16.70 16.68 16.67 16.65 16.64 16.61 16.59 16.57 16.54 16.52 16.49 16.47 16.44 16.42 16.40 16.37 16.34 16.32 16.30 16.27 16.25 16.22 16.19 16.18
15.73 15.68 15.63 15.58 15.53 15.48 15.43 15.39 15.35 15.33 15.31 15.30 15.29 15.30 15.31 15.33 15.37 15.40 15.44 15.48 15.52 15.56 15.60 15.65 15.68 15.71 15.74 15.27 14.76 15.53 14.22 15.58 15.55 15.80 15.76 15.96 16.14 16.20 16.26 16.31 16.37 16.42 16.48 16.53 16.59 16.64 16.68 16.73 16.78 16.81 16.82 16.82 16.80 16.79 16.77 16.74 16.71 16.68 16.65 16.62 16.58 16.56 16.53 16.50 16.47 16.44 16.42 16.39 16.37 16.34 16.31 16.29 16.27 16.25 16.22 16.19 16.17
15.79 15.74 15.70 15.65 15.61 15.58 15.53 15.50 15.48 15.45 15.44 15.44 15.44 15.45 15.46 15.49 15.51 15.55 15.58 15.62 15.66 15.70 15.73 15.76 15.80 15.82 15.85 15.87 15.90 15.93 15.96 16.00 15.96 16.11 15.16 16.04 16.29 16.36 16.42 16.48 16.54 16.60 16.65 16.71 16.77 16.81 16.87 16.91 16.96 16.99 16.99 16.97 16.94 16.90 16.86 16.82 16.77 16.73 16.69 16.65 16.61 16.57 16.54 16.50 16.47 16.45 16.42 16.39 16.36 16.34 16.31 16.28 16.26 16.24 16.22 16.19 16.17
15.83 15.79 15.75 15.73 15.69 15.66 15.63 15.61 15.59 15.57 15.57 15.57 15.58 15.60 15.61 15.63 15.66 15.70 15.74 15.77 15.81 15.84 15.88 15.90 15.93 15.95 15.96 15.99 16.00 16.03 16.06 16.08 16.17 16.23 16.30 16.38 16.44 16.51 16.58 16.65 16.71 16.77 16.83 16.89 16.94 17.00 17.04 17.09 17.14 17.18 17.20 17.15 17.09 17.04 16.97 16.90 16.85 16.79 16.74 16.69 16.64 16.59 16.55 16.51 16.48 16.45 16.42 16.39 16.36 16.33 16.30 16.28 16.25 16.23 16.21 16.19 16.16
15.87 15.84 15.81 15.78 15.76 15.74 15.72 15.71 15.70 15.70 15.70 15.70 15.72 15.74 15.76 15.78 15.82 15.85 15.89 15.92 15.96 15.99 16.02 16.04 16.06 16.07 16.08 16.10 16.11 16.13 15.53 16.14 16.29 16.36 16.44 16.52 16.60 16.67 16.75 16.82 16.88 16.94 17.00 17.07 17.11 17.17 17.23 17.27 17.31 17.36 17.39 17.34 17.27 17.17 17.09 17.00 16.93 16.86 16.79 16.72 16.66 16.62 16.57 16.52 16.48 16.44 16.41 16.38 16.35 16.32 16.29 16.27 16.24 16.22 16.19 16.18 16.15
