datasets/raw/temp/2019120120191201.grid
ncols 886
nrows 691
xllcenter 112.0000
yllcenter -44.5000
cellsize 0.0500
nodata_value 99999.90
[rows 34 to 67 of 691, columns 770 to 846 of 886]
30.45 30.43 30.41 30.39 30.37 30.35 30.34 30.33 30.31 30.29 30.28 30.26 30.25 30.24 30.23 30.21 30.20 30.18 30.17 30.16 30.15 30.14 30.12 30.11 30.11 30.09 30.08 30.07 30.06 30.04 30.04 30.03 30.01 30.00 29.99 29.98 29.97 29.96 29.95 29.93 29.92 29.91 29.90 29.89 29.88 29.86 29.85 29.84 29.82 29.82 29.81 29.79 29.78 29.76 29.75 29.74 29.73 29.72 29.71 29.69 29.68 29.66 29.65 29.65 29.63 29.62 29.60 29.59 29.58 29.56 29.56 29.54 29.53 29.51 29.50 29.49 29.47
30.42 30.41 30.39 30.37 30.35 30.33 30.32 30.31 30.29 30.27 30.26 30.24 30.23 30.22 30.21 30.19 30.18 30.16 30.16 30.14 30.13 30.12 30.10 30.10 30.09 30.07 30.06 30.05 30.03 30.03 30.02 30.00 29.99 29.98 29.98 29.96 29.95 29.94 29.92 29.91 29.91 29.89 29.88 29.87 29.85 29.84 29.84 29.82 29.81 29.80 29.78 29.77 29.75 29.75 29.74 29.72 29.71 29.70 29.68 29.68 29.66 29.65 29.64 29.62 29.61 29.59 29.59 29.58 29.56 29.55 29.53 29.52 29.50 29.50 29.48 29.47 29.46
30.40 30.39 30.37 30.35 30.33 30.32 30.30 30.28 30.27 30.26 30.24 30.22 30.21 30.20 30.19 30.17 30.16 30.14 30.14 30.12 30.11 30.10 30.08 30.08 30.07 30.05 30.04 30.03 30.02 30.01 30.00 29.98 29.97 29.97 29.95 29.94 29.93 29.91 29.90 29.90 29.88 29.87 29.86 29.84 29.84 29.83 29.81 29.80 29.79 29.77 29.77 29.75 29.74 29.73 29.71 29.70 29.70 29.68 29.67 29.65 29.64 29.62 29.62 29.61 29.59 29.58 29.56 29.55 29.54 29.53 29.52 29.50 29.49 29.47 29.46 29.45 29.44
30.38 30.36 30.35 30.33 30.31 30.30 30.28 30.26 30.25 30.24 30.22 30.20 30.19 30.18 30.17 30.15 30.14 30.12 30.12 30.11 30.09 30.08 30.07 30.06 30.05 30.03 30.02 30.02 30.00 29.99 29.98 29.96 29.96 29.95 29.93 29.92 29.91 29.90 29.89 29.88 29.86 29.85 29.84 29.83 29.82 29.80 29.79 29.78 29.77 29.76 29.74 29.73 29.72 29.71 29.70 29.68 29.67 29.66 29.64 29.64 29.62 29.61 29.60 29.58 29.57 29.56 29.55 29.54 29.52 29.51 29.49 29.49 29.47 29.46 29.44 29.43 29.42
30.36 30.34 30.32 30.30 30.29 30.28 30.26 30.24 30.23 30.22 30.20 30.19 30.17 30.17 30.15 30.14 30.12 30.11 30.10 30.09 30.07 30.06 30.05 30.04 30.03 30.01 30.00 30.00 29.98 29.97 29.95 29.95 29.94 29.92 29.91 29.90 29.89 29.88 29.87 29.85 29.84 29.84 29.82 29.81 29.80 29.78 29.78 29.76 29.75 29.74 29.72 29.72 29.70 29.69 29.68 29.66 29.65 29.64 29.63 29.61 29.60 29.59 29.58 29.57 29.55 29.54 29.52 29.51 29.51 29.49 29.48 29.46 29.45 29.43 29.43 29.41 29.40
30.34 30.32 30.30 30.28 30.27 30.26 30.24 30.22 30.21 30.19 30.18 30.17 30.15 30.14 30.13 30.12 30.10 30.09 30.08 30.07 30.05 30.04 30.04 30.02 30.01 29.99 29.98 29.98 29.96 29.95 29.93 29.93 29.92 29.90 29.89 29.88 29.87 29.86 29.85 29.83 29.83 29.81 29.80 29.79 29.77 29.77 29.75 29.74 29.73 29.71 29.71 29.69 29.68 29.67 29.65 29.65 29.63 29.62 29.61 29.59 29.59 29.57 29.56 29.54 29.53 29.52 29.51 29.50 29.48 29.47 29.46 29.45 29.43 29.42 29.40 29.39 29.38
30.31 30.29 30.28 30.26 30.25 30.23 30.22 30.21 30.19 30.17 30.16 30.15 30.13 30.12 30.10 30.10 30.08 30.07 30.05 30.05 30.03 30.02 30.00 30.00 29.99 29.97 29.96 29.95 29.94 29.93 29.91 29.91 29.90 29.88 29.87 29.86 29.85 29.84 29.82 29.81 29.80 29.79 29.78 29.76 29.76 29.75 29.73 29.72 29.70 29.70 29.68 29.67 29.66 29.65 29.64 29.62 29.61 29.59 29.59 29.58 29.56 29.55 29.53 29.53 29.51 29.50 29.49 29.47 29.47 29.45 29.44 29.42 29.41 29.40 29.39 29.37 29.36
30.29 30.27 30.25 30.23 30.23 30.21 30.19 30.18 30.17 30.15 30.14 30.12 30.12 30.10 30.08 30.07 30.06 30.05 30.03 30.03 30.01 30.00 29.99 29.98 29.97 29.95 29.94 29.93 29.92 29.91 29.89 29.89 29.88 29.86 29.85 29.84 29.83 29.82 29.80 29.79 29.78 29.77 29.76 29.74 29.74 29.72 29.71 29.70 29.69 29.68 29.66 29.65 29.64 29.63 29.61 29.60 29.59 29.58 29.57 29.55 29.54 29.53 29.52 29.50 29.49 29.49 29.47 29.45 29.44 29.43 29.42 29.41 29.39 29.38 29.36 29.36 29.34
30.26 30.25 30.23 30.21 30.20 30.19 30.17 30.16 30.14 30.14 30.12 30.10 30.09 30.08 30.07 30.05 30.04 30.03 30.02 30.00 29.99 29.98 29.97 29.95 29.95 29.93 29.92 29.90 29.90 29.89 29.87 29.86 29.85 29.84 29.83 29.81 29.81 29.79 29.78 29.77 29.76 29.75 29.73 29.73 29.71 29.70 29.69 29.68 29.67 29.65 29.64 29.63 29.62 29.61 29.59 29.59 29.57 29.56 29.54 29.53 29.52 29.51 29.49 29.48 29.48 29.46 29.45 29.43 29.43 29.41 29.40 29.38 29.37 29.36 29.35 29.33 29.32
30.24 30.22 30.20 30.18 30.18 30.16 30.14 30.14 30.12 30.11 30.09 30.08 30.07 30.05 30.04 30.03 30.02 30.00 30.00 29.98 29.97 29.95 29.95 29.93 29.92 29.91 29.90 29.88 29.87 29.87 29.85 29.84 29.83 29.82 29.80 29.79 29.79 29.77 29.76 29.74 29.74 29.73 29.71 29.71 29.69 29.68 29.66 29.66 29.64 29.63 29.62 29.61 29.60 29.58 29.57 29.56 29.55 29.53 29.52 29.51 29.50 29.48 29.48 29.46 29.45 29.44 29.43 29.42 29.40 29.39 29.37 29.37 29.35 29.34 29.32 29.32 29.30
30.21 30.19 30.18 30.17 30.15 30.13 30.13 30.11 30.09 30.09 30.07 30.05 30.04 30.03 30.02 30.00 30.00 29.98 29.97 29.96 29.95 29.93 29.92 29.91 29.90 29.88 29.88 29.87 29.85 29.84 29.83 29.82 29.80 29.80 29.78 29.77 29.76 29.75 29.74 29.72 29.72 29.70 29.69 29.67 29.67 29.66 29.64 29.64 29.62 29.61 29.59 29.59 29.57 29.56 29.55 29.54 29.53 29.51 29.51 29.49 29.48 29.46 29.46 29.44 29.43 29.42 29.41 29.39 29.38 29.37 29.36 29.34 29.33 29.32 29.31 29.29 29.28
30.18 30.17 30.15 30.14 30.12 30.11 30.10 30.08 30.07 30.06 30.04 30.04 30.02 30.00 29.99 29.98 29.97 29.95 29.95 29.93 29.92 29.91 29.90 29.88 29.88 29.86 29.85 29.85 29.83 29.82 29.80 29.80 29.78 29.77 29.76 29.75 29.73 29.73 29.72 29.70 29.69 29.68 29.67 29.65 29.65 29.63 29.62 29.61 29.60 29.59 29.57 29.57 29.55 29.54 29.53 29.52 29.50 29.50 29.48 29.47 29.45 29.45 29.43 29.42 29.41 29.40 29.38 29.37 29.36 29.35 29.33 29.33 29.31 29.30 29.28 29.28 29.26
30.16 30.14 30.12 30.11 30.10 30.09 30.07 30.06 30.05 30.03 30.02 30.01 29.99 29.99 29.97 29.96 29.95 29.93 29.92 29.91 29.90 29.88 29.87 29.86 29.85 29.83 29.83 29.82 29.80 29.80 29.78 29.77 29.76 29.75 29.73 29.73 29.71 29.70 29.69 29.68 29.66 29.66 29.65 29.63 29.62 29.61 29.60 29.58 29.58 29.56 29.55 29.54 29.53 29.51 29.51 29.49 29.48 29.47 29.46 29.44 29.44 29.42 29.41 29.39 29.39 29.37 29.36 29.35 29.34 29.32 29.32 29.30 29.29 29.27 29.27 29.25 29.24
30.13 30.11 30.10 30.08 30.07 30.06 30.04 30.03 30.02 30.00 30.00 29.98 29.96 29.96 29.94 29.94 29.92 29.91 29.90 29.89 29.87 29.86 29.85 29.83 29.83 29.82 29.80 29.80 29.78 29.77 29.76 29.75 29.73 29.73 29.71 29.70 29.69 29.68 29.66 29.66 29.64 29.63 29.62 29.61 29.59 29.59 29.57 29.56 29.55 29.54 29.52 29.52 29.50 29.49 29.49 29.47 29.45 29.45 29.43 29.42 29.42 29.40 29.38 29.38 29.36 29.35 29.34 29.33 29.31 29.31 29.29 29.28 29.26 29.26 29.24 29.23 29.22
30.10 30.08 30.07 30.05 30.04 30.03 30.02 30.01 29.99 29.98 29.97 29.95 29.95 29.93 29.91 29.91 29.89 29.88 29.87 29.86 29.85 29.84 29.82 29.82 29.80 29.79 29.78 29.77 29.75 29.75 29.73 29.72 29.71 29.70 29.68 29.68 29.66 29.65 29.64 29.63 29.62 29.61 29.59 29.59 29.57 29.56 29.55 29.54 29.52 29.52 29.50 29.49 29.48 29.47 29.46 29.45 29.43 29.43 29.41 29.40 29.39 29.38 29.36 29.36 29.34 29.32 29.32 29.30 29.29 29.28 29.27 29.25 29.25 29.23 29.22 29.21 29.20
30.06 30.05 30.04 30.02 30.02 30.00 29.99 29.98 29.96 29.95 29.94 29.92 29.92 29.90 29.89 29.88 29.86 29.86 29.84 29.83 29.82 29.81 29.79 29.79 29.77 29.77 29.75 29.74 29.73 29.72 29.70 29.70 29.68 29.68 29.66 29.65 29.64 29.63 29.61 29.61 29.59 29.58 29.57 29.56 29.55 29.54 29.52 29.52 29.50 29.49 29.48 29.46 29.46 29.44 29.43 29.42 29.41 29.40 29.39 29.37 29.37 29.35 29.34 29.33 29.32 29.30 29.30 29.28 29.27 29.26 29.24 29.24 29.22 29.21 29.20 29.19 29.17
30.03 30.02 30.01 29.99 29.99 29.97 29.95 29.95 29.93 29.93 29.91 29.89 29.89 29.87 29.87 29.85 29.84 29.83 29.82 29.80 29.79 29.78 29.77 29.76 29.74 29.74 29.72 29.72 29.70 29.69 29.68 29.67 29.65 29.65 29.63 29.63 29.61 29.60 29.59 29.57 29.57 29.55 29.54 29.54 29.52 29.51 29.50 29.48 29.48 29.46 29.46 29.44 29.43 29.42 29.41 29.40 29.39 29.37 29.36 29.35 29.34 29.33 29.31 29.31 29.29 29.29 29.27 29.26 29.25 29.23 29.22 29.21 29.20 29.19 29.18 29.16 29.15
30.00 29.99 29.98 29.96 29.95 29.94 29.93 29.92 29.91 29.89 29.88 29.87 29.86 29.85 29.83 29.82 29.81 29.80 29.79 29.77 29.77 29.75 29.74 29.73 29.71 29.71 29.69 29.69 29.67 29.66 29.65 29.64 29.63 29.62 29.61 29.60 29.58 29.57 29.56 29.55 29.54 29.52 29.52 29.50 29.50 29.48 29.47 29.46 29.45 29.44 29.43 29.42 29.40 29.39 29.38 29.37 29.36 29.35 29.34 29.33 29.31 29.30 29.29 29.28 29.27 29.26 29.25 29.23 29.23 29.21 29.20 29.19 29.17 29.17 29.15 29.14 29.13
29.96 29.96 29.94 29.94 29.92 29.90 29.90 29.88 29.88 29.86 29.86 29.84 29.82 29.82 29.80 29.80 29.78 29.77 29.76 29.74 29.74 29.72 29.72 29.70 29.68 29.68 29.66 29.66 29.64 29.64 29.62 29.61 29.60 29.59 29.58 29.57 29.56 29.54 29.53 29.52 29.51 29.50 29.49 29.48 29.47 29.45 29.45 29.43 29.42 29.41 29.40 29.39 29.38 29.37 29.35 29.35 29.33 29.32 29.31 29.30 29.29 29.28 29.26 29.26 29.24 29.23 29.22 29.21 29.20 29.18 29.18 29.16 29.15 29.14 29.13 29.12 29.11
29.94 29.92 29.91 29.90 29.89 29.88 29.86 29.85 29.84 29.83 29.82 29.81 29.80 29.79 29.77 29.76 29.75 29.74 29.73 29.71 29.71 29.69 29.68 29.67 29.66 29.65 29.63 29.63 29.61 29.61 29.59 29.58 29.57 29.56 29.55 29.54 29.53 29.51 29.51 29.49 29.48 29.47 29.46 29.45 29.43 29.43 29.41 29.41 29.39 29.39 29.37 29.36 29.35 29.34 29.33 29.32 29.31 29.30 29.29 29.27 29.26 29.25 29.24 29.23 29.22 29.20 29.20 29.18 29.18 29.16 29.16 29.14 29.13 29.12 29.10 29.10 29.08
29.90 29.89 29.88 29.87 29.85 29.85 29.83 29.82 29.81 29.79 29.79 29.77 29.77 29.75 29.74 29.73 29.72 29.71 29.69 29.69 29.67 29.66 29.65 29.64 29.63 29.62 29.61 29.60 29.59 29.57 29.56 29.55 29.54 29.53 29.52 29.50 29.50 29.48 29.48 29.46 29.46 29.44 29.44 29.42 29.41 29.40 29.39 29.38 29.37 29.35 29.35 29.33 29.33 29.31 29.30 29.29 29.28 29.27 29.26 29.25 29.24 29.22 29.22 29.20 29.20 29.18 29.17 29.16 29.15 29.14 29.13 29.11 29.11 29.09 29.08 29.07 29.05
29.87 29.85 29.84 29.83 29.82 29.81 29.79 29.79 29.77 29.77 29.75 29.75 29.73 29.72 29.71 29.70 29.69 29.68 29.66 29.65 29.64 29.63 29.62 29.60 29.60 29.58 29.58 29.56 29.55 29.54 29.53 29.52 29.51 29.50 29.49 29.47 29.47 29.45 29.45 29.43 29.43 29.41 29.40 29.39 29.38 29.37 29.36 29.34 29.34 29.32 29.32 29.30 29.30 29.28 29.27 29.26 29.25 29.25 29.23 29.22 29.21 29.20 29.18 29.18 29.16 29.16 29.14 29.13 29.12 29.11 29.10 29.09 29.07 29.07 29.05 29.05 29.03
29.83 29.81 29.81 29.79 29.79 29.77 29.77 29.75 29.74 29.73 29.72 29.71 29.70 29.68 29.68 29.66 29.66 29.64 29.62 29.62 29.60 29.60 29.58 29.58 29.56 29.55 29.54 29.53 29.52 29.51 29.49 29.49 29.47 29.47 29.45 29.45 29.43 29.42 29.41 29.40 29.39 29.38 29.37 29.36 29.35 29.33 29.33 29.31 29.31 29.29 29.28 29.28 29.26 29.26 29.24 29.23 29.22 29.21 29.20 29.19 29.18 29.17 29.16 29.14 29.14 29.13 29.12 29.11 29.09 29.09 29.07 29.06 29.05 29.04 29.03 29.02 29.00
29.80 29.79 29.77 29.75 29.75 29.73 29.73 29.71 29.71 29.69 29.68 29.67 29.66 29.65 29.64 29.62 29.62 29.60 29.60 29.58 29.58 29.56 29.55 29.54 29.53 29.52 29.51 29.49 29.49 29.47 29.46 29.45 29.44 29.44 29.42 29.42 29.40 29.39 29.38 29.37 29.35 29.35 29.33 29.33 29.32 29.30 29.30 29.28 29.27 29.27 29.25 29.25 29.23 29.22 29.21 29.20 29.20 29.18 29.17 29.17 29.15 29.14 29.13 29.12 29.11 29.10 29.09 29.08 29.07 29.05 29.05 29.04 29.02 29.02 29.00 29.00 28.98
29.78 29.76 29.74 29.73 29.71 29.70 29.69 29.67 29.67 29.65 29.65 29.63 29.62 29.61 29.60 29.60 29.58 29.57 29.56 29.55 29.54 29.53 29.51 29.51 29.49 29.49 29.47 29.46 29.45 29.44 29.43 29.42 29.40 29.40 29.39 29.38 29.37 29.35 29.35 29.33 29.32 29.32 29.30 29.30 29.28 29.27 29.27 29.25 29.24 29.23 29.22 29.21 29.20 29.19 29.18 29.17 29.16 29.16 29.14 29.13 29.12 29.11 29.10 29.09 29.08 29.08 29.06 29.05 29.05 29.03 29.02 29.01 29.00 28.99 28.98 28.97 28.95
29.77 29.75 29.72 29.71 29.68 29.67 29.65 29.64 29.63 29.61 29.61 29.59 29.59 29.57 29.57 29.56 29.54 29.54 29.52 29.52 29.50 29.49 29.48 29.47 29.45 29.45 29.43 29.42 29.42 29.40 29.40 29.38 29.37 29.36 29.35 29.35 29.33 29.32 29.31 29.30 29.29 29.28 29.27 29.25 29.25 29.24 29.22 29.22 29.21 29.20 29.19 29.18 29.17 29.16 29.15 29.14 29.13 29.12 29.11 29.10 29.09 29.08 29.07 29.06 29.05 29.04 29.03 29.02 29.01 29.01 28.99 28.98 28.98 28.96 28.95 28.95 28.93
29.76 29.73 29.72 29.69 29.67 29.65 29.62 29.61 29.59 29.58 29.57 29.56 29.55 29.53 29.53 29.51 29.51 29.50 29.48 29.48 29.46 29.45 29.44 29.43 29.42 29.41 29.40 29.39 29.38 29.36 29.36 29.34 29.33 29.33 29.31 29.30 29.30 29.28 29.28 29.26 29.25 29.25 29.23 29.22 29.22 29.20 29.19 29.19 29.17 29.16 29.16 29.14 29.13 29.13 29.12 29.10 29.10 29.09 29.07 29.07 29.06 29.05 29.04 29.03 29.02 29.02 29.00 28.99 28.99 28.97 28.96 28.96 28.94 28.93 28.93 28.91 28.91
29.74 29.72 29.70 29.68 29.66 29.63 29.61 29.59 29.57 29.55 29.54 29.52 29.51 29.50 29.49 29.47 29.47 29.45 29.45 29.44 29.42 29.42 29.40 29.39 29.38 29.37 29.36 29.35 29.34 29.33 29.32 29.31 29.29 29.29 29.27 29.26 29.26 29.24 29.24 29.23 29.21 29.20 29.20 29.18 29.18 29.17 29.16 29.14 29.14 29.13 29.11 29.11 29.10 29.09 29.08 29.07 29.06 29.06 29.04 29.03 29.03 29.02 29.01 29.00 28.99 28.98 28.98 28.96 28.95 28.95 28.94 28.92 28.92 28.91 28.89 28.89 28.88
29.72 29.71 29.68 29.67 29.64 29.62 29.60 29.58 29.55 29.53 29.51 29.49 29.48 29.46 29.44 29.44 29.43 29.41 29.41 29.39 29.39 29.37 29.36 29.36 29.34 29.33 29.32 29.31 29.30 29.29 29.28 29.27 29.26 29.25 29.23 29.23 29.22 29.21 29.20 29.19 29.18 29.16 29.16 29.15 29.13 29.13 29.12 29.11 29.11 29.09 29.08 29.08 29.07 29.05 29.05 29.04 29.03 29.03 29.01 29.00 28.99 28.99 28.98 28.96 28.96 28.95 28.94 28.94 28.92 28.91 28.91 28.90 28.88 28.88 28.87 28.86 28.84
29.71 29.69 29.68 29.65 29.62 29.61 29.58 29.57 29.54 29.52 29.49 29.47 29.45 29.42 29.41 29.40 29.38 29.38 29.36 29.35 29.34 29.33 29.32 29.31 29.30 29.29 29.28 29.27 29.25 29.25 29.24 29.22 29.22 29.21 29.19 29.19 29.18 29.16 29.16 29.15 29.14 29.12 29.12 29.11 29.10 29.09 29.08 29.07 29.07 29.06 29.04 29.03 29.03 29.02 29.01 29.01 29.00 28.98 28.98 28.97 28.96 28.95 28.95 28.93 28.92 28.92 28.91 28.90 28.89 28.88 28.87 28.86 28.86 28.85 28.84 28.83 28.82
29.70 29.67 29.66 29.63 29.62 29.59 29.58 29.55 29.52 29.51 29.48 29.46 29.43 29.40 29.39 29.36 29.35 29.33 29.32 29.31 29.30 29.29 29.28 29.27 29.25 29.24 29.24 29.22 29.21 29.21 29.19 29.18 29.18 29.16 29.15 29.15 29.14 29.12 29.11 29.11 29.10 29.08 29.08 29.07 29.06 29.05 29.04 29.03 29.02 29.02 29.01 29.00 29.00 28.98 28.97 28.96 28.96 28.95 28.94 28.93 28.93 28.92 28.90 28.90 28.89 28.88 28.88 28.87 28.86 28.85 28.85 28.83 28.82 28.82 28.81 28.80 28.80
29.68 29.66 29.64 29.63 29.60 29.58 29.56 29.53 29.52 29.49 29.47 29.44 29.42 29.40 29.37 29.34 29.32 29.30 29.29 29.27 29.25 29.25 29.24 29.22 29.21 29.20 29.19 29.18 29.17 29.16 29.15 29.14 29.13 29.12 29.11 29.10 29.09 29.08 29.07 29.07 29.05 29.04 29.04 29.03 29.02 29.01 29.00 28.99 28.98 28.97 28.97 28.96 28.95 28.95 28.94 28.93 28.92 28.92 28.90 28.89 28.89 28.88 28.87 28.86 28.86 28.85 28.84 28.83 28.83 28.82 28.81 28.81 28.80 28.78 28.77 28.77 28.76
29.67 29.64 29.62 29.61 29.58 29.57 29.54 29.53 29.50 29.47 29.46 29.43 29.41 29.38 29.35 29.34 29.31 29.28 29.26 29.23 29.21 29.20 29.19 29.17 29.17 29.16 29.14 29.14 29.13 29.11 29.10 29.10 29.09 29.07 29.06 29.06 29.05 29.04 29.02 29.02 29.01 29.00 28.99 28.99 28.98 28.96 28.96 28.95 28.94 28.93 28.93 28.92 28.91 28.90 28.90 28.89 28.88 28.87 28.87 28.86 28.85 28.84 28.84 28.83 28.82 28.82 28.81 28.80 28.79 28.79 28.78 28.77 28.76 28.76 28.75 28.74 28.73
29.65 29.62 29.61 29.59 29.57 29.55 29.53 29.51 29.48 29.47 29.44 29.42 29.39 29.37 29.35 29.32 29.29 29.27 29.24 29.21 29.20 29.17 29.14 29.14 29.12 29.11 29.10 29.09 29.08 29.07 29.05 29.05 29.04 29.03 29.02 29.01 29.00 28.99 28.98 28.98 28.97 28.95 28.95 28.94 28.93 28.92 28.91 28.91 28.90 28.89 28.88 28.88 28.87 28.86 28.85 28.85 28.84 28.83 28.82 28.82 28.81 28.80 28.80 28.80 28.79 28.78 28.77 28.77 28.76 28.75 28.74 28.74 28.73 28.72 28.71 28.71 28.70
