datasets/raw/temp/2019100120191001.grid
ncols 886
nrows 691
xllcenter 112.0000
yllcenter -44.5000
cellsize 0.0500
nodata_value 99999.90
[rows 306 to 339 of 691, columns 385 to 461 of 886]
38.79 38.81 38.83 38.82 38.85 38.87 38.84 38.87 38.90 38.87 38.89 38.85 38.85 38.88 38.84 38.82 38.84 38.82 38.76 38.72 38.73 38.73 38.72 38.81 38.77 38.86 38.89 38.91 38.88 38.98 39.06 39.15 39.20 39.27 39.33 39.39 39.50 39.55 39.57 39.58 39.61 39.63 39.56 39.59 39.60 39.56 39.45 39.36 39.30 39.11 38.89 38.93 38.94 38.79 38.68 38.67 38.72 38.90 38.80 38.95 38.75 38.37 38.34 38.31 37.88 38.24 37.43 38.11 38.15 38.20 38.20 38.28 38.32 38.30 38.29 38.24 38.23
38.74 38.75 38.76 38.76 38.76 38.78 38.78 38.81 38.81 38.83 38.85 38.83 38.85 38.83 38.81 38.78 38.78 38.75 38.72 38.70 38.69 38.68 38.70 38.67 38.75 38.87 38.90 38.91 38.95 39.00 39.10 39.14 39.18 39.33 39.37 39.38 39.55 39.59 39.64 39.63 39.69 39.68 39.64 39.61 39.62 39.58 39.53 39.42 39.28 39.14 38.96 38.75 38.82 38.91 38.90 38.85 38.91 39.06 39.08 38.94 38.83 38.53 38.21 38.20 38.34 38.46 38.33 38.21 38.22 38.30 38.29 38.25 38.28 38.29 38.28 38.30 38.28
38.65 38.67 38.65 38.68 38.70 38.70 38.71 38.74 38.73 38.76 38.75 38.72 38.70 38.68 38.71 38.73 38.69 38.63 38.62 38.62 38.59 38.61 38.59 38.62 38.65 38.77 38.77 38.84 38.94 38.99 39.08 39.24 39.26 39.31 39.38 39.36 39.45 39.49 39.58 39.56 39.65 39.62 39.59 39.58 39.58 39.60 39.57 39.49 39.30 39.28 39.24 39.19 39.18 39.12 39.12 39.00 39.03 39.17 39.17 38.96 38.92 38.81 38.69 38.46 38.48 38.51 38.51 38.36 38.32 38.34 38.31 38.34 38.36 38.34 38.33 38.34 38.30
38.57 38.59 38.60 38.60 38.56 38.61 38.62 38.65 38.65 38.65 38.65 38.49 38.28 38.34 38.55 38.59 38.52 38.55 38.50 38.49 38.49 38.50 38.53 38.50 38.54 38.63 38.63 38.66 38.80 38.88 38.97 39.11 39.22 39.30 39.31 39.35 39.41 39.51 39.46 39.48 39.54 39.54 39.55 39.56 39.56 39.55 39.46 39.31 39.44 39.43 39.36 39.34 39.24 39.07 39.17 39.16 38.99 38.99 39.05 39.11 38.86 38.89 38.66 38.63 38.47 38.53 38.60 38.51 38.45 38.42 38.41 38.41 38.44 38.39 38.35 38.34 38.35
38.50 38.52 38.50 38.51 38.49 38.53 38.55 38.57 38.57 38.56 38.54 38.38 38.31 36.72 38.17 38.35 38.38 38.38 38.34 38.34 38.36 38.40 38.43 38.40 38.43 38.48 38.52 38.58 38.70 38.79 38.91 38.97 39.05 39.23 39.22 39.32 39.27 39.39 39.43 39.32 39.41 39.45 39.47 39.50 39.45 39.45 39.38 39.51 39.47 39.46 39.41 39.38 39.26 39.28 39.21 39.13 39.05 39.06 39.09 39.03 39.02 38.84 38.81 38.54 38.58 38.53 38.55 38.47 38.43 38.32 38.45 38.43 38.42 38.41 38.38 38.39 38.39
38.40 38.38 38.37 38.39 38.36 38.44 38.44 38.43 38.43 38.45 38.42 38.39 38.35 38.30 38.30 38.25 38.24 38.23 38.21 38.21 38.22 38.25 38.24 38.26 38.29 38.35 38.43 38.51 38.62 38.67 38.79 38.88 38.99 39.10 39.14 39.15 39.16 39.19 39.30 39.38 39.40 39.40 39.40 39.40 39.30 39.25 39.34 39.39 39.38 39.41 39.33 39.29 39.28 39.20 39.09 39.19 39.09 39.13 38.95 38.88 38.80 38.81 38.73 38.81 38.82 38.73 38.71 38.56 38.66 38.54 38.40 38.48 38.41 38.43 38.41 38.33 38.29
38.30 38.31 38.25 38.29 38.29 38.30 38.30 38.28 38.27 38.26 38.22 38.23 38.19 38.16 38.13 38.10 38.09 38.06 38.05 38.07 38.08 38.12 38.13 38.13 38.13 38.25 38.31 38.39 38.50 38.60 38.70 38.79 38.92 39.00 39.12 39.12 39.16 39.10 39.18 39.28 39.28 39.29 39.33 39.28 39.31 39.29 39.24 39.30 39.33 39.26 39.35 39.35 39.26 39.14 39.14 39.16 39.13 38.99 38.94 38.67 38.78 38.71 38.76 38.65 38.60 38.67 38.54 38.47 38.48 38.54 38.51 38.42 38.44 38.38 38.22 38.25 38.21
38.20 38.19 38.10 38.17 38.17 38.17 38.14 38.12 38.12 38.07 38.10 38.06 38.03 38.00 37.96 37.93 37.91 37.89 37.88 37.88 37.96 37.94 37.97 37.98 38.00 38.08 38.17 38.23 38.37 38.47 38.55 38.72 38.81 38.92 38.94 39.03 39.08 39.05 38.96 39.09 39.17 39.21 39.22 39.19 39.18 39.19 39.20 39.19 39.19 39.37 39.42 39.47 39.44 39.32 39.24 39.20 38.89 38.89 38.85 38.83 38.74 38.70 38.55 38.64 38.72 38.61 38.53 38.60 38.56 38.55 38.55 38.52 38.42 38.33 38.33 38.20 38.27
38.06 38.05 38.00 37.97 37.99 37.94 37.96 37.96 37.90 37.95 37.91 37.88 37.83 37.80 37.79 37.76 37.74 37.73 37.72 37.75 37.72 37.78 37.73 37.81 37.86 37.96 38.04 38.11 38.25 38.32 38.47 38.64 38.57 38.86 38.90 38.90 39.00 38.98 38.99 38.82 39.05 39.16 39.16 39.13 39.08 39.10 39.06 39.00 39.16 39.30 39.38 39.36 39.42 39.28 39.23 39.00 38.80 38.80 38.81 38.69 38.55 38.66 38.72 38.67 38.53 38.61 38.56 38.50 38.49 38.24 38.38 38.47 38.42 38.41 38.30 38.29 38.27
37.96 37.94 37.87 37.77 37.74 37.78 37.79 37.76 37.77 37.77 37.71 37.68 37.62 37.60 37.60 37.59 37.57 37.54 37.58 37.58 37.55 37.58 37.60 37.63 37.69 37.79 37.86 38.00 38.10 38.23 38.38 38.54 38.59 38.73 38.80 38.78 38.92 38.96 38.90 38.85 38.99 39.03 39.05 39.07 39.01 38.94 38.78 39.05 39.13 39.23 39.30 39.33 39.23 39.15 39.18 38.81 38.76 38.74 38.73 38.65 38.69 38.72 38.59 38.59 38.58 38.55 38.63 38.56 38.53 38.44 38.49 38.46 38.39 38.35 38.18 38.30 38.32
37.77 37.77 37.65 37.44 37.38 37.53 37.57 37.54 37.54 37.55 37.49 37.43 37.40 37.40 37.41 37.42 37.36 37.36 37.38 37.37 37.35 37.40 37.41 37.46 37.55 37.63 37.72 37.78 37.94 38.10 38.22 38.37 38.45 38.56 38.67 38.71 38.81 38.83 38.82 38.80 38.87 38.80 38.65 38.83 39.03 38.91 39.03 39.04 38.89 38.91 39.24 39.19 39.12 39.25 38.99 38.87 38.81 38.88 38.83 38.79 38.75 38.61 38.27 38.60 38.68 38.65 38.65 38.66 38.61 38.59 38.49 38.49 38.41 38.32 38.33 38.28 38.19
37.66 37.53 37.37 37.30 36.33 37.43 37.35 37.28 37.30 37.30 37.24 37.20 37.19 37.21 37.22 37.23 37.18 37.21 37.21 37.20 37.18 37.21 37.26 37.33 37.35 37.48 37.58 37.69 37.80 37.86 38.04 38.24 38.36 38.44 38.54 38.58 38.69 38.71 38.72 38.80 38.91 38.92 38.94 38.95 39.07 39.09 39.06 39.18 39.00 39.02 39.02 38.90 39.16 39.11 38.82 38.82 38.82 38.72 38.74 38.77 38.68 38.39 38.47 38.50 38.56 38.58 38.66 38.65 38.51 38.61 38.52 38.47 38.44 38.34 38.31 38.28 38.25
37.58 37.35 37.26 37.06 37.01 37.24 37.15 37.06 36.92 37.01 36.99 36.97 36.98 36.99 37.06 37.04 37.03 36.98 37.00 37.05 37.02 37.03 37.09 37.17 37.26 37.32 37.42 37.62 37.56 37.63 37.92 38.13 38.21 38.24 38.35 38.45 38.51 38.49 38.17 38.73 38.88 39.02 38.88 39.02 39.07 39.14 39.12 39.24 39.04 38.81 38.94 38.97 39.06 39.09 39.05 38.99 38.90 38.86 38.72 38.69 38.37 38.59 38.50 38.31 37.82 38.35 38.03 38.56 38.62 38.55 38.51 38.46 38.41 38.36 38.30 38.30 38.25
37.34 37.28 37.20 37.05 37.00 36.99 36.94 36.84 36.79 36.73 36.72 36.69 36.79 36.81 36.85 36.84 36.80 36.75 36.78 36.81 36.81 36.84 36.89 36.98 37.08 37.15 37.24 37.38 37.53 37.64 37.81 37.99 38.06 37.86 38.15 38.28 38.31 38.31 38.48 38.68 38.79 38.99 39.09 39.10 39.14 39.17 39.20 39.19 39.05 38.93 39.04 39.11 39.03 39.03 38.93 38.90 38.77 38.66 38.70 38.70 38.62 38.64 38.48 38.57 38.35 38.61 38.51 38.58 38.57 38.52 38.45 38.40 38.38 38.31 38.29 38.29 38.28
37.21 37.06 36.99 36.88 36.79 36.73 36.68 36.61 36.45 36.34 36.34 36.53 36.60 36.66 36.67 36.64 36.64 36.54 35.49 36.26 36.57 36.65 36.60 36.63 36.61 36.96 37.06 37.21 37.35 37.52 37.68 37.79 37.92 38.10 38.03 38.34 38.37 38.41 38.54 38.64 38.79 38.94 39.04 39.07 39.16 39.21 39.25 39.22 39.07 38.80 38.97 39.00 38.99 39.05 39.02 38.85 38.85 38.90 38.86 38.78 38.65 38.74 38.63 38.59 38.55 38.64 38.62 38.51 38.51 38.47 38.38 38.40 38.38 38.31 38.26 38.28 38.27
37.04 36.88 36.66 36.69 36.65 36.48 36.14 35.92 34.88 36.16 36.33 36.32 36.40 36.50 36.54 36.54 36.40 36.20 35.95 35.93 36.41 36.34 36.39 35.58 36.00 36.79 36.92 36.99 37.23 37.32 37.55 37.64 37.85 37.99 38.25 38.42 38.42 38.49 38.62 38.72 38.81 38.85 38.99 39.11 39.17 39.21 39.23 39.23 39.12 39.01 38.90 38.89 38.80 38.89 38.64 38.82 38.96 38.93 38.88 38.87 38.82 38.72 38.65 38.62 38.61 38.62 38.49 38.50 38.49 38.29 37.96 38.35 38.33 37.75 38.22 38.18 37.85
36.80 36.71 36.45 36.24 36.40 36.34 36.15 35.83 35.83 36.00 36.07 36.08 36.20 36.36 36.37 36.32 34.14 35.90 36.10 35.30 36.13 36.09 34.96 36.30 36.41 36.67 36.78 36.95 37.15 37.33 37.51 37.54 37.83 38.02 38.24 38.42 38.52 38.57 38.62 38.75 38.86 38.86 38.96 39.13 39.19 39.24 39.22 39.30 39.22 39.10 39.05 39.06 39.13 39.03 38.88 38.75 38.90 38.90 38.82 38.79 38.76 38.67 38.60 38.50 38.53 38.58 38.55 38.51 38.39 38.32 38.23 38.25 38.29 38.32 38.25 38.18 37.88
36.52 36.55 36.27 36.14 36.10 36.08 36.00 35.92 35.68 35.65 35.77 35.91 36.12 36.21 36.19 36.15 35.50 34.60 34.56 34.13 35.99 35.92 35.92 36.16 36.39 36.51 36.72 36.82 37.14 37.31 37.41 37.71 37.91 38.07 38.25 38.41 38.60 38.59 38.69 38.82 38.87 38.97 39.04 39.00 39.23 39.24 39.25 39.37 39.27 39.18 39.03 38.99 39.04 38.96 38.91 38.87 38.80 38.76 38.83 38.76 38.72 38.65 38.58 38.54 38.53 38.57 38.53 38.45 38.38 38.35 38.22 38.35 38.35 38.32 38.29 38.19 38.22
35.29 35.99 36.17 35.04 34.89 35.16 35.77 35.81 35.62 35.61 35.46 35.50 36.01 34.58 35.91 35.69 35.46 34.91 35.46 35.07 35.71 35.99 35.98 35.88 36.22 36.50 36.57 36.75 36.87 37.12 37.40 37.64 37.88 38.06 38.22 38.42 38.57 38.62 38.75 38.85 38.91 38.98 39.11 39.10 39.18 39.29 39.31 39.38 39.34 39.17 38.97 39.00 39.00 38.96 38.75 38.90 38.78 38.70 38.70 38.75 38.69 38.63 38.58 38.51 38.51 38.54 38.51 38.44 38.36 38.33 38.20 38.34 38.33 38.30 38.25 38.16 38.07
36.43 35.42 35.60 35.68 35.74 35.74 35.15 34.89 35.47 35.48 35.72 35.70 33.57 32.47 34.32 34.33 35.15 35.19 34.95 35.38 35.60 35.74 35.49 35.75 36.02 36.21 36.30 36.63 36.77 36.99 37.19 37.49 37.79 38.01 38.20 38.39 38.50 38.69 38.78 38.90 38.97 39.02 39.09 39.17 39.10 39.29 39.38 39.35 39.36 39.25 39.12 39.02 38.97 38.96 38.89 38.87 38.81 38.73 38.70 38.66 38.67 38.62 38.49 38.56 38.58 38.56 38.50 38.43 38.46 38.43 38.35 38.34 38.33 38.29 38.24 38.18 38.20
36.59 36.40 36.19 36.08 36.20 34.02 33.70 34.21 35.19 34.94 34.69 35.40 33.42 35.07 34.60 32.86 34.18 35.36 34.90 35.35 35.19 35.29 35.56 35.72 36.07 36.19 36.24 36.67 36.79 36.99 37.19 37.35 37.59 37.82 38.08 38.34 38.55 38.71 38.78 38.89 38.99 39.05 39.12 39.20 39.28 39.33 39.32 39.27 39.25 39.23 39.04 38.93 38.82 38.93 38.89 38.85 38.79 38.73 38.67 38.63 38.62 38.61 38.47 38.38 38.53 38.53 38.47 38.35 38.31 38.30 38.34 38.33 38.31 38.28 38.16 38.16 38.14
36.57 36.24 36.41 36.35 36.25 36.17 35.62 35.58 35.25 32.13 34.16 34.24 35.02 35.22 35.82 35.68 35.95 35.76 34.32 35.66 35.67 35.78 35.78 36.01 36.07 36.34 36.47 36.64 36.88 37.03 37.10 37.33 37.44 37.73 37.97 38.24 38.47 38.57 38.78 38.84 39.05 39.05 39.13 39.18 39.24 39.24 39.19 39.14 39.18 39.15 39.05 38.96 38.93 38.90 38.92 38.85 38.75 38.66 38.61 38.63 38.58 38.50 38.47 38.53 38.54 38.52 38.46 38.44 38.41 38.38 38.22 38.31 38.31 38.29 38.26 38.13 38.18
36.74 36.67 36.56 36.41 36.33 36.23 36.16 36.07 35.73 35.99 35.93 35.61 35.57 35.94 35.86 35.94 36.01 35.89 35.79 35.83 35.74 35.86 35.97 36.01 36.09 36.19 36.40 36.69 36.82 36.97 37.04 37.37 37.36 37.65 37.92 38.18 38.39 38.49 38.58 38.74 38.97 39.04 39.02 39.10 39.04 38.97 39.08 38.99 38.98 39.04 39.06 38.94 38.91 38.83 38.72 38.78 38.72 38.57 38.53 38.53 38.54 38.47 38.49 38.52 38.49 38.35 38.42 38.29 38.34 38.21 38.33 38.31 38.32 38.28 38.27 38.25 38.20
36.73 36.70 36.44 36.49 36.39 36.29 36.12 36.17 36.15 36.10 35.94 35.99 35.92 35.92 36.01 35.07 35.69 35.73 35.91 35.85 35.95 36.01 36.03 36.04 36.07 36.08 36.19 36.43 36.72 36.96 37.16 37.33 37.43 37.63 37.87 38.18 38.35 38.51 38.58 38.73 38.86 38.96 38.96 38.99 38.86 38.82 38.92 38.86 38.79 38.86 38.96 38.88 38.87 38.83 38.70 38.67 38.72 38.52 38.55 38.54 38.50 38.43 38.46 38.57 38.51 38.39 38.38 38.35 38.22 38.23 38.26 38.30 38.28 38.25 38.20 38.22 38.13
36.82 36.76 36.66 36.55 36.39 36.29 36.11 36.12 35.84 36.17 36.07 36.02 36.11 36.17 36.07 35.99 36.11 36.00 36.04 35.98 36.03 36.05 36.08 36.03 36.07 36.26 36.35 36.50 36.70 36.92 37.15 37.24 37.47 37.72 37.86 37.96 38.16 38.31 38.53 38.61 38.69 38.82 38.76 38.87 38.73 38.69 38.90 38.80 38.90 38.92 38.89 38.86 38.87 38.83 38.75 38.68 38.72 38.62 38.59 38.53 38.45 38.38 38.46 38.51 38.51 38.38 38.33 38.22 37.93 37.92 38.09 38.14 38.04 38.15 38.14 38.02 38.02
36.87 36.76 36.67 36.59 36.39 36.17 36.05 36.20 36.18 36.16 36.00 35.96 36.09 36.21 36.24 36.08 36.15 36.09 36.09 36.07 36.09 36.10 36.14 36.11 36.11 36.14 36.33 36.51 36.63 36.86 37.04 37.04 37.34 37.62 37.76 37.99 38.10 38.25 38.20 38.39 38.58 38.71 38.82 38.71 38.66 38.70 38.68 38.68 38.81 38.85 38.82 38.90 38.85 38.77 38.71 38.63 38.67 38.61 38.54 38.50 38.42 38.46 38.42 38.42 38.41 38.43 38.36 38.23 37.89 38.09 37.73 38.01 37.94 37.97 38.07 38.06 38.07
36.90 36.70 36.66 36.50 36.38 36.28 36.22 36.23 36.29 36.22 36.05 35.97 36.06 36.18 36.21 36.19 36.18 36.17 36.17 36.17 36.14 36.17 36.10 36.16 36.19 36.12 36.27 36.49 36.62 36.80 37.00 37.21 37.36 37.57 37.75 37.92 38.00 38.01 38.19 38.41 38.53 38.59 38.74 38.66 38.61 38.57 38.75 38.77 38.80 38.82 38.82 38.83 38.85 38.68 38.75 38.69 38.64 38.65 38.60 38.56 38.50 38.58 38.55 38.42 38.38 38.37 38.35 38.20 38.19 38.23 38.16 38.14 38.14 38.10 38.09 38.07 38.07
36.90 36.83 36.74 36.51 36.49 36.43 36.40 36.29 36.33 36.34 36.21 35.97 36.05 36.13 36.14 36.31 36.19 36.21 36.20 36.18 36.18 36.21 36.20 36.26 36.14 36.11 36.29 36.50 36.66 36.78 37.01 37.21 37.38 37.54 37.69 37.72 37.76 38.03 38.21 38.34 38.43 38.51 38.63 38.64 38.57 38.74 38.70 38.74 38.75 38.74 38.78 38.78 38.80 38.77 38.74 38.71 38.68 38.64 38.61 38.55 38.55 38.53 38.52 38.51 38.40 38.45 38.26 38.08 38.11 38.21 38.32 38.21 38.21 38.13 38.12 38.00 38.02
36.95 36.87 36.78 36.70 36.57 36.52 36.53 36.44 36.41 36.43 36.30 36.12 36.19 36.14 36.13 36.31 36.30 36.26 36.25 36.19 36.21 36.23 36.24 36.18 36.08 36.13 36.24 36.41 36.53 36.72 37.00 37.15 37.30 37.47 37.55 37.56 37.72 37.80 38.01 38.12 38.23 38.38 38.46 38.59 38.65 38.63 38.65 38.69 38.69 38.61 38.70 38.71 38.72 38.69 38.67 38.63 38.64 38.62 38.60 38.58 38.53 38.50 38.49 38.47 38.45 38.31 38.31 38.15 38.30 38.04 38.27 38.25 38.20 38.14 38.05 38.18 38.03
36.98 36.94 36.89 36.77 36.66 36.68 36.66 36.60 36.53 36.47 36.47 36.33 36.27 36.20 36.16 36.34 36.33 36.35 36.35 36.29 36.27 36.17 36.24 36.08 36.14 36.36 36.42 36.54 36.66 36.82 36.99 37.17 37.28 37.35 37.45 37.61 37.60 37.64 37.60 37.94 38.13 38.29 38.37 38.47 38.56 38.60 38.55 38.62 38.58 38.64 38.63 38.62 38.67 38.65 38.63 38.63 38.61 38.60 38.59 38.55 38.55 38.53 38.51 38.47 38.49 38.46 38.41 38.34 38.35 38.34 38.32 38.24 38.23 38.18 38.17 38.10 38.09
37.04 37.02 36.96 36.85 36.77 36.68 36.69 36.63 36.66 36.63 36.58 36.57 36.58 36.39 36.44 36.47 36.45 36.42 36.40 36.42 36.33 36.21 36.18 36.19 36.33 36.51 36.60 36.71 36.83 36.87 37.03 37.07 37.12 37.19 37.47 37.60 37.72 37.83 37.90 38.01 38.13 38.27 38.35 38.42 38.37 38.49 38.54 38.58 38.60 38.59 38.57 38.54 38.59 38.58 38.60 38.59 38.56 38.55 38.53 38.51 38.46 38.46 38.41 38.40 38.36 38.32 38.29 38.30 38.29 38.27 38.21 38.12 38.10 38.07 38.06 38.03 38.08
37.06 36.96 36.89 36.94 36.80 36.68 36.71 36.67 36.77 36.71 36.71 36.63 36.65 36.59 36.64 36.64 36.61 36.52 36.52 36.53 36.47 36.36 36.36 36.44 36.51 36.66 36.76 36.90 36.99 37.09 37.16 37.14 37.14 37.26 37.26 37.42 37.63 37.79 37.89 37.99 38.07 38.17 38.17 38.18 38.32 38.38 38.38 38.46 38.51 38.55 38.54 38.56 38.55 38.54 38.57 38.55 38.52 38.51 38.51 38.47 38.44 38.42 38.42 38.36 38.30 38.25 38.22 38.21 38.23 38.21 38.17 38.10 38.04 38.04 38.02 38.02 38.05
36.94 37.02 37.02 36.98 36.80 36.64 36.70 36.70 36.64 36.59 36.76 36.76 36.73 36.61 36.65 36.76 36.72 36.68 36.68 36.53 36.55 36.51 36.39 36.31 36.42 36.68 36.82 36.93 37.10 37.20 37.23 37.26 37.11 37.22 37.38 37.50 37.44 37.54 37.78 37.81 37.79 38.07 38.12 38.14 38.09 38.22 38.36 38.41 38.51 38.49 38.53 38.55 38.53 38.53 38.55 38.53 38.52 38.50 38.48 38.48 38.40 38.38 38.37 38.33 38.26 38.24 38.22 38.21 38.21 38.17 38.14 38.09 38.04 38.03 38.02 38.01 38.02
37.01 37.14 37.13 36.98 36.81 36.78 36.79 36.70 36.67 36.76 36.86 36.87 36.85 36.76 36.85 36.89 36.82 36.80 36.80 36.72 36.68 36.56 36.53 36.49 36.52 36.65 36.75 36.92 37.05 37.13 37.36 37.39 37.36 37.32 37.28 37.51 37.55 37.58 37.66 37.71 37.89 38.03 38.06 38.13 38.10 38.05 38.33 38.39 38.34 38.44 38.33 38.42 38.50 38.50 38.49 38.45 38.34 38.35 38.43 38.39 38.45 38.41 38.34 38.32 38.28 38.24 38.22 38.21 38.19 38.15 38.08 38.06 38.03 38.01 38.00 38.00 37.98
