datasets/raw/temp/2019100220191002.grid
ncols 886
nrows 691
xllcenter 112.0000
yllcenter -44.5000
cellsize 0.0500
nodata_value 99999.90
[rows 136 to 169 of 691, columns 154 to 230 of 886]
27.53 27.68 27.83 27.98 28.13 28.29 28.44 28.60 28.76 28.92 29.07 29.22 29.38 29.53 29.69 29.84 29.98 30.14 30.27 30.42 30.56 30.69 30.83 30.96 31.09 31.21 31.33 31.45 31.57 31.69 31.80 31.91 32.02 32.12 32.24 32.34 32.45 32.55 32.66 32.77 32.88 32.99 33.10 33.21 33.32 33.43 33.53 33.64 33.74 33.84 33.94 34.03 34.12 34.21 34.29 34.37 34.46 34.55 34.44 34.76 34.88 34.91 35.07 35.46 35.52 35.65 35.73 36.07 36.53 36.77 37.02 37.27 37.53 37.79 38.04 38.31 38.57
27.64 27.79 27.92 28.07 28.23 28.38 28.54 28.69 28.84 29.00 29.16 29.30 29.46 29.62 29.76 29.91 30.07 30.20 30.35 30.50 30.63 30.76 30.90 31.02 31.15 31.28 31.39 31.51 31.63 31.75 31.86 31.97 32.08 32.20 32.30 32.41 32.52 32.63 32.74 32.85 32.96 33.07 33.19 33.30 33.42 33.54 33.65 33.76 33.87 33.99 34.08 34.20 34.29 34.39 34.48 34.56 34.66 34.65 34.69 34.72 34.90 34.79 34.90 35.35 35.74 35.86 35.95 36.15 36.47 36.87 37.20 37.47 37.72 37.98 38.24 38.49 38.74
27.74 27.89 28.03 28.18 28.33 28.48 28.63 28.78 28.94 29.09 29.24 29.40 29.55 29.69 29.85 30.00 30.14 30.29 30.42 30.56 30.70 30.83 30.96 31.09 31.21 31.34 31.46 31.58 31.70 31.81 31.93 32.04 32.15 32.26 32.36 32.48 32.58 32.70 32.81 32.93 33.04 33.15 33.28 33.40 33.52 33.65 33.77 33.89 34.01 34.13 34.25 34.36 34.47 34.57 34.67 34.77 34.87 34.97 34.92 34.93 34.89 35.04 35.27 35.21 35.57 35.86 36.24 36.42 36.82 37.14 37.39 37.64 37.90 38.15 38.41 38.66 38.91
27.84 28.00 28.13 28.28 28.43 28.58 28.73 28.89 29.04 29.18 29.34 29.49 29.63 29.78 29.93 30.07 30.22 30.37 30.50 30.64 30.77 30.90 31.04 31.16 31.29 31.41 31.53 31.64 31.76 31.87 31.99 32.10 32.21 32.31 32.43 32.54 32.65 32.76 32.88 33.00 33.12 33.24 33.37 33.49 33.63 33.76 33.89 34.03 34.15 34.29 34.41 34.53 34.65 34.76 34.88 34.98 35.08 35.20 35.31 35.34 35.39 35.58 35.65 35.64 35.58 35.96 36.41 36.77 37.04 37.28 37.55 37.82 38.06 38.31 38.56 38.81 39.06
27.96 28.10 28.25 28.39 28.54 28.69 28.84 28.98 29.13 29.28 29.43 29.57 29.72 29.87 30.01 30.16 30.31 30.44 30.58 30.72 30.85 30.98 31.11 31.23 31.36 31.47 31.59 31.71 31.83 31.94 32.05 32.16 32.27 32.38 32.49 32.61 32.72 32.84 32.96 33.08 33.20 33.32 33.46 33.60 33.73 33.88 34.02 34.16 34.31 34.45 34.58 34.72 34.85 34.97 35.05 35.18 35.20 35.24 35.37 35.51 35.69 35.78 35.90 35.80 36.00 36.30 36.46 36.75 37.00 37.31 37.46 37.97 38.23 38.48 38.72 38.97 39.20
28.08 28.22 28.36 28.51 28.65 28.80 28.94 29.09 29.23 29.38 29.52 29.67 29.82 29.97 30.10 30.25 30.39 30.52 30.66 30.79 30.92 31.06 31.18 31.30 31.42 31.54 31.66 31.78 31.89 32.00 32.11 32.22 32.33 32.44 32.56 32.66 32.78 32.90 33.02 33.15 33.27 33.42 33.55 33.69 33.84 34.00 34.15 34.31 34.46 34.61 34.77 34.91 35.05 35.07 35.18 35.16 35.19 35.25 35.30 35.57 35.69 35.87 36.13 36.25 36.30 36.25 36.46 36.79 37.00 37.38 37.59 37.98 38.37 38.61 38.86 39.10 39.34
28.20 28.34 28.48 28.62 28.77 28.90 29.05 29.19 29.34 29.49 29.62 29.77 29.92 30.05 30.19 30.34 30.48 30.61 30.74 30.87 31.00 31.12 31.25 31.38 31.49 31.61 31.73 31.84 31.95 32.06 32.17 32.28 32.39 32.50 32.61 32.72 32.84 32.97 33.08 33.21 33.35 33.50 33.65 33.79 33.96 34.12 34.28 34.45 34.62 34.79 34.95 35.11 35.22 35.21 35.20 35.20 35.18 35.15 35.49 35.61 35.71 35.88 36.11 36.40 36.47 36.45 36.62 36.81 37.10 37.40 37.83 38.10 38.51 38.75 38.99 39.24 39.47
28.31 28.45 28.59 28.74 28.87 29.02 29.16 29.30 29.45 29.59 29.73 29.87 30.01 30.16 30.29 30.43 30.56 30.69 30.83 30.95 31.08 31.20 31.33 31.45 31.56 31.68 31.80 31.90 32.01 32.13 32.23 32.33 32.45 32.56 32.67 32.78 32.90 33.02 33.15 33.29 33.43 33.57 33.74 33.90 34.07 34.24 34.42 34.60 34.78 34.97 35.15 35.31 35.47 35.51 35.48 35.33 35.14 35.15 35.37 35.56 35.73 35.83 36.08 36.44 36.64 36.73 36.81 37.00 37.23 37.63 37.97 38.26 38.54 38.88 39.12 39.36 39.59
28.44 28.58 28.71 28.86 28.99 29.13 29.28 29.42 29.56 29.70 29.83 29.97 30.12 30.26 30.38 30.52 30.66 30.78 30.91 31.03 31.16 31.29 31.40 31.52 31.63 31.75 31.86 31.97 32.08 32.19 32.29 32.39 32.50 32.61 32.72 32.84 32.96 33.08 33.21 33.35 33.50 33.65 33.82 33.99 34.18 34.36 34.55 34.74 34.94 35.13 35.30 35.45 35.56 35.60 35.63 35.51 35.39 35.38 35.32 35.65 35.69 35.90 36.33 36.49 36.70 36.82 36.97 37.24 37.45 37.65 37.89 38.14 38.55 38.96 39.24 39.47 39.71
28.57 28.71 28.84 28.99 29.12 29.26 29.39 29.53 29.67 29.81 29.95 30.08 30.22 30.36 30.49 30.62 30.75 30.87 31.00 31.13 31.24 31.37 31.48 31.60 31.71 31.82 31.93 32.03 32.14 32.25 32.35 32.45 32.56 32.66 32.77 32.88 33.01 33.13 33.26 33.41 33.56 33.72 33.90 34.09 34.28 34.47 34.67 34.85 35.02 35.20 35.35 35.43 35.51 35.65 35.60 35.59 35.48 35.51 35.56 35.74 35.96 36.16 36.42 36.46 36.70 36.97 37.24 37.26 37.61 37.99 38.18 38.36 38.60 38.98 39.34 39.58 39.82
28.70 28.85 28.98 29.12 29.25 29.39 29.53 29.65 29.79 29.93 30.06 30.20 30.32 30.46 30.59 30.71 30.84 30.97 31.09 31.21 31.33 31.45 31.56 31.67 31.79 31.89 32.00 32.10 32.20 32.31 32.40 32.50 32.61 32.71 32.82 32.93 33.05 33.17 33.31 33.46 33.62 33.79 33.97 34.17 34.36 34.54 34.71 34.88 35.05 35.23 35.26 35.38 35.50 35.54 35.51 35.38 35.72 35.55 35.77 35.68 35.99 36.13 36.43 36.58 36.91 37.08 37.43 37.67 37.89 38.10 38.37 38.63 38.90 39.10 39.45 39.68 39.93
28.85 28.98 29.12 29.25 29.38 29.52 29.65 29.78 29.92 30.05 30.18 30.31 30.44 30.56 30.69 30.82 30.95 31.07 31.19 31.30 31.42 31.53 31.65 31.75 31.86 31.96 32.07 32.17 32.26 32.36 32.45 32.56 32.66 32.76 32.86 32.97 33.09 33.22 33.35 33.50 33.67 33.84 34.02 34.21 34.37 34.55 34.71 34.88 35.06 35.23 35.29 35.35 35.41 35.37 35.32 35.27 35.52 35.67 35.64 36.02 36.02 36.26 36.46 36.84 37.15 37.33 37.58 37.73 37.92 38.23 38.49 38.74 39.04 39.28 39.52 39.77 40.02
28.99 29.12 29.25 29.38 29.52 29.65 29.78 29.91 30.04 30.17 30.30 30.43 30.55 30.68 30.81 30.92 31.05 31.17 31.28 31.40 31.51 31.62 31.73 31.84 31.93 32.04 32.13 32.23 32.32 32.42 32.51 32.60 32.70 32.80 32.89 33.00 33.11 33.25 33.38 33.53 33.70 33.87 34.04 34.21 34.37 34.54 34.71 34.88 35.05 35.19 35.25 35.21 35.29 35.30 35.25 35.32 35.41 35.66 35.83 35.94 36.15 36.37 36.54 36.76 37.03 37.28 37.58 37.83 37.99 38.32 38.53 38.78 39.08 39.35 39.54 39.75 40.09
29.14 29.27 29.40 29.53 29.66 29.79 29.92 30.05 30.18 30.30 30.42 30.55 30.67 30.80 30.91 31.04 31.16 31.27 31.38 31.49 31.60 31.71 31.82 31.91 32.02 32.11 32.21 32.29 32.39 32.47 32.56 32.64 32.73 32.83 32.93 33.02 33.13 33.25 33.40 33.55 33.70 33.87 34.04 34.20 34.37 34.53 34.70 34.87 35.05 35.20 34.92 34.97 34.99 34.98 35.08 35.03 35.30 35.70 35.83 35.98 36.34 36.58 36.61 36.89 37.14 37.45 37.39 37.85 38.08 38.31 38.55 38.82 39.17 39.39 39.42 39.70 40.14
29.30 29.42 29.55 29.67 29.80 29.93 30.05 30.18 30.30 30.43 30.55 30.68 30.80 30.91 31.03 31.15 31.26 31.38 31.48 31.59 31.70 31.80 31.90 32.00 32.09 32.18 32.27 32.36 32.44 32.52 32.60 32.68 32.76 32.85 32.94 33.03 33.14 33.26 33.39 33.54 33.70 33.86 34.02 34.18 34.34 34.51 34.68 34.86 35.03 35.10 34.98 34.81 34.72 34.88 34.88 35.02 35.26 35.61 35.93 36.25 36.49 36.73 36.91 36.97 37.26 37.56 37.82 37.86 38.22 38.37 38.71 38.97 39.20 39.38 39.35 39.80 40.17
29.45 29.58 29.71 29.83 29.95 30.08 30.20 30.32 30.44 30.57 30.69 30.81 30.92 31.04 31.15 31.26 31.37 31.49 31.59 31.70 31.79 31.90 31.99 32.08 32.17 32.25 32.34 32.41 32.50 32.57 32.64 32.71 32.79 32.86 32.94 33.04 33.13 33.24 33.37 33.52 33.68 33.85 34.00 34.17 34.33 34.50 34.67 34.83 35.01 35.13 35.09 35.06 34.93 35.03 35.18 35.25 35.47 35.74 36.11 36.43 36.80 36.96 37.09 37.13 37.40 37.63 37.78 37.98 38.16 38.45 38.76 39.06 39.23 39.31 39.60 39.96 40.22
29.62 29.74 29.86 29.99 30.11 30.23 30.35 30.47 30.59 30.71 30.82 30.93 31.05 31.16 31.28 31.38 31.49 31.60 31.70 31.80 31.89 31.99 32.08 32.17 32.25 32.33 32.41 32.47 32.55 32.61 32.67 32.74 32.80 32.87 32.93 33.01 33.11 33.21 33.34 33.50 33.66 33.82 33.99 34.14 34.31 34.47 34.64 34.81 34.99 35.16 35.15 35.13 35.16 35.10 35.30 35.45 35.66 35.96 36.33 36.62 36.96 37.19 37.26 37.41 37.49 37.68 37.90 37.98 38.22 38.52 38.84 39.08 39.29 39.45 39.73 40.04 40.25
29.79 29.91 30.02 30.14 30.27 30.39 30.50 30.62 30.74 30.85 30.96 31.08 31.18 31.29 31.40 31.50 31.61 31.71 31.81 31.91 31.99 32.09 32.17 32.25 32.33 32.40 32.47 32.53 32.59 32.65 32.70 32.75 32.80 32.85 32.91 32.98 33.06 33.16 33.30 33.47 33.63 33.80 33.96 34.11 34.28 34.44 34.61 34.78 34.95 35.13 35.22 35.23 35.25 35.29 35.32 35.50 35.81 36.13 36.53 36.76 37.10 37.38 37.54 37.59 37.78 37.92 38.05 38.10 38.33 38.58 38.83 39.10 39.39 39.64 39.87 40.06 40.24
29.95 30.08 30.19 30.31 30.42 30.55 30.66 30.77 30.89 31.00 31.11 31.22 31.32 31.42 31.53 31.64 31.73 31.83 31.92 32.01 32.10 32.19 32.26 32.34 32.41 32.47 32.53 32.58 32.63 32.68 32.71 32.76 32.79 32.83 32.88 32.92 33.00 33.11 33.27 33.43 33.60 33.77 33.93 34.09 34.25 34.41 34.57 34.74 34.92 35.10 35.27 35.34 35.40 35.38 35.40 35.75 35.96 36.37 36.74 36.88 37.23 37.51 37.72 37.88 38.00 38.13 38.14 38.14 38.45 38.73 38.95 39.22 39.47 39.68 39.84 40.03 40.22
30.13 30.25 30.37 30.48 30.60 30.71 30.82 30.93 31.04 31.15 31.25 31.36 31.47 31.56 31.66 31.76 31.85 31.95 32.03 32.12 32.21 32.28 32.35 32.42 32.48 32.54 32.59 32.63 32.67 32.70 32.72 32.75 32.77 32.79 32.82 32.85 32.91 33.06 33.23 33.40 33.56 33.73 33.88 34.05 34.21 34.37 34.54 34.70 34.87 35.05 35.16 35.40 35.47 35.48 35.56 35.90 36.07 36.51 36.81 37.01 37.33 37.62 37.79 37.95 38.13 38.17 38.17 38.27 38.58 38.91 39.07 39.29 39.47 39.59 39.68 39.88 40.14
30.31 30.43 30.54 30.66 30.77 30.88 30.98 31.09 31.19 31.30 31.40 31.51 31.61 31.71 31.80 31.89 31.99 32.07 32.16 32.24 32.31 32.38 32.45 32.51 32.57 32.61 32.64 32.68 32.70 32.71 32.72 32.73 32.72 32.73 32.74 32.76 32.85 33.01 33.18 33.35 33.52 33.68 33.85 34.01 34.17 34.34 34.50 34.66 34.82 35.00 35.17 35.30 35.44 35.60 35.70 35.96 36.33 36.64 36.89 37.12 37.45 37.67 37.84 37.97 38.19 38.19 38.23 38.30 38.71 38.94 39.05 39.22 39.40 39.59 39.82 40.06 40.34
30.50 30.62 30.72 30.84 30.94 31.05 31.15 31.26 31.36 31.46 31.57 31.66 31.75 31.85 31.94 32.04 32.12 32.20 32.28 32.35 32.42 32.49 32.54 32.60 32.64 32.68 32.70 32.71 32.72 32.72 32.70 32.69 32.67 32.65 32.64 32.65 32.78 32.95 33.12 33.30 33.47 33.64 33.81 33.97 34.13 34.30 34.46 34.61 34.77 34.94 35.11 35.11 35.22 35.50 35.81 36.04 36.33 36.71 36.98 37.26 37.48 37.63 37.72 37.94 38.19 38.28 38.40 38.53 38.73 38.90 39.05 39.26 39.51 39.69 39.87 40.12 40.24
30.70 30.80 30.91 31.01 31.12 31.23 31.33 31.43 31.53 31.62 31.72 31.82 31.91 32.00 32.08 32.17 32.26 32.33 32.40 32.48 32.53 32.60 32.64 32.68 32.71 32.73 32.74 32.74 32.73 32.71 32.68 32.64 32.60 32.56 32.52 32.55 32.70 32.89 33.07 33.24 33.41 33.59 33.76 33.93 34.09 34.26 34.41 34.57 34.73 34.88 35.05 35.18 35.25 35.50 35.81 36.05 36.38 36.77 37.00 37.24 37.50 37.74 37.93 38.09 38.26 38.45 38.55 38.66 38.72 38.95 39.19 39.35 39.54 39.73 39.92 40.08 40.24
30.89 30.99 31.10 31.20 31.30 31.40 31.50 31.61 31.70 31.79 31.89 31.98 32.07 32.15 32.23 32.32 32.40 32.46 32.54 32.59 32.65 32.69 32.74 32.76 32.79 32.79 32.78 32.77 32.73 32.69 32.64 32.58 32.51 32.45 32.40 32.47 32.63 32.81 33.00 33.18 33.36 33.53 33.71 33.88 34.05 34.21 34.37 34.53 34.70 34.85 35.00 35.16 35.22 35.69 35.95 36.24 36.50 36.76 37.02 37.27 37.52 37.74 37.92 38.06 38.32 38.42 38.59 38.72 38.79 38.98 39.17 39.34 39.50 39.70 39.88 40.01 40.16
31.08 31.19 31.29 31.39 31.48 31.59 31.68 31.78 31.87 31.96 32.05 32.15 32.22 32.31 32.39 32.47 32.53 32.60 32.67 32.72 32.77 32.80 32.84 32.85 32.85 32.85 32.82 32.79 32.73 32.66 32.59 32.50 32.40 32.30 32.26 32.38 32.56 32.75 32.93 33.11 33.29 33.47 33.65 33.82 33.99 34.16 34.34 34.50 34.66 34.83 35.00 35.19 35.43 35.70 35.96 36.22 36.49 36.75 37.01 37.25 37.45 37.59 37.70 37.97 38.08 38.27 38.62 38.76 38.87 38.95 39.10 39.26 39.41 39.64 39.81 39.99 40.28
31.29 31.38 31.48 31.59 31.68 31.77 31.87 31.96 32.05 32.14 32.22 32.31 32.39 32.47 32.54 32.62 32.68 32.74 32.80 32.84 32.89 32.91 32.93 32.93 32.92 32.90 32.85 32.80 32.72 32.63 32.53 32.41 32.28 32.17 32.15 32.30 32.49 32.67 32.85 33.04 33.22 33.40 33.59 33.77 33.94 34.11 34.29 34.47 34.65 34.82 35.01 35.22 35.45 35.71 35.96 36.22 36.46 36.64 36.82 37.07 37.41 37.59 37.67 37.92 38.05 38.22 38.50 38.75 38.90 39.01 39.11 39.32 39.47 39.61 39.94 40.13 40.33
31.48 31.58 31.68 31.77 31.87 31.96 32.06 32.14 32.23 32.31 32.40 32.48 32.56 32.63 32.70 32.77 32.83 32.89 32.94 32.97 33.01 33.02 33.03 33.01 32.99 32.95 32.88 32.81 32.70 32.59 32.45 32.30 32.15 32.02 32.08 32.23 32.41 32.60 32.78 32.97 33.15 33.33 33.52 33.70 33.89 34.06 34.25 34.43 34.62 34.81 35.01 35.23 35.46 35.71 35.96 36.20 36.42 36.57 36.65 36.96 37.28 37.38 37.56 37.79 38.02 38.12 38.37 38.66 38.88 39.06 39.18 39.37 39.58 39.78 39.96 40.15 40.23
31.68 31.78 31.88 31.97 32.07 32.15 32.25 32.33 32.41 32.50 32.58 32.65 32.73 32.80 32.87 32.93 32.99 33.03 33.08 33.10 33.13 33.13 33.13 33.10 33.06 32.99 32.92 32.81 32.69 32.54 32.38 32.19 32.00 31.90 32.00 32.17 32.34 32.53 32.70 32.89 33.07 33.26 33.45 33.64 33.83 34.02 34.20 34.39 34.59 34.80 35.01 35.22 35.46 35.70 35.83 36.01 36.25 36.59 36.68 36.92 37.13 37.27 37.39 37.69 37.95 38.12 38.30 38.53 38.83 39.00 39.15 39.28 39.49 39.75 39.86 40.05 40.26
31.89 31.98 32.08 32.17 32.26 32.35 32.44 32.52 32.60 32.68 32.77 32.84 32.91 32.98 33.03 33.09 33.14 33.19 33.22 33.24 33.25 33.25 33.22 33.19 33.13 33.05 32.94 32.82 32.66 32.49 32.29 32.08 31.88 31.83 31.95 32.12 32.28 32.46 32.64 32.81 33.00 33.19 33.38 33.56 33.76 33.96 34.15 34.35 34.56 34.76 34.98 35.20 35.44 35.66 35.81 35.93 36.15 36.49 36.63 36.83 37.04 37.14 37.29 37.52 37.79 37.97 38.10 38.41 38.75 38.89 39.05 39.22 39.49 39.63 39.74 39.99 40.12
32.09 32.18 32.28 32.36 32.46 32.54 32.63 32.71 32.80 32.88 32.95 33.02 33.09 33.15 33.21 33.26 33.30 33.34 33.37 33.38 33.39 33.37 33.34 33.28 33.21 33.10 32.98 32.82 32.64 32.43 32.21 31.97 31.77 31.79 31.92 32.08 32.24 32.40 32.57 32.75 32.93 33.12 33.31 33.50 33.69 33.89 34.10 34.30 34.51 34.73 34.94 35.13 35.28 35.55 35.80 35.95 36.09 36.40 36.53 36.73 36.88 37.03 37.21 37.41 37.64 37.80 38.11 38.44 38.60 38.79 38.98 39.22 39.38 39.46 39.69 39.81 39.89
32.28 32.38 32.47 32.57 32.65 32.74 32.83 32.91 32.99 33.06 33.13 33.21 33.27 33.33 33.38 33.43 33.47 33.50 33.52 33.53 33.52 33.50 33.45 33.38 33.28 33.16 33.02 32.84 32.63 32.39 32.14 31.88 31.71 31.78 31.92 32.05 32.20 32.36 32.52 32.69 32.87 33.05 33.23 33.43 33.62 33.82 34.03 34.24 34.45 34.60 34.87 35.05 35.21 35.38 35.51 35.86 36.08 36.24 36.45 36.64 36.84 36.97 37.13 37.31 37.49 37.69 38.03 38.32 38.36 38.68 38.90 39.10 39.23 39.36 39.47 39.69 39.88
32.47 32.57 32.67 32.76 32.86 32.94 33.03 33.11 33.19 33.26 33.33 33.40 33.46 33.52 33.57 33.61 33.64 33.67 33.69 33.68 33.66 33.63 33.57 33.49 33.37 33.24 33.06 32.86 32.62 32.36 32.08 31.81 31.71 31.80 31.92 32.05 32.19 32.33 32.49 32.65 32.82 32.99 33.17 33.36 33.56 33.76 33.96 34.17 34.24 34.35 34.59 34.89 35.08 35.15 35.41 35.71 35.94 36.11 36.42 36.50 36.68 36.87 37.04 37.21 37.37 37.56 37.91 38.15 38.43 38.61 38.83 39.02 39.18 39.18 39.28 39.53 39.75
32.65 32.76 32.86 32.95 33.05 33.14 33.22 33.31 33.38 33.45 33.53 33.59 33.65 33.71 33.76 33.79 33.82 33.84 33.85 33.84 33.82 33.76 33.70 33.59 33.47 33.32 33.12 32.90 32.65 32.35 32.04 31.77 31.74 31.83 31.94 32.05 32.19 32.32 32.46 32.62 32.78 32.95 33.12 33.30 33.49 33.69 33.90 33.90 34.15 34.33 34.43 34.67 34.93 35.16 35.34 35.57 35.79 36.03 36.25 36.47 36.60 36.78 37.01 37.20 37.31 37.44 37.62 37.88 38.21 38.47 38.66 38.88 39.04 39.05 39.14 39.43 39.58
32.83 32.93 33.04 33.14 33.24 33.34 33.42 33.51 33.58 33.65 33.73 33.79 33.85 33.90 33.94 33.98 34.01 34.03 34.02 34.01 33.98 33.92 33.84 33.72 33.59 33.41 33.20 32.96 32.67 32.36 32.03 31.79 31.81 31.89 31.99 32.09 32.21 32.33 32.46 32.60 32.76 32.91 33.08 33.25 33.43 33.46 33.54 33.87 33.90 34.07 34.30 34.49 34.72 34.98 35.18 35.38 35.65 35.86 36.08 36.31 36.54 36.66 36.79 37.05 37.22 37.29 37.49 37.65 37.80 38.09 38.11 38.72 38.91 39.14 39.32 39.53 39.76
