datasets/raw/temp/2019101220191012.grid
ncols 886
nrows 691
xllcenter 112.0000
yllcenter -44.5000
cellsize 0.0500
nodata_value 99999.90
[rows 442 to 475 of 691, columns 231 to 307 of 886]
19.48 19.71 19.81 19.89 20.05 20.03 20.01 20.10 20.12 20.20 20.18 20.19 20.16 20.13 20.12 20.08 20.08 20.10 20.08 20.06 20.04 20.03 20.04 20.04 20.02 20.01 19.99 19.98 20.00 20.00 19.99 19.97 19.95 19.98 20.01 20.05 20.08 20.07 20.14 20.18 20.22 20.29 20.35 20.37 20.40 20.39 20.38 20.34 20.33 20.31 20.26 20.19 20.17 20.07 20.04 20.05 20.04 20.54 20.51 20.48 20.42 20.35 20.29 20.25 20.17 20.02 19.91 19.83 19.74 19.61 19.52 19.44 19.37 19.34 19.31 19.30 19.30
19.53 19.62 19.77 19.82 19.96 19.98 20.00 20.01 20.02 20.02 20.03 20.08 20.00 19.97 19.99 19.94 19.95 20.00 19.96 19.92 19.92 19.93 19.92 19.91 19.88 19.87 19.85 19.83 19.84 19.87 19.87 19.85 19.84 19.84 19.87 19.91 19.91 19.92 19.98 20.01 20.06 20.11 20.19 20.21 20.20 20.22 20.22 20.19 20.15 20.10 20.06 20.02 19.95 19.88 19.84 19.79 20.26 20.27 20.27 20.23 20.19 20.13 20.07 20.03 19.97 19.84 19.76 19.64 19.55 19.45 19.37 19.26 19.20 19.15 19.10 19.09 19.09
19.49 19.43 19.67 19.74 19.76 19.86 19.92 19.94 19.94 19.93 19.96 20.02 19.91 19.90 19.91 19.88 19.88 19.89 19.89 19.84 19.81 19.81 19.78 19.76 19.74 19.73 19.71 19.71 19.73 19.75 19.73 19.73 19.72 19.72 19.73 19.78 19.78 19.79 19.80 19.82 19.86 19.96 20.04 20.08 20.04 20.07 20.01 20.01 19.94 19.91 19.87 19.79 19.71 19.75 19.97 19.97 19.94 19.98 20.03 20.06 20.00 19.96 19.91 19.83 19.77 19.67 19.55 19.47 19.37 19.29 19.18 19.08 19.01 18.95 18.91 18.90 18.89
19.40 19.47 19.62 19.63 19.69 19.85 19.85 19.87 19.86 19.87 19.91 19.88 19.85 19.83 19.81 19.80 19.79 19.78 19.79 19.73 19.72 19.70 19.69 19.63 19.60 19.60 19.58 19.58 19.62 19.61 19.58 19.59 19.58 19.58 19.58 19.61 19.63 19.65 19.67 19.65 19.70 19.80 19.90 19.94 19.93 19.89 19.88 19.83 19.75 19.67 19.59 19.69 20.06 20.00 19.93 19.82 19.85 19.84 19.88 19.86 19.82 19.78 19.71 19.64 19.55 19.50 19.37 19.27 19.18 19.08 18.92 18.86 18.80 18.76 18.77 18.77 18.80
19.42 19.46 19.53 19.59 19.62 19.73 19.77 19.79 19.78 19.78 19.76 19.79 19.79 19.74 19.74 19.71 19.70 19.67 19.65 19.63 19.60 19.59 19.56 19.54 19.48 19.48 19.46 19.45 19.48 19.46 19.42 19.43 19.43 19.42 19.42 19.46 19.48 19.47 19.51 19.55 19.59 19.70 19.75 19.79 19.75 19.74 19.69 19.65 20.09 20.04 20.00 19.94 19.89 19.83 19.77 19.74 19.73 19.74 19.75 19.75 19.72 19.70 19.56 19.47 19.49 19.43 19.33 19.19 19.12 19.02 18.92 18.83 18.75 18.70 18.65 18.63 18.61
19.36 19.39 19.43 19.59 19.65 19.70 19.72 19.75 19.76 19.72 19.78 19.74 19.71 19.68 19.64 19.61 19.59 19.58 19.55 19.51 19.48 19.46 19.44 19.42 19.39 19.34 19.33 19.33 19.32 19.29 19.26 19.26 19.27 19.27 19.25 19.27 19.29 19.34 19.39 19.41 19.49 19.53 19.58 19.63 19.62 19.55 20.01 19.97 19.93 19.88 19.83 19.79 19.73 19.68 19.64 19.61 19.60 19.59 19.60 19.59 19.57 19.53 19.49 19.42 19.36 19.27 19.17 19.06 18.95 18.84 18.74 18.65 18.58 18.51 18.46 18.44 18.42
19.26 19.29 19.34 19.52 19.57 19.61 19.67 19.71 19.74 19.71 19.66 19.60 19.60 19.55 19.53 19.49 19.47 19.46 19.43 19.39 19.37 19.34 19.32 19.30 19.26 19.20 19.20 19.20 19.19 19.14 19.10 19.11 19.11 19.11 19.11 19.11 19.14 19.22 19.29 19.30 19.32 19.39 19.43 19.63 19.53 19.90 19.85 19.81 19.76 19.73 19.68 19.63 19.59 19.55 19.51 19.48 19.46 19.46 19.45 19.43 19.41 19.38 19.33 19.27 19.19 19.10 19.00 18.89 18.77 18.67 18.57 18.47 18.40 18.34 18.29 18.25 18.24
19.21 19.25 19.32 19.42 19.47 19.52 19.61 19.63 19.64 19.61 19.58 19.54 19.51 19.45 19.42 19.40 19.39 19.37 19.36 19.31 19.27 19.24 19.20 19.17 19.13 19.07 19.05 19.07 19.06 19.02 18.99 18.99 18.99 18.97 18.98 18.99 19.05 19.10 19.16 19.19 19.19 19.29 19.43 19.76 19.77 19.74 19.70 19.66 19.61 19.58 19.54 19.49 19.45 19.41 19.38 19.36 19.34 19.32 19.31 19.29 19.27 19.22 19.17 19.11 19.02 18.93 18.83 18.73 18.61 18.50 18.40 18.30 18.23 18.16 18.12 18.08 18.05
19.17 19.19 19.23 19.31 19.36 19.45 19.52 19.59 19.53 19.54 19.47 19.42 19.39 19.34 19.32 19.29 19.29 19.27 19.24 19.19 19.16 19.11 19.06 19.03 19.02 18.98 18.93 18.95 18.93 18.91 18.92 18.84 18.83 18.81 18.92 18.92 18.97 19.02 19.03 19.05 19.04 19.27 19.55 19.58 19.59 19.58 19.55 19.51 19.48 19.43 19.39 19.36 19.33 19.29 19.26 19.24 19.21 19.20 19.18 19.15 19.12 19.08 19.02 18.96 18.87 18.78 18.68 18.56 18.45 18.34 18.24 18.14 18.06 17.99 17.94 17.91 17.88
19.05 19.06 19.11 19.19 19.24 19.33 19.35 19.34 19.38 19.34 19.28 19.23 19.24 19.19 19.16 19.16 19.17 19.12 19.09 19.06 19.03 18.98 18.93 18.91 18.91 18.88 18.86 18.83 18.80 18.80 18.76 18.78 18.74 18.84 18.88 18.89 18.91 18.93 18.95 18.99 19.36 19.37 19.38 19.39 19.41 19.42 19.41 19.37 19.33 19.29 19.26 19.23 19.20 19.16 19.14 19.11 19.09 19.06 19.05 19.02 18.98 18.94 18.88 18.81 18.73 18.63 18.52 18.41 18.30 18.18 18.07 17.98 17.89 17.83 17.78 17.74 17.71
18.91 18.94 19.01 19.08 19.12 19.18 19.21 19.19 19.25 19.15 19.15 19.12 19.10 19.09 19.09 19.05 19.02 19.00 18.95 18.92 18.89 18.86 18.82 18.79 18.78 18.77 18.76 18.75 18.73 18.72 18.67 18.68 18.70 18.79 18.77 18.81 19.07 19.19 19.18 19.18 19.19 19.19 19.20 19.21 19.22 19.24 19.24 19.23 19.19 19.16 19.12 19.09 19.07 19.04 19.01 18.98 18.96 18.94 18.92 18.89 18.85 18.80 18.74 18.67 18.58 18.49 18.38 18.26 18.14 18.03 17.92 17.82 17.74 17.67 17.61 17.57 17.55
18.80 18.86 18.89 18.96 18.99 19.04 19.09 19.11 19.10 19.06 19.05 19.02 18.99 18.96 18.95 18.94 18.90 18.86 18.80 18.75 18.76 18.74 18.73 18.67 18.68 18.66 18.68 18.68 18.64 18.62 18.61 18.64 18.71 18.70 19.09 19.06 19.05 19.03 19.02 19.03 19.02 19.02 19.03 19.03 19.04 19.05 19.05 19.06 19.05 19.03 19.00 18.97 18.94 18.91 18.89 18.87 18.84 18.81 18.79 18.76 18.72 18.67 18.61 18.53 18.44 18.34 18.23 18.11 18.00 17.88 17.77 17.67 17.58 17.51 17.45 17.41 17.38
18.67 18.65 18.76 18.84 18.89 18.93 18.95 18.98 18.94 18.93 18.92 18.91 18.88 18.85 18.83 18.84 18.78 18.70 18.65 18.65 18.66 18.60 18.58 18.57 18.62 18.61 18.54 18.57 18.59 18.53 18.56 18.56 18.99 18.96 18.94 18.91 18.89 18.88 18.87 18.86 18.85 18.86 18.85 18.85 18.86 18.87 18.87 18.88 18.88 18.88 18.87 18.84 18.82 18.80 18.77 18.75 18.73 18.70 18.67 18.63 18.59 18.54 18.47 18.39 18.31 18.21 18.10 17.99 17.87 17.75 17.64 17.54 17.45 17.37 17.31 17.27 17.24
18.56 18.47 18.62 18.70 18.74 18.76 18.77 18.79 18.77 18.75 18.77 18.75 18.76 18.74 18.71 18.69 18.66 18.59 18.57 18.58 18.56 18.50 18.47 18.54 18.52 18.54 18.52 18.53 18.49 18.51 18.91 18.88 18.85 18.82 18.80 18.77 18.74 18.73 18.71 18.70 18.69 18.68 18.68 18.68 18.68 18.68 18.69 18.69 18.69 18.69 18.70 18.68 18.67 18.66 18.64 18.62 18.60 18.57 18.54 18.50 18.46 18.41 18.34 18.27 18.18 18.10 18.00 17.91 17.80 17.70 17.60 17.50 17.42 17.34 17.28 17.23 17.20
18.44 18.47 18.51 18.56 18.61 18.61 18.62 18.63 18.61 18.62 18.63 18.63 18.62 18.61 18.55 18.54 18.53 18.51 18.50 18.46 18.44 18.42 18.48 18.44 18.44 18.48 18.43 18.39 18.84 18.81 18.78 18.75 18.71 18.68 18.65 18.62 18.60 18.58 18.56 18.54 18.53 18.52 18.52 18.52 18.51 18.51 18.51 18.51 18.51 18.51 18.50 18.50 18.50 18.49 18.47 18.46 18.44 18.42 18.38 18.35 18.31 18.26 18.20 18.14 18.08 18.00 17.93 17.84 17.76 17.68 17.60 17.52 17.45 17.39 17.33 17.29 17.27
18.32 18.39 18.41 18.44 18.45 18.47 18.51 18.45 18.40 18.45 18.47 18.48 18.48 18.43 18.42 18.43 18.43 18.43 18.38 18.40 18.36 18.37 18.39 18.37 18.38 18.33 18.37 18.76 18.72 18.68 18.65 18.61 18.57 18.54 18.51 18.48 18.46 18.44 18.41 18.39 18.38 18.36 18.35 18.35 18.34 18.34 18.33 18.33 18.33 18.32 18.32 18.32 18.32 18.30 18.30 18.28 18.27 18.25 18.23 18.20 18.16 18.12 18.07 18.02 17.97 17.90 17.85 17.78 17.72 17.65 17.58 17.53 17.47 17.43 17.39 17.36 17.34
18.17 18.23 18.29 18.30 18.30 18.32 18.34 18.34 18.28 18.31 18.34 18.35 18.34 18.32 18.29 18.36 18.31 18.34 18.34 18.31 18.26 18.22 18.32 18.27 18.76 18.71 18.67 18.63 18.59 18.55 18.51 18.48 18.44 18.41 18.38 18.35 18.31 18.29 18.27 18.25 18.23 18.22 18.20 18.19 18.17 18.17 18.16 18.15 18.15 18.15 18.15 18.14 18.14 18.12 18.12 18.10 18.09 18.07 18.06 18.04 18.01 17.97 17.94 17.90 17.86 17.82 17.76 17.71 17.67 17.61 17.57 17.53 17.48 17.45 17.43 17.41 17.40
18.04 18.09 18.15 18.14 18.16 18.17 18.14 18.11 18.15 18.18 18.22 18.20 18.17 18.21 18.46 18.76 18.89 18.89 18.86 18.82 18.79 18.75 18.70 18.67 18.62 18.59 18.54 18.50 18.46 18.43 18.39 18.35 18.31 18.28 18.24 18.21 18.18 18.15 18.13 18.10 18.08 18.06 18.05 18.03 18.02 18.01 18.00 17.99 17.98 17.97 17.98 17.97 17.96 17.96 17.95 17.94 17.92 17.91 17.90 17.88 17.86 17.83 17.81 17.78 17.75 17.71 17.67 17.65 17.61 17.58 17.54 17.51 17.48 17.46 17.45 17.44 17.44
17.95 17.98 18.00 17.95 17.95 18.01 17.98 18.00 18.02 18.07 18.05 18.07 18.08 18.73 18.81 18.84 18.80 18.77 18.74 18.70 18.66 18.62 18.59 18.55 18.50 18.47 18.42 18.39 18.34 18.30 18.25 18.22 18.18 18.15 18.11 18.07 18.04 18.01 17.98 17.96 17.94 17.92 17.90 17.89 17.87 17.85 17.84 17.83 17.82 17.81 17.80 17.80 17.80 17.79 17.78 17.78 17.76 17.76 17.74 17.73 17.72 17.70 17.67 17.66 17.64 17.61 17.59 17.56 17.54 17.51 17.49 17.47 17.46 17.45 17.44 17.45 17.45
17.88 17.84 17.84 17.84 17.91 17.95 17.97 17.97 17.97 17.96 17.93 18.47 18.69 18.75 18.74 18.71 18.67 18.65 18.62 18.58 18.54 18.50 18.46 18.42 18.38 18.34 18.30 18.26 18.21 18.17 18.13 18.09 18.06 18.02 17.98 17.94 17.92 17.88 17.85 17.82 17.80 17.77 17.76 17.73 17.72 17.70 17.69 17.68 17.66 17.65 17.65 17.65 17.64 17.63 17.62 17.62 17.61 17.60 17.59 17.58 17.57 17.56 17.55 17.54 17.52 17.50 17.49 17.47 17.46 17.45 17.44 17.42 17.42 17.42 17.43 17.43 17.45
17.78 17.76 17.76 17.77 17.79 17.83 17.83 17.83 17.84 17.80 18.54 18.58 18.64 18.63 18.60 18.58 18.56 18.52 18.49 18.46 18.42 18.38 18.34 18.30 18.26 18.22 18.18 18.14 18.09 18.05 18.01 17.97 17.93 17.89 17.85 17.82 17.78 17.76 17.72 17.69 17.67 17.64 17.62 17.60 17.57 17.56 17.54 17.53 17.51 17.51 17.50 17.49 17.48 17.48 17.47 17.47 17.46 17.45 17.44 17.44 17.44 17.43 17.42 17.41 17.40 17.40 17.39 17.39 17.38 17.37 17.37 17.36 17.37 17.37 17.38 17.40 17.41
17.64 17.60 17.63 17.67 17.69 17.71 17.70 17.71 17.80 18.42 18.43 18.44 18.52 18.50 18.48 18.45 18.43 18.40 18.37 18.33 18.30 18.26 18.23 18.18 18.14 18.10 18.06 18.02 17.98 17.93 17.89 17.85 17.81 17.77 17.73 17.69 17.66 17.62 17.60 17.56 17.53 17.51 17.48 17.46 17.44 17.42 17.40 17.39 17.38 17.36 17.35 17.34 17.33 17.32 17.32 17.32 17.32 17.31 17.30 17.30 17.30 17.30 17.29 17.29 17.29 17.28 17.28 17.28 17.29 17.29 17.29 17.29 17.31 17.32 17.33 17.35 17.37
17.46 17.40 17.54 17.55 17.57 17.57 17.61 17.59 18.13 18.31 18.36 18.41 18.40 18.38 18.36 18.33 18.31 18.28 18.25 18.21 18.18 18.14 18.11 18.06 18.03 17.99 17.94 17.90 17.86 17.82 17.78 17.73 17.69 17.65 17.61 17.57 17.54 17.50 17.46 17.43 17.41 17.38 17.36 17.33 17.31 17.29 17.27 17.26 17.24 17.23 17.22 17.21 17.20 17.19 17.18 17.18 17.18 17.17 17.17 17.17 17.17 17.17 17.17 17.17 17.17 17.17 17.18 17.19 17.18 17.19 17.20 17.22 17.23 17.24 17.26 17.29 17.31
17.27 17.32 17.39 17.43 17.45 17.45 17.45 17.45 18.15 18.18 18.26 18.29 18.27 18.26 18.24 18.21 18.19 18.17 18.13 18.10 18.07 18.03 17.99 17.95 17.91 17.86 17.83 17.78 17.74 17.70 17.65 17.61 17.57 17.53 17.49 17.46 17.42 17.38 17.34 17.31 17.28 17.25 17.23 17.20 17.18 17.16 17.14 17.12 17.10 17.09 17.08 17.07 17.05 17.05 17.05 17.05 17.04 17.04 17.04 17.04 17.03 17.04 17.04 17.05 17.05 17.06 17.06 17.08 17.09 17.10 17.11 17.13 17.14 17.16 17.18 17.21 17.24
17.25 17.26 17.17 17.31 17.31 17.33 17.37 17.55 18.06 18.11 18.15 18.16 18.15 18.13 18.12 18.10 18.07 18.04 18.01 17.99 17.95 17.92 17.88 17.83 17.80 17.75 17.72 17.67 17.62 17.59 17.54 17.50 17.46 17.42 17.37 17.34 17.30 17.26 17.23 17.19 17.16 17.14 17.11 17.08 17.05 17.04 17.01 17.00 16.98 16.97 16.95 16.94 16.93 16.93 16.91 16.91 16.91 16.91 16.91 16.91 16.91 16.92 16.92 16.92 16.94 16.94 16.96 16.96 16.98 16.99 17.01 17.03 17.05 17.07 17.09 17.13 17.15
17.08 17.14 17.33 17.18 17.19 17.21 17.25 17.77 17.94 18.02 18.06 18.05 18.04 18.01 18.00 17.98 17.96 17.92 17.90 17.86 17.84 17.80 17.76 17.73 17.68 17.64 17.60 17.56 17.52 17.47 17.43 17.39 17.35 17.30 17.26 17.22 17.19 17.15 17.11 17.08 17.04 17.02 16.99 16.95 16.93 16.92 16.89 16.87 16.86 16.84 16.83 16.81 16.81 16.79 16.79 16.79 16.78 16.78 16.79 16.78 16.79 16.79 16.80 16.81 16.81 16.83 16.84 16.85 16.87 16.89 16.90 16.92 16.94 16.97 16.99 17.03 17.06
17.14 16.81 17.05 17.06 17.06 17.14 17.19 17.81 17.89 17.92 17.93 17.92 17.91 17.90 17.89 17.86 17.84 17.81 17.79 17.75 17.73 17.69 17.65 17.61 17.57 17.53 17.49 17.44 17.41 17.36 17.32 17.27 17.23 17.19 17.14 17.11 17.07 17.04 17.00 16.96 16.93 16.90 16.86 16.84 16.82 16.79 16.77 16.75 16.73 16.72 16.70 16.69 16.68 16.67 16.67 16.67 16.66 16.66 16.67 16.66 16.67 16.68 16.68 16.69 16.70 16.71 16.73 16.74 16.75 16.78 16.80 16.82 16.84 16.87 16.90 16.92 16.95
17.01 16.92 16.92 16.93 16.96 17.12 17.63 17.72 17.78 17.82 17.82 17.81 17.80 17.78 17.77 17.75 17.72 17.70 17.67 17.64 17.61 17.58 17.55 17.51 17.47 17.43 17.39 17.33 17.29 17.25 17.21 17.16 17.13 17.08 17.04 17.00 16.96 16.92 16.89 16.85 16.82 16.78 16.76 16.73 16.70 16.68 16.65 16.63 16.61 16.60 16.59 16.57 16.57 16.56 16.54 16.54 16.55 16.54 16.54 16.55 16.55 16.55 16.56 16.58 16.59 16.59 16.61 16.62 16.65 16.66 16.68 16.70 16.73 16.76 16.78 16.81 16.84
16.80 16.83 16.82 16.85 16.90 17.41 17.57 17.58 17.66 17.71 17.70 17.69 17.68 17.67 17.66 17.64 17.62 17.59 17.56 17.53 17.50 17.48 17.43 17.39 17.36 17.32 17.28 17.24 17.19 17.14 17.10 17.06 17.02 16.97 16.93 16.89 16.85 16.81 16.77 16.74 16.71 16.67 16.64 16.61 16.59 16.56 16.54 16.52 16.50 16.49 16.47 16.46 16.44 16.44 16.43 16.43 16.42 16.43 16.42 16.43 16.43 16.44 16.44 16.45 16.46 16.48 16.49 16.51 16.53 16.55 16.57 16.59 16.61 16.64 16.67 16.70 16.73
16.81 16.82 16.82 16.83 17.41 17.47 17.48 17.50 17.50 17.60 17.58 17.58 17.57 17.56 17.54 17.53 17.50 17.48 17.45 17.43 17.40 17.37 17.32 17.29 17.25 17.22 17.17 17.13 17.09 17.04 17.00 16.96 16.91 16.86 16.82 16.78 16.75 16.71 16.66 16.63 16.60 16.57 16.54 16.51 16.48 16.46 16.43 16.41 16.39 16.37 16.35 16.35 16.34 16.33 16.32 16.32 16.31 16.31 16.31 16.31 16.32 16.32 16.33 16.34 16.35 16.36 16.38 16.39 16.41 16.43 16.45 16.48 16.50 16.53 16.55 16.58 16.61
16.78 16.82 16.71 16.89 17.34 17.41 17.36 17.48 17.48 17.48 17.47 17.47 17.46 17.45 17.44 17.42 17.40 17.38 17.35 17.32 17.29 17.26 17.22 17.19 17.15 17.11 17.07 17.02 16.98 16.93 16.90 16.85 16.81 16.77 16.72 16.67 16.64 16.60 16.56 16.52 16.49 16.46 16.43 16.40 16.37 16.35 16.32 16.30 16.27 16.26 16.25 16.23 16.22 16.21 16.20 16.20 16.20 16.20 16.19 16.20 16.20 16.21 16.22 16.23 16.24 16.25 16.26 16.28 16.29 16.32 16.34 16.36 16.38 16.41 16.44 16.47 16.50
16.71 16.71 16.72 16.87 17.27 17.33 17.36 17.37 17.37 17.36 17.36 17.36 17.35 17.34 17.32 17.31 17.29 17.26 17.24 17.21 17.19 17.16 17.12 17.08 17.05 17.01 16.97 16.92 16.88 16.84 16.79 16.74 16.71 16.66 16.62 16.58 16.54 16.50 16.46 16.42 16.38 16.35 16.32 16.29 16.26 16.24 16.22 16.19 16.17 16.15 16.14 16.13 16.12 16.11 16.10 16.09 16.08 16.08 16.08 16.09 16.08 16.09 16.10 16.11 16.12 16.14 16.15 16.16 16.18 16.20 16.22 16.25 16.27 16.29 16.32 16.35 16.38
16.64 16.68 17.01 17.08 17.20 17.25 17.25 17.26 17.26 17.25 17.26 17.25 17.24 17.23 17.22 17.21 17.19 17.16 17.14 17.12 17.09 17.05 17.02 16.98 16.95 16.91 16.86 16.83 16.78 16.74 16.69 16.65 16.61 16.56 16.52 16.47 16.44 16.40 16.36 16.32 16.28 16.25 16.22 16.18 16.15 16.13 16.10 16.09 16.07 16.04 16.03 16.02 16.00 15.99 15.98 15.98 15.98 15.97 15.98 15.97 15.98 15.98 15.99 16.00 16.01 16.02 16.04 16.05 16.07 16.08 16.11 16.12 16.15 16.18 16.21 16.24 16.26
16.59 16.87 16.93 17.03 17.13 17.14 17.14 17.15 17.15 17.15 17.15 17.15 17.13 17.13 17.11 17.10 17.09 17.07 17.04 17.02 16.98 16.96 16.92 16.89 16.85 16.81 16.77 16.73 16.69 16.64 16.60 16.55 16.51 16.46 16.42 16.38 16.33 16.30 16.26 16.22 16.18 16.15 16.11 16.09 16.05 16.03 16.00 15.98 15.96 15.94 15.92 15.91 15.89 15.88 15.87 15.87 15.86 15.87 15.86 15.86 15.87 15.87 15.87 15.89 15.90 15.91 15.92 15.94 15.95 15.97 15.99 16.01 16.04 16.06 16.09 16.12 16.15
