datasets/raw/temp/2019111220191112.grid
ncols 886
nrows 691
xllcenter 112.0000
yllcenter -44.5000
cellsize 0.0500
nodata_value 99999.90
[rows 170 to 203 of 691, columns 616 to 692 of 886]
37.91 38.02 37.99 38.22 38.27 38.02 38.22 38.01 38.04 37.99 38.03 37.96 37.91 37.55 37.22 37.32 36.95 36.76 36.30 35.83 35.29 34.96 35.12 35.67 36.09 36.07 35.27 35.77 35.35 34.46 34.55 34.55 34.57 34.09 33.98 33.59 33.21 32.76 32.28 32.50 32.25 32.09 31.98 31.86 31.64 31.47 31.32 31.17 30.80 30.64 30.13 29.87 29.64 29.26 29.13 29.04 28.78 28.36 28.29 28.68 28.62 30.47 30.51 30.39 30.30 30.21 28.56 29.44 29.87 29.75 29.62 29.49 29.36 29.25 29.13 29.01 28.91
37.64 37.94 38.00 38.17 38.32 37.95 38.21 38.16 38.00 37.93 38.02 37.75 37.74 37.18 37.19 37.21 37.09 36.41 36.21 35.70 35.17 34.78 35.43 35.85 35.83 35.98 36.01 35.83 35.56 35.34 34.64 34.76 34.55 34.43 34.06 33.72 33.48 33.00 32.92 32.77 32.67 32.45 32.24 32.14 31.93 31.70 31.63 31.49 31.02 30.75 30.26 30.07 29.72 29.31 29.10 29.09 28.91 28.58 28.25 28.63 30.34 30.58 29.93 30.35 30.38 30.32 28.45 28.61 30.03 29.89 29.78 29.65 29.52 29.40 29.27 29.16 29.06
37.91 37.74 37.92 37.95 38.28 37.87 38.09 38.14 37.97 38.04 38.05 37.96 37.83 37.42 37.38 37.05 36.78 36.76 36.17 35.73 35.12 34.73 35.11 35.44 35.57 35.95 35.83 35.79 35.70 35.06 35.16 34.91 34.68 34.53 34.29 34.05 33.66 33.40 33.18 33.10 32.90 32.65 32.54 32.32 32.11 31.88 31.82 31.36 30.78 30.77 30.46 30.11 29.84 29.57 29.27 28.99 28.85 28.73 28.29 28.60 29.09 28.90 30.68 30.75 30.67 30.58 30.44 30.36 30.24 30.04 29.96 29.81 29.68 29.56 29.23 29.31 29.20
37.75 37.84 37.90 37.86 38.23 37.79 38.04 37.93 37.94 37.88 38.00 37.87 37.88 37.63 37.35 37.02 36.63 36.39 36.09 35.57 35.17 35.28 35.31 34.83 35.35 35.73 35.76 35.69 35.53 35.41 35.24 35.00 34.84 34.47 34.41 34.17 33.90 33.64 33.52 33.33 33.18 33.05 32.80 32.43 32.29 32.19 32.14 31.69 31.16 31.11 30.69 30.25 30.11 29.76 29.30 28.98 28.77 28.48 28.38 28.41 28.68 28.32 29.65 30.73 30.75 30.72 30.66 30.57 30.41 30.25 30.13 29.99 29.86 29.72 29.34 29.48 29.36
37.94 37.97 37.81 38.05 38.17 38.12 37.92 37.85 37.71 37.86 37.96 37.88 37.73 37.55 37.08 36.70 36.65 36.52 36.23 36.26 35.74 35.74 35.28 34.62 35.49 35.70 35.73 35.64 35.43 35.32 35.29 35.08 34.83 34.64 34.40 34.19 33.95 33.78 33.75 33.60 33.38 33.32 32.95 32.78 32.47 32.55 32.07 31.65 31.47 31.42 30.89 30.21 30.54 30.20 30.32 29.79 29.41 29.42 28.45 28.36 28.64 28.48 30.71 31.10 30.92 30.85 30.83 30.71 30.58 30.46 30.31 30.17 30.03 29.90 29.77 29.64 29.34
37.76 37.90 37.68 37.86 38.14 38.00 37.90 37.62 37.85 37.89 37.86 37.94 37.64 37.56 37.45 36.98 37.09 37.05 36.90 36.60 35.57 35.26 35.02 34.85 35.46 35.70 35.67 35.63 35.29 34.89 35.10 35.09 34.86 34.64 34.13 34.13 33.88 33.70 33.81 33.69 33.64 33.44 33.00 33.10 32.96 32.55 32.00 31.47 31.82 31.22 31.19 30.91 30.70 30.54 30.24 30.18 30.02 29.66 29.17 28.75 28.30 30.27 31.14 31.12 30.70 30.58 30.35 30.88 30.77 30.64 30.49 30.36 30.21 30.07 29.95 29.82 29.30
37.93 37.70 37.80 37.78 38.00 37.89 37.70 37.57 37.76 37.80 37.84 37.75 37.83 37.52 37.33 37.10 37.11 36.98 36.80 35.70 35.74 34.91 34.83 34.87 35.55 35.65 35.51 35.54 35.34 35.01 34.99 35.04 34.81 34.48 34.19 34.10 33.75 33.85 33.83 33.32 33.60 33.59 33.44 33.19 32.92 32.54 32.22 32.12 31.99 31.56 31.60 31.18 31.06 30.93 30.69 30.48 30.35 30.07 30.02 29.55 28.97 28.86 30.22 31.01 30.96 31.10 31.08 31.02 30.95 30.83 30.68 30.55 30.40 30.27 30.13 30.00 29.88
38.28 37.99 37.56 37.58 37.71 37.70 37.69 37.77 37.51 37.85 37.56 37.29 37.66 37.69 37.14 37.47 37.10 36.80 36.58 35.63 34.84 34.61 35.03 35.59 35.68 35.59 35.55 35.45 35.33 34.97 34.56 35.00 34.85 34.40 34.06 33.90 33.93 33.50 33.68 33.45 33.52 33.46 33.48 33.37 33.15 32.74 32.11 32.32 32.38 31.93 31.68 31.58 31.10 31.23 30.92 30.69 30.66 30.65 30.34 29.46 29.17 28.78 28.40 28.82 29.81 30.65 30.77 31.09 31.10 31.02 30.88 30.73 30.60 30.46 30.32 30.14 30.06
38.30 38.01 37.70 37.41 37.32 37.52 37.49 37.40 37.49 37.51 37.42 37.30 37.33 37.32 37.32 37.09 36.88 36.23 36.28 35.74 35.20 34.69 34.76 35.38 35.40 35.44 35.43 35.24 35.34 34.90 34.97 34.52 34.76 34.65 34.24 34.06 33.85 33.62 33.49 33.37 33.36 33.57 33.34 33.35 33.37 32.71 32.61 32.81 32.42 31.83 32.09 31.86 31.52 31.50 31.21 30.86 30.91 30.89 30.76 30.42 29.68 29.09 28.59 28.50 28.22 29.04 28.76 29.62 30.73 31.16 31.08 30.94 30.79 30.65 30.51 30.38 30.24
38.33 38.01 37.91 37.71 37.59 37.55 37.49 37.39 37.61 37.37 37.56 37.64 37.27 37.23 36.98 36.67 36.46 36.46 36.15 35.63 35.38 34.99 34.99 34.88 35.11 35.02 35.44 35.30 35.04 34.90 34.52 34.07 34.03 34.65 34.53 34.27 34.04 33.89 33.60 33.37 33.59 33.58 33.28 33.40 33.44 33.33 33.17 32.88 32.58 32.48 32.20 32.16 31.92 31.68 31.41 31.29 31.15 31.12 31.05 30.70 30.09 29.80 29.28 28.67 28.33 28.64 28.40 27.31 27.75 31.06 31.24 31.15 31.00 30.86 30.71 30.56 30.42
38.51 38.26 38.11 38.23 37.90 37.92 37.64 37.56 37.32 37.48 37.50 37.46 37.16 37.15 37.18 36.99 36.64 36.27 35.82 35.74 35.65 35.24 34.83 34.80 34.62 34.58 35.34 34.01 34.29 34.76 34.29 34.54 34.70 34.61 34.48 34.35 34.15 33.97 33.70 33.73 33.64 33.62 33.46 33.50 33.42 33.34 33.18 32.28 32.82 32.77 32.50 32.41 32.17 31.76 31.60 31.54 31.56 31.19 31.20 30.78 30.04 29.81 29.61 28.98 29.51 28.54 28.04 27.96 28.43 29.79 30.90 31.24 31.21 31.06 30.92 30.76 30.61
38.42 38.44 38.39 38.12 38.00 37.76 37.81 37.73 37.53 37.34 37.33 37.51 37.53 37.27 36.84 36.74 36.70 36.25 36.26 36.06 35.67 35.44 34.79 34.94 35.26 35.22 34.85 34.81 33.70 34.68 34.53 34.72 34.69 34.59 34.36 34.27 34.14 33.96 33.77 33.62 33.76 33.66 33.63 33.54 33.42 33.36 33.23 32.94 33.01 32.77 32.65 32.66 32.35 32.18 31.87 31.09 31.65 31.60 31.69 30.76 30.09 30.63 30.20 30.32 29.61 28.52 27.69 28.71 28.92 28.56 28.79 30.40 31.35 31.27 31.12 30.96 30.80
38.45 38.30 38.32 38.23 38.03 37.90 37.92 37.82 37.63 37.10 37.07 37.43 37.29 37.19 37.15 36.83 36.41 36.40 36.09 35.97 35.75 35.39 34.93 34.74 34.91 33.93 34.41 34.87 34.65 34.53 34.44 34.73 34.65 34.51 34.35 34.19 34.16 33.70 33.79 33.59 33.46 33.83 33.80 33.74 33.32 33.44 33.09 32.89 32.96 32.85 32.70 32.89 32.61 32.45 31.90 31.87 32.14 31.90 32.02 31.69 31.50 31.48 31.05 31.06 29.64 29.09 28.53 30.06 30.31 30.02 28.21 29.67 30.28 31.40 31.33 31.16 30.99
38.46 38.40 38.25 38.22 38.14 37.99 37.95 37.68 37.45 37.44 37.07 36.82 37.09 37.25 37.14 36.72 36.78 36.31 36.20 36.11 35.60 35.49 35.08 34.97 34.84 34.15 34.73 34.38 34.76 34.52 34.58 34.66 34.57 34.44 34.31 34.19 34.18 33.85 33.64 33.67 33.70 33.85 33.82 33.62 33.47 33.57 33.15 33.10 32.97 32.90 32.50 33.03 32.98 32.80 32.54 32.39 32.35 31.89 32.16 32.16 32.01 31.67 31.21 30.26 29.42 29.62 29.95 30.25 30.18 30.40 29.25 28.32 28.58 31.48 31.48 31.36 31.18
38.48 38.43 38.39 38.30 38.20 38.05 37.94 37.75 37.53 37.48 37.21 37.20 36.85 37.22 37.07 36.95 36.62 36.30 36.47 36.22 35.41 35.43 35.21 35.20 34.90 33.99 34.16 34.27 34.64 34.60 34.50 34.61 34.53 34.43 34.31 34.22 34.18 33.97 33.53 33.90 33.85 33.88 33.89 33.54 33.56 33.59 33.21 33.29 33.32 33.29 33.12 33.05 32.98 32.98 32.95 32.79 32.31 32.01 32.24 32.34 32.17 31.91 31.17 30.89 30.55 30.19 30.13 31.15 30.60 30.64 29.94 29.16 28.93 31.38 31.67 31.53 31.25
38.51 38.47 38.40 38.34 38.23 38.14 38.04 37.86 37.89 37.59 37.26 37.21 36.79 37.15 37.10 37.00 36.76 36.49 36.47 35.77 35.63 35.43 35.37 35.32 34.96 34.31 34.32 34.64 34.35 34.43 34.43 34.61 34.41 34.28 34.29 34.20 34.11 34.03 33.75 34.01 34.06 34.02 33.83 33.75 33.76 33.42 33.13 33.31 33.33 33.36 33.38 33.44 33.29 32.96 32.95 32.94 32.58 32.40 32.49 32.36 32.63 32.13 32.01 31.89 31.20 30.78 31.27 31.11 30.98 30.94 30.78 30.03 29.19 30.58 31.73 31.56 31.44
38.58 38.50 38.41 38.33 38.27 38.18 38.05 37.97 37.87 37.56 37.48 36.85 36.84 36.99 36.75 36.73 36.87 36.57 36.52 36.03 35.67 35.73 35.28 35.19 34.94 34.64 34.58 34.42 34.42 34.18 34.16 34.49 34.41 34.05 34.04 34.22 33.74 33.27 33.56 34.02 33.92 33.72 33.70 33.81 33.67 33.38 33.48 33.53 33.56 33.47 33.65 33.25 33.41 33.26 33.11 32.95 32.78 32.41 32.49 31.97 32.60 32.67 32.45 31.87 32.08 31.96 31.96 31.67 31.62 31.38 31.14 30.83 29.62 29.96 30.90 31.85 31.70
38.60 38.53 38.47 38.30 38.26 38.17 38.08 37.97 37.65 37.75 37.43 37.29 36.51 36.46 36.72 36.32 36.69 36.44 36.14 36.17 35.89 35.76 35.41 35.01 34.74 34.43 33.96 34.13 34.22 34.01 33.90 34.40 34.06 34.33 34.27 34.15 33.59 33.22 34.00 34.15 33.82 33.66 33.74 33.89 33.63 33.43 33.86 33.42 33.95 33.86 33.66 33.52 33.50 33.35 32.85 31.78 33.02 33.07 32.94 32.93 33.13 33.08 32.73 32.63 32.56 32.48 32.28 32.10 31.66 31.25 30.90 31.22 30.26 30.81 32.11 32.00 30.93
38.64 38.58 38.47 38.34 38.15 38.15 38.05 37.77 37.82 37.60 37.29 36.72 36.88 36.10 36.47 36.33 36.60 36.23 35.97 36.21 36.03 35.62 35.09 34.79 34.54 33.96 34.16 34.12 33.90 33.81 33.54 34.31 33.70 33.85 34.11 32.82 33.45 34.19 33.95 34.19 34.30 34.03 34.01 33.69 33.93 34.05 33.44 33.99 33.72 33.78 33.81 33.72 33.45 33.30 32.80 33.05 33.57 33.59 33.51 33.38 33.42 33.28 33.21 33.05 32.90 32.60 32.39 32.20 32.11 31.34 31.61 31.27 31.22 31.04 30.15 31.55 31.09
38.60 38.53 38.41 38.21 38.10 38.00 37.94 37.79 37.50 37.46 37.19 36.44 36.25 35.85 36.07 35.99 36.22 36.05 35.97 35.97 35.65 35.40 35.20 34.68 34.20 33.44 33.58 33.83 33.96 34.05 34.19 33.85 34.17 33.75 33.81 33.84 34.41 34.46 34.25 34.45 34.38 34.37 34.25 33.87 33.88 34.09 33.56 33.81 33.90 33.98 33.88 33.78 33.64 33.32 33.68 33.45 33.72 33.78 33.88 33.67 33.74 33.71 33.50 33.44 33.19 33.01 32.60 32.30 32.18 31.87 32.06 31.93 31.75 31.15 30.60 30.29 32.10
38.59 38.49 38.42 38.28 38.17 38.06 37.88 37.70 37.53 37.37 36.97 36.58 36.79 36.24 35.84 35.66 35.56 35.69 35.34 35.38 35.07 35.39 34.45 33.88 34.40 33.97 33.74 33.84 33.62 33.84 33.84 33.71 33.58 33.91 34.16 34.32 34.60 34.45 34.53 34.01 34.35 34.42 34.50 34.26 33.97 33.91 33.89 34.05 34.14 34.05 33.82 33.65 33.65 33.70 34.08 34.10 34.21 34.08 34.10 34.12 34.05 33.99 33.86 33.64 33.45 33.13 32.93 32.41 32.41 32.30 32.38 32.31 31.46 31.50 30.97 30.86 32.28
38.62 38.51 38.46 38.34 38.08 37.98 37.83 37.71 37.73 37.55 37.50 37.35 36.96 36.57 35.95 35.51 35.14 34.93 35.02 34.88 34.96 34.80 34.33 33.84 33.77 33.43 33.66 33.05 33.65 33.56 33.45 33.40 33.65 33.88 34.44 34.24 34.50 34.41 34.53 34.39 34.53 34.68 34.65 34.21 34.01 33.91 34.00 34.00 34.12 34.22 33.89 34.09 34.25 34.30 34.62 34.57 34.36 34.47 34.49 34.35 34.35 34.22 34.10 33.81 33.66 33.30 33.19 32.93 33.08 32.82 32.51 32.66 32.01 31.80 31.43 31.02 30.29
38.62 38.53 38.41 38.33 38.24 38.15 37.99 37.81 37.69 37.42 37.11 37.01 36.99 36.67 35.92 35.50 35.16 34.76 34.69 34.52 34.39 34.17 34.16 34.01 33.68 33.10 33.75 33.55 33.61 33.37 33.30 33.53 33.40 34.08 34.16 33.59 34.26 34.42 34.65 34.69 34.66 34.55 34.40 34.17 34.02 33.90 34.15 33.96 34.25 34.12 33.97 33.99 34.14 34.46 34.50 34.90 34.85 34.82 34.76 34.73 34.66 34.50 34.50 34.06 33.92 33.79 33.68 33.49 33.35 33.28 33.16 32.91 32.72 32.60 31.30 31.61 31.95
38.64 38.56 38.47 38.43 38.27 38.10 37.85 37.78 37.63 37.49 37.20 37.52 37.34 36.80 36.54 36.24 35.90 35.30 34.94 34.72 34.45 34.05 34.00 34.23 33.98 34.41 34.21 34.02 33.70 33.51 33.71 34.12 34.24 34.36 34.78 34.83 34.74 34.49 34.66 34.58 34.51 34.63 34.47 34.07 33.89 33.93 34.05 34.08 34.18 34.07 34.07 34.21 34.33 34.62 35.05 35.26 35.30 35.17 35.13 34.95 34.83 34.68 34.67 34.31 34.28 34.20 34.13 33.85 33.84 33.68 33.45 32.99 32.60 33.00 32.77 31.72 31.80
38.67 38.61 38.54 38.42 38.30 38.23 38.07 37.83 37.70 37.49 37.39 37.73 36.98 37.30 37.01 36.77 36.20 35.51 35.14 35.03 34.59 34.34 34.82 34.80 34.83 34.73 34.52 34.26 33.93 33.74 33.83 34.26 34.58 34.53 34.66 34.70 34.50 34.65 34.69 34.53 34.55 34.53 34.43 34.04 33.80 33.94 33.81 34.10 34.28 34.27 34.44 34.70 34.97 34.86 35.07 35.35 35.46 35.37 35.33 35.22 35.15 34.97 35.07 34.69 34.61 34.58 34.47 34.33 34.17 33.90 33.71 33.48 33.45 33.35 32.85 32.59 31.96
38.70 38.56 38.52 38.44 38.35 38.20 38.03 37.88 37.81 37.77 37.71 37.79 37.21 36.42 36.35 36.27 35.73 35.30 35.35 35.09 34.69 35.11 35.08 35.17 35.04 34.73 34.51 34.07 33.99 33.80 33.85 34.59 34.27 34.62 34.47 34.50 34.25 34.57 34.04 34.34 34.45 34.42 34.27 33.92 33.57 33.69 33.86 34.21 34.17 34.33 34.40 34.48 34.72 34.98 35.27 35.67 35.68 35.60 35.44 35.40 35.27 35.23 35.22 35.12 35.10 34.89 34.81 34.64 34.42 34.25 34.00 33.86 33.74 33.48 33.27 33.08 32.63
38.71 38.58 38.48 38.37 38.25 38.20 38.10 37.97 37.89 37.90 37.74 37.66 37.55 36.17 36.38 35.88 35.78 35.57 35.39 35.19 35.02 35.13 35.35 35.14 35.13 34.72 34.43 34.15 33.92 33.77 33.83 34.52 34.59 34.16 34.29 34.49 34.20 33.91 33.93 34.32 34.28 34.15 34.07 33.73 33.61 33.66 34.11 34.02 34.15 34.19 34.52 34.68 34.95 35.25 35.56 35.68 35.73 35.73 35.61 35.55 35.51 35.46 35.38 35.26 35.24 35.21 35.11 34.91 34.76 34.63 34.43 34.13 34.10 34.04 33.56 33.59 33.37
38.77 38.59 38.55 38.48 38.40 38.28 38.17 38.01 38.07 37.87 37.67 37.59 37.40 37.37 37.13 36.94 36.84 36.70 35.72 35.50 35.30 35.29 35.40 35.59 34.71 34.95 34.71 34.36 34.06 34.13 34.09 34.32 34.32 34.09 34.46 34.24 33.84 33.74 34.06 34.12 33.92 33.52 33.81 33.68 33.73 33.98 34.20 33.93 34.14 34.23 34.67 34.93 35.19 35.37 35.51 35.84 35.92 35.93 35.85 35.74 35.77 35.71 35.62 35.58 35.49 35.37 35.37 35.30 35.18 34.89 34.72 34.55 34.29 34.36 34.14 33.83 33.64
38.74 38.67 38.59 38.49 38.44 38.33 38.16 38.11 37.98 37.83 37.80 37.72 37.51 37.50 37.26 37.16 36.97 36.72 35.71 36.08 35.73 35.29 35.91 35.49 35.10 35.05 34.66 34.56 34.57 34.19 33.97 34.12 34.14 34.23 34.03 33.85 33.56 33.81 34.05 34.01 33.91 33.85 33.91 33.98 34.00 34.05 33.85 33.96 34.20 34.41 34.67 34.99 35.19 35.44 35.76 36.04 36.14 36.14 35.98 35.95 35.97 35.90 35.82 35.79 35.65 35.67 35.59 35.51 35.45 35.32 35.17 34.88 34.74 34.61 34.47 34.06 33.97
38.86 38.75 38.63 38.46 38.43 38.35 38.15 38.18 38.07 37.92 37.89 37.67 37.66 37.52 37.42 37.26 37.05 36.88 36.75 37.06 36.47 36.08 35.89 35.97 35.62 35.13 35.12 34.68 34.56 34.50 34.13 33.91 33.89 34.03 33.55 33.63 33.58 34.03 34.21 34.12 34.07 34.09 33.95 34.10 33.98 34.00 33.86 34.13 34.37 34.58 34.81 35.01 35.25 35.60 35.89 36.12 36.27 36.28 36.22 36.20 36.13 36.08 36.05 36.03 35.77 35.62 35.71 35.66 35.63 35.59 35.53 35.26 35.12 35.03 34.71 34.32 34.34
38.88 38.70 38.57 38.54 38.35 38.26 38.20 38.12 38.09 38.01 37.79 37.77 37.69 37.57 37.43 37.33 37.17 37.19 37.37 37.11 37.01 36.48 35.83 36.00 35.96 35.73 35.30 35.04 34.74 34.93 34.46 34.27 34.21 34.04 34.22 34.01 33.69 34.23 34.38 34.35 34.12 34.22 34.22 34.04 33.87 33.91 34.09 34.27 34.38 34.64 34.95 35.17 35.42 35.71 35.92 36.26 36.37 36.41 36.40 36.37 36.40 36.34 36.29 36.10 35.68 35.79 35.97 35.87 35.87 35.75 35.76 35.63 35.50 35.26 34.79 34.63 34.65
38.80 38.70 38.68 38.49 38.42 38.31 38.27 38.26 38.17 37.94 37.95 37.83 37.71 37.67 37.55 37.49 37.33 37.52 37.27 37.03 36.91 36.52 36.17 36.07 36.71 35.88 35.39 35.61 35.38 34.94 34.58 34.55 34.60 34.67 34.59 34.34 34.27 34.73 34.76 34.46 34.38 34.23 34.17 34.02 34.19 34.13 34.25 34.39 34.72 34.79 34.98 35.27 35.53 35.87 36.11 36.29 36.51 36.70 36.60 36.56 36.56 36.49 36.43 36.17 36.16 36.08 35.93 36.10 36.08 35.96 35.96 35.81 35.64 35.62 35.23 34.58 34.86
38.85 38.72 38.62 38.52 38.44 38.43 38.40 38.26 38.20 38.11 37.97 37.92 37.95 37.80 37.74 37.59 37.56 37.58 37.51 37.38 37.34 37.48 36.51 37.08 36.13 35.90 35.83 35.65 35.28 35.04 34.88 34.80 34.80 34.84 34.80 34.71 34.43 34.57 34.96 34.80 34.64 34.58 34.42 34.48 34.49 34.36 34.53 34.63 34.86 35.08 35.23 35.51 35.61 35.88 36.04 36.33 36.66 36.67 36.70 36.70 36.71 36.61 36.53 36.45 36.25 36.12 36.09 36.12 36.18 35.98 36.08 35.99 35.99 35.89 35.70 35.56 35.13
38.81 38.75 38.68 38.59 38.58 38.54 38.40 38.29 38.10 38.10 38.05 38.09 38.05 37.91 37.92 37.79 37.68 37.71 37.67 37.75 37.41 37.19 37.27 37.45 37.19 36.67 36.78 36.30 35.91 35.94 35.58 35.16 34.97 35.00 34.99 34.89 34.48 34.78 35.21 35.33 34.95 34.69 34.72 34.56 34.69 34.74 34.73 34.85 35.08 35.02 35.24 35.31 35.40 35.51 36.01 36.39 36.64 36.65 36.63 36.76 36.69 36.77 36.78 36.73 36.60 36.50 36.21 36.37 36.35 36.34 36.33 36.32 36.20 36.04 35.91 35.71 35.63
