datasets/raw/temp/2019121120191211.grid
ncols 886
nrows 691
xllcenter 112.0000
yllcenter -44.5000
cellsize 0.0500
nodata_value 99999.90
[rows 544 to 577 of 691, columns 0 to 76 of 886]
21.00 21.02 21.03 21.05 21.05 21.07 21.08 21.10 21.10 21.11 21.13 21.14 21.14 21.15 21.16 21.17 21.18 21.19 21.19 21.19 21.20 21.20 21.21 21.20 21.20 21.20 21.20 21.19 21.18 21.17 21.17 21.16 21.14 21.12 21.11 21.09 21.07 21.04 21.02 20.99 20.96 20.93 20.89 20.85 20.82 20.79 20.75 20.72 20.69 20.66 20.63 20.60 20.56 20.53 20.48 20.44 20.41 20.36 20.31 20.27 20.23 20.18 20.12 20.07 20.02 19.97 19.90 19.86 19.82 19.78 19.72 19.68 19.63 19.59 19.54 19.50 19.45
20.92 20.94 20.95 20.96 20.97 20.99 21.00 21.01 21.02 21.03 21.04 21.05 21.06 21.07 21.08 21.09 21.09 21.10 21.10 21.11 21.10 21.11 21.11 21.12 21.11 21.11 21.11 21.10 21.10 21.09 21.08 21.07 21.05 21.04 21.03 21.01 20.98 20.96 20.94 20.91 20.88 20.86 20.81 20.78 20.74 20.70 20.65 20.62 20.58 20.55 20.52 20.49 20.45 20.42 20.38 20.34 20.30 20.26 20.22 20.17 20.12 20.07 20.02 19.97 19.92 19.87 19.81 19.75 19.70 19.64 19.58 19.54 19.49 19.45 19.39 19.34 19.30
20.85 20.86 20.87 20.89 20.89 20.91 20.92 20.92 20.94 20.95 20.95 20.96 20.98 20.99 20.99 21.00 21.01 21.01 21.01 21.02 21.02 21.02 21.02 21.03 21.03 21.02 21.02 21.02 21.01 21.00 20.99 20.99 20.97 20.96 20.94 20.92 20.90 20.89 20.86 20.84 20.80 20.78 20.75 20.71 20.67 20.63 20.59 20.54 20.50 20.45 20.41 20.38 20.34 20.31 20.28 20.24 20.19 20.15 20.11 20.07 20.02 19.98 19.92 19.87 19.82 19.77 19.72 19.67 19.60 19.55 19.48 19.43 19.37 19.31 19.26 19.20 19.16
20.77 20.78 20.79 20.81 20.81 20.82 20.84 20.84 20.86 20.87 20.87 20.88 20.89 20.90 20.91 20.92 20.91 20.92 20.93 20.93 20.93 20.94 20.94 20.94 20.94 20.94 20.93 20.93 20.93 20.91 20.91 20.90 20.88 20.87 20.86 20.84 20.83 20.80 20.78 20.75 20.73 20.70 20.67 20.64 20.60 20.57 20.52 20.48 20.44 20.38 20.33 20.29 20.24 20.20 20.16 20.13 20.09 20.05 20.01 19.97 19.92 19.88 19.83 19.78 19.74 19.69 19.63 19.58 19.51 19.46 19.41 19.34 19.29 19.23 19.16 19.10 19.04
20.69 20.70 20.71 20.73 20.73 20.74 20.76 20.76 20.77 20.79 20.79 20.80 20.80 20.81 20.82 20.82 20.83 20.84 20.84 20.85 20.85 20.85 20.85 20.86 20.85 20.85 20.85 20.84 20.84 20.83 20.82 20.82 20.80 20.79 20.77 20.76 20.74 20.72 20.71 20.68 20.66 20.63 20.60 20.57 20.54 20.50 20.46 20.42 20.38 20.33 20.28 20.23 20.18 20.12 20.07 20.03 19.99 19.95 19.91 19.87 19.83 19.78 19.74 19.68 19.64 19.59 19.54 19.48 19.43 19.37 19.32 19.26 19.21 19.15 19.08 19.02 18.95
20.61 20.62 20.63 20.65 20.65 20.66 20.67 20.68 20.69 20.70 20.71 20.72 20.72 20.73 20.73 20.74 20.75 20.75 20.76 20.76 20.76 20.77 20.76 20.77 20.77 20.76 20.77 20.76 20.76 20.74 20.74 20.74 20.72 20.71 20.69 20.68 20.66 20.65 20.62 20.61 20.58 20.56 20.53 20.50 20.47 20.43 20.40 20.36 20.31 20.28 20.23 20.18 20.13 20.07 20.02 19.96 19.91 19.86 19.82 19.77 19.73 19.68 19.63 19.59 19.55 19.49 19.45 19.40 19.34 19.29 19.23 19.19 19.13 19.06 19.00 18.95 18.89
20.53 20.55 20.55 20.57 20.57 20.58 20.59 20.60 20.61 20.62 20.63 20.63 20.64 20.64 20.65 20.66 20.66 20.67 20.67 20.68 20.69 20.68 20.69 20.68 20.69 20.68 20.68 20.68 20.67 20.67 20.66 20.65 20.64 20.63 20.62 20.61 20.59 20.57 20.55 20.54 20.51 20.48 20.46 20.43 20.40 20.37 20.33 20.30 20.26 20.22 20.18 20.13 20.08 20.03 19.97 19.92 19.87 19.80 19.74 19.68 19.63 19.59 19.54 19.50 19.44 19.40 19.36 19.30 19.26 19.20 19.15 19.10 19.04 18.98 18.93 18.87 18.81
20.45 20.47 20.47 20.49 20.49 20.50 20.51 20.52 20.52 20.54 20.55 20.55 20.56 20.56 20.57 20.58 20.58 20.59 20.59 20.60 20.60 20.60 20.60 20.60 20.60 20.60 20.59 20.60 20.59 20.59 20.57 20.57 20.56 20.55 20.54 20.53 20.51 20.50 20.48 20.45 20.44 20.41 20.39 20.37 20.34 20.30 20.27 20.24 20.20 20.16 20.12 20.08 20.04 19.98 19.94 19.89 19.84 19.77 19.71 19.65 19.59 19.53 19.47 19.41 19.36 19.31 19.26 19.21 19.16 19.12 19.06 19.01 18.96 18.90 18.85 18.79 18.73
20.37 20.39 20.39 20.41 20.41 20.42 20.43 20.44 20.44 20.46 20.46 20.47 20.48 20.49 20.49 20.50 20.51 20.51 20.51 20.51 20.52 20.52 20.52 20.52 20.52 20.52 20.52 20.51 20.50 20.50 20.49 20.49 20.48 20.47 20.46 20.45 20.43 20.41 20.40 20.38 20.36 20.35 20.32 20.29 20.26 20.24 20.21 20.18 20.14 20.10 20.06 20.03 19.99 19.94 19.90 19.85 19.80 19.74 19.68 19.63 19.57 19.51 19.45 19.38 19.32 19.25 19.19 19.13 19.08 19.02 18.98 18.92 18.87 18.82 18.77 18.72 18.66
20.30 20.31 20.32 20.33 20.33 20.34 20.35 20.36 20.37 20.38 20.38 20.39 20.39 20.41 20.41 20.42 20.42 20.43 20.43 20.43 20.43 20.44 20.44 20.44 20.44 20.43 20.43 20.43 20.43 20.42 20.42 20.41 20.40 20.39 20.38 20.36 20.36 20.34 20.33 20.31 20.29 20.27 20.25 20.23 20.20 20.17 20.14 20.12 20.09 20.05 20.01 19.98 19.94 19.90 19.85 19.81 19.76 19.71 19.65 19.60 19.55 19.49 19.43 19.37 19.31 19.24 19.18 19.10 19.04 18.97 18.90 18.85 18.80 18.74 18.68 18.63 18.57
20.22 20.23 20.24 20.25 20.26 20.27 20.27 20.28 20.29 20.30 20.30 20.31 20.32 20.33 20.33 20.33 20.34 20.34 20.35 20.35 20.35 20.35 20.36 20.36 20.35 20.36 20.35 20.35 20.35 20.34 20.34 20.33 20.33 20.31 20.30 20.30 20.28 20.27 20.25 20.24 20.22 20.20 20.18 20.15 20.14 20.11 20.08 20.05 20.02 19.99 19.96 19.92 19.88 19.84 19.80 19.76 19.72 19.67 19.62 19.57 19.52 19.47 19.41 19.35 19.30 19.23 19.17 19.11 19.03 18.97 18.90 18.83 18.77 18.70 18.63 18.56 18.51
20.14 20.15 20.16 20.17 20.17 20.19 20.19 20.20 20.21 20.22 20.22 20.24 20.24 20.24 20.25 20.25 20.26 20.26 20.26 20.27 20.27 20.28 20.27 20.27 20.28 20.27 20.27 20.27 20.26 20.26 20.26 20.25 20.25 20.23 20.22 20.21 20.21 20.19 20.17 20.17 20.15 20.13 20.11 20.09 20.06 20.05 20.02 19.99 19.97 19.94 19.90 19.87 19.84 19.80 19.75 19.72 19.68 19.63 19.59 19.54 19.49 19.44 19.39 19.34 19.27 19.22 19.16 19.10 19.04 18.98 18.91 18.84 18.77 18.70 18.63 18.57 18.50
20.04 20.06 20.08 20.09 20.10 20.11 20.11 20.13 20.13 20.14 20.14 20.15 20.16 20.16 20.17 20.17 20.17 20.18 20.18 20.18 20.19 20.19 20.20 20.19 20.19 20.20 20.19 20.18 20.19 20.18 20.17 20.17 20.17 20.16 20.14 20.14 20.13 20.12 20.10 20.08 20.08 20.06 20.04 20.02 20.00 19.97 19.95 19.93 19.90 19.87 19.84 19.81 19.78 19.75 19.71 19.68 19.63 19.59 19.55 19.51 19.46 19.41 19.36 19.31 19.26 19.21 19.15 19.10 19.04 18.97 18.92 18.86 18.79 18.72 18.66 18.59 18.52
19.78 19.94 19.99 20.01 20.02 20.03 20.03 20.05 20.05 20.05 20.07 20.07 20.08 20.08 20.08 20.09 20.10 20.10 20.11 20.10 20.10 20.11 20.11 20.11 20.11 20.11 20.11 20.11 20.11 20.10 20.09 20.09 20.09 20.08 20.07 20.06 20.05 20.04 20.03 20.01 19.99 19.99 19.97 19.95 19.93 19.91 19.89 19.86 19.84 19.81 19.79 19.76 19.72 19.69 19.66 19.62 19.59 19.55 19.51 19.47 19.42 19.38 19.33 19.29 19.24 19.19 19.13 19.09 19.03 18.97 18.92 18.86 18.80 18.74 18.68 18.61 18.55
19.43 19.64 19.80 19.90 19.94 19.95 19.95 19.97 19.97 19.98 19.99 19.99 19.99 20.00 20.01 20.01 20.02 20.02 20.02 20.03 20.03 20.03 20.03 20.03 20.03 20.04 20.03 20.03 20.02 20.03 20.02 20.01 20.00 20.00 20.00 19.99 19.98 19.96 19.95 19.94 19.92 19.91 19.89 19.88 19.86 19.84 19.82 19.80 19.77 19.75 19.72 19.70 19.67 19.64 19.61 19.57 19.54 19.51 19.46 19.43 19.39 19.34 19.31 19.26 19.22 19.17 19.11 19.07 19.02 18.96 18.92 18.86 18.80 18.75 18.69 18.63 18.57
19.10 19.29 19.48 19.66 19.81 19.86 19.88 19.89 19.89 19.90 19.91 19.91 19.91 19.93 19.93 19.93 19.94 19.94 19.94 19.94 19.95 19.95 19.95 19.95 19.95 19.95 19.95 19.94 19.95 19.94 19.94 19.93 19.92 19.93 19.92 19.91 19.90 19.89 19.87 19.86 19.85 19.83 19.82 19.80 19.79 19.77 19.75 19.73 19.71 19.69 19.66 19.64 19.61 19.58 19.55 19.52 19.49 19.46 19.42 19.38 19.35 19.30 19.27 19.22 19.19 19.14 19.10 19.05 19.00 18.95 18.91 18.85 18.80 18.75 18.69 18.64 18.58
18.77 18.94 19.13 19.32 19.51 19.66 19.77 19.80 19.81 19.82 19.83 19.83 19.84 19.84 19.85 19.85 19.85 19.86 19.86 19.86 19.86 19.87 19.87 19.87 19.87 19.88 19.87 19.87 19.86 19.86 19.85 19.86 19.85 19.84 19.84 19.83 19.82 19.81 19.80 19.79 19.77 19.76 19.75 19.73 19.72 19.70 19.68 19.67 19.65 19.63 19.61 19.57 19.55 19.53 19.50 19.47 19.44 19.41 19.37 19.34 19.30 19.27 19.23 19.20 19.15 19.11 19.07 19.02 18.98 18.94 18.89 18.84 18.79 18.74 18.69 18.64 18.59
18.45 18.62 18.80 18.98 19.16 19.34 19.52 19.66 19.71 19.74 19.75 19.75 19.76 19.76 19.77 19.77 19.77 19.78 19.79 19.79 19.79 19.79 19.79 19.79 19.79 19.79 19.79 19.78 19.79 19.79 19.78 19.78 19.77 19.76 19.76 19.75 19.74 19.73 19.72 19.71 19.70 19.69 19.68 19.66 19.65 19.63 19.62 19.60 19.58 19.55 19.53 19.51 19.49 19.46 19.44 19.41 19.39 19.35 19.33 19.29 19.26 19.22 19.19 19.15 19.11 19.08 19.04 18.99 18.96 18.91 18.87 18.82 18.78 18.73 18.68 18.63 18.59
18.14 18.30 18.47 18.64 18.81 19.00 19.17 19.35 19.50 19.61 19.66 19.68 19.68 19.68 19.69 19.70 19.70 19.70 19.70 19.70 19.71 19.71 19.71 19.71 19.71 19.70 19.71 19.71 19.71 19.70 19.70 19.69 19.69 19.68 19.68 19.67 19.66 19.66 19.64 19.64 19.62 19.61 19.60 19.59 19.58 19.56 19.55 19.53 19.51 19.49 19.47 19.45 19.42 19.40 19.38 19.35 19.33 19.31 19.27 19.25 19.21 19.18 19.15 19.11 19.08 19.04 19.00 18.97 18.93 18.89 18.84 18.80 18.76 18.71 18.67 18.62 18.58
17.85 18.01 18.16 18.32 18.48 18.66 18.83 19.00 19.17 19.33 19.49 19.56 19.60 19.60 19.61 19.61 19.62 19.62 19.62 19.62 19.62 19.62 19.63 19.63 19.63 19.63 19.63 19.63 19.62 19.62 19.62 19.62 19.62 19.61 19.61 19.60 19.59 19.58 19.58 19.57 19.55 19.54 19.53 19.52 19.50 19.49 19.48 19.45 19.44 19.42 19.41 19.39 19.36 19.35 19.33 19.30 19.28 19.24 19.22 19.19 19.16 19.13 19.11 19.07 19.03 19.00 18.97 18.93 18.89 18.85 18.82 18.78 18.74 18.70 18.66 18.62 18.57
17.57 17.71 17.86 18.01 18.17 18.33 18.49 18.65 18.82 18.98 19.16 19.32 19.45 19.50 19.52 19.53 19.54 19.54 19.54 19.55 19.55 19.55 19.55 19.55 19.55 19.55 19.55 19.55 19.55 19.55 19.54 19.54 19.53 19.53 19.52 19.52 19.51 19.51 19.50 19.49 19.48 19.46 19.45 19.44 19.43 19.42 19.41 19.39 19.37 19.36 19.34 19.32 19.30 19.28 19.26 19.24 19.21 19.19 19.16 19.14 19.11 19.08 19.05 19.02 18.99 18.96 18.92 18.89 18.86 18.82 18.79 18.75 18.71 18.67 18.63 18.59 18.55
17.30 17.43 17.57 17.73 17.87 18.02 18.17 18.33 18.48 18.64 18.81 18.97 19.13 19.28 19.39 19.43 19.45 19.46 19.47 19.47 19.47 19.47 19.47 19.47 19.47 19.47 19.47 19.47 19.46 19.46 19.46 19.45 19.45 19.45 19.44 19.44 19.43 19.43 19.42 19.41 19.40 19.40 19.39 19.37 19.36 19.35 19.34 19.31 19.30 19.29 19.27 19.25 19.24 19.21 19.20 19.17 19.15 19.12 19.10 19.08 19.06 19.03 19.00 18.97 18.94 18.92 18.88 18.85 18.82 18.78 18.75 18.71 18.68 18.64 18.60 18.57 18.53
17.03 17.16 17.31 17.44 17.58 17.72 17.87 18.01 18.16 18.32 18.47 18.62 18.78 18.94 19.09 19.23 19.33 19.36 19.38 19.39 19.39 19.39 19.39 19.39 19.39 19.39 19.39 19.39 19.39 19.39 19.38 19.38 19.38 19.37 19.37 19.37 19.36 19.35 19.34 19.33 19.33 19.32 19.31 19.29 19.28 19.27 19.26 19.24 19.23 19.22 19.20 19.18 19.17 19.15 19.13 19.11 19.09 19.06 19.05 19.02 18.99 18.97 18.94 18.91 18.89 18.86 18.83 18.80 18.78 18.75 18.71 18.68 18.65 18.61 18.58 18.54 18.51
16.79 16.92 17.04 17.17 17.30 17.44 17.57 17.71 17.86 18.00 18.15 18.29 18.44 18.59 18.74 18.89 19.04 19.17 19.26 19.29 19.30 19.31 19.31 19.31 19.32 19.32 19.31 19.30 19.30 19.30 19.30 19.30 19.29 19.29 19.29 19.28 19.28 19.27 19.26 19.25 19.25 19.24 19.23 19.23 19.21 19.20 19.19 19.17 19.16 19.15 19.13 19.12 19.10 19.08 19.07 19.04 19.02 19.00 18.98 18.96 18.94 18.92 18.89 18.86 18.83 18.82 18.79 18.76 18.73 18.70 18.66 18.63 18.60 18.57 18.54 18.50 18.47
16.55 16.67 16.79 16.91 17.03 17.16 17.29 17.42 17.56 17.70 17.83 17.97 18.11 18.25 18.40 18.54 18.69 18.84 18.98 19.10 19.18 19.21 19.23 19.23 19.23 19.23 19.23 19.23 19.23 19.23 19.22 19.22 19.22 19.22 19.20 19.20 19.20 19.19 19.19 19.18 19.17 19.16 19.16 19.15 19.13 19.12 19.11 19.10 19.09 19.08 19.06 19.05 19.02 19.01 18.99 18.98 18.95 18.94 18.92 18.90 18.88 18.85 18.84 18.81 18.78 18.76 18.74 18.71 18.68 18.65 18.62 18.59 18.56 18.53 18.50 18.47 18.44
16.32 16.43 16.54 16.66 16.79 16.90 17.03 17.15 17.28 17.41 17.54 17.67 17.80 17.93 18.07 18.21 18.35 18.49 18.63 18.77 18.91 19.03 19.11 19.14 19.15 19.15 19.15 19.15 19.15 19.14 19.14 19.14 19.14 19.13 19.13 19.13 19.11 19.11 19.11 19.10 19.10 19.08 19.08 19.07 19.05 19.05 19.04 19.02 19.01 19.00 18.98 18.97 18.95 18.94 18.92 18.91 18.89 18.88 18.85 18.83 18.82 18.79 18.77 18.75 18.73 18.70 18.68 18.65 18.62 18.59 18.58 18.55 18.52 18.49 18.45 18.43 18.40
16.09 16.21 16.32 16.43 16.54 16.65 16.77 16.89 17.01 17.13 17.25 17.37 17.50 17.63 17.76 17.89 18.02 18.15 18.29 18.42 18.56 18.70 18.83 18.94 19.03 19.05 19.06 19.07 19.07 19.07 19.06 19.06 19.06 19.05 19.05 19.04 19.04 19.04 19.04 19.02 19.02 19.01 19.00 18.99 18.99 18.97 18.96 18.95 18.94 18.93 18.91 18.90 18.88 18.87 18.85 18.84 18.82 18.81 18.79 18.77 18.75 18.73 18.71 18.68 18.67 18.65 18.62 18.60 18.57 18.54 18.52 18.49 18.47 18.44 18.41 18.38 18.36
15.89 15.99 16.09 16.20 16.30 16.41 16.52 16.63 16.75 16.86 16.98 17.09 17.21 17.33 17.46 17.58 17.70 17.83 17.96 18.09 18.22 18.35 18.48 18.60 18.73 18.84 18.94 18.97 18.98 18.99 18.99 18.98 18.98 18.98 18.97 18.97 18.96 18.96 18.95 18.95 18.94 18.93 18.93 18.91 18.91 18.90 18.88 18.88 18.86 18.85 18.84 18.83 18.81 18.80 18.78 18.77 18.75 18.74 18.72 18.70 18.68 18.67 18.65 18.62 18.60 18.59 18.56 18.54 18.52 18.49 18.47 18.44 18.42 18.39 18.37 18.34 18.31
15.68 15.78 15.88 15.98 16.08 16.18 16.28 16.39 16.50 16.60 16.71 16.83 16.94 17.05 17.17 17.29 17.40 17.52 17.65 17.77 17.89 18.00 18.13 18.25 18.38 18.51 18.63 18.74 18.83 18.87 18.89 18.90 18.90 18.90 18.89 18.89 18.88 18.88 18.87 18.87 18.86 18.85 18.85 18.84 18.83 18.82 18.81 18.80 18.79 18.78 18.77 18.75 18.74 18.73 18.71 18.70 18.68 18.67 18.65 18.63 18.61 18.60 18.58 18.56 18.54 18.52 18.49 18.48 18.46 18.44 18.41 18.39 18.36 18.34 18.32 18.29 18.26
15.49 15.59 15.67 15.77 15.86 15.96 16.05 16.15 16.26 16.36 16.46 16.57 16.68 16.78 16.89 17.01 17.12 17.23 17.35 17.45 17.57 17.68 17.80 17.92 18.04 18.16 18.27 18.39 18.51 18.62 18.72 18.78 18.80 18.81 18.81 18.81 18.80 18.80 18.80 18.78 18.78 18.78 18.76 18.76 18.76 18.74 18.74 18.72 18.72 18.70 18.69 18.68 18.67 18.65 18.64 18.63 18.61 18.59 18.58 18.56 18.54 18.53 18.51 18.49 18.47 18.45 18.43 18.41 18.40 18.38 18.35 18.33 18.31 18.29 18.25 18.23 18.21
15.30 15.39 15.48 15.57 15.66 15.75 15.84 15.93 16.04 16.12 16.22 16.32 16.42 16.53 16.63 16.74 16.84 16.95 17.05 17.16 17.27 17.38 17.49 17.60 17.72 17.83 17.94 18.05 18.17 18.28 18.39 18.50 18.60 18.68 18.70 18.72 18.72 18.71 18.71 18.71 18.70 18.70 18.69 18.68 18.67 18.66 18.66 18.64 18.64 18.62 18.62 18.60 18.59 18.58 18.57 18.55 18.54 18.53 18.51 18.49 18.47 18.47 18.45 18.43 18.41 18.39 18.37 18.35 18.33 18.32 18.29 18.26 18.24 18.22 18.20 18.18 18.15
15.12 15.20 15.29 15.37 15.46 15.55 15.63 15.72 15.82 15.91 15.99 16.09 16.18 16.28 16.38 16.48 16.58 16.68 16.79 16.88 16.98 17.09 17.19 17.30 17.40 17.51 17.62 17.72 17.83 17.93 18.04 18.15 18.26 18.36 18.46 18.55 18.60 18.62 18.63 18.63 18.62 18.61 18.61 18.61 18.59 18.59 18.58 18.57 18.56 18.55 18.54 18.53 18.52 18.50 18.50 18.48 18.46 18.46 18.44 18.42 18.40 18.40 18.38 18.36 18.34 18.32 18.30 18.28 18.26 18.24 18.22 18.20 18.18 18.16 18.14 18.12 18.10
14.95 15.03 15.11 15.18 15.26 15.35 15.43 15.52 15.60 15.69 15.78 15.87 15.95 16.05 16.14 16.23 16.33 16.43 16.51 16.61 16.71 16.81 16.91 17.00 17.10 17.21 17.31 17.41 17.51 17.61 17.71 17.82 17.91 18.02 18.12 18.22 18.31 18.40 18.47 18.52 18.52 18.53 18.54 18.52 18.52 18.51 18.50 18.49 18.49 18.47 18.46 18.45 18.44 18.43 18.42 18.40 18.39 18.38 18.36 18.35 18.33 18.32 18.31 18.29 18.27 18.25 18.23 18.21 18.20 18.18 18.16 18.14 18.12 18.10 18.08 18.06 18.04
14.78 14.86 14.93 15.01 15.09 15.16 15.24 15.32 15.40 15.49 15.57 15.66 15.73 15.82 15.91 16.00 16.09 16.18 16.26 16.36 16.45 16.54 16.64 16.73 16.82 16.92 17.02 17.10 17.20 17.30 17.40 17.49 17.59 17.69 17.78 17.88 17.98 18.06 18.16 18.24 18.32 18.39 18.42 18.42 18.43 18.42 18.42 18.42 18.41 18.39 18.39 18.37 18.36 18.36 18.34 18.34 18.32 18.30 18.29 18.27 18.27 18.25 18.23 18.22 18.20 18.18 18.16 18.15 18.14 18.11 18.09 18.07 18.05 18.04 18.02 18.00 17.98
