datasets/raw/temp/2019110420191104.grid
ncols 886
nrows 691
xllcenter 112.0000
yllcenter -44.5000
cellsize 0.0500
nodata_value 99999.90
[rows 544 to 577 of 691, columns 77 to 153 of 886]
17.28 17.32 17.36 17.40 17.44 17.48 17.51 17.55 17.58 17.61 17.65 17.68 17.71 17.74 17.77 17.80 17.83 17.85 17.88 17.91 17.94 17.97 17.99 18.01 18.04 18.06 18.09 18.11 18.13 18.15 18.18 18.20 18.22 18.24 18.26 18.29 18.31 18.33 18.35 18.38 18.40 18.42 18.45 18.46 18.49 18.52 18.53 18.56 18.58 18.61 18.62 18.65 18.67 18.70 18.72 18.74 18.77 18.79 18.81 18.83 18.85 18.88 18.89 18.92 18.93 18.95 18.96 18.98 18.99 19.00 19.02 19.03 19.04 19.05 19.06 19.08 19.08
17.21 17.25 17.29 17.33 17.37 17.40 17.43 17.47 17.51 17.54 17.57 17.60 17.64 17.66 17.70 17.73 17.75 17.78 17.81 17.84 17.86 17.89 17.91 17.93 17.96 17.99 18.01 18.04 18.06 18.08 18.10 18.12 18.15 18.17 18.19 18.22 18.24 18.26 18.28 18.30 18.32 18.35 18.37 18.39 18.41 18.44 18.46 18.48 18.51 18.53 18.55 18.58 18.60 18.62 18.65 18.67 18.69 18.71 18.73 18.75 18.77 18.79 18.81 18.82 18.84 18.86 18.87 18.89 18.90 18.92 18.93 18.95 18.95 18.97 18.97 18.99 18.99
17.15 17.19 17.23 17.25 17.29 17.33 17.37 17.40 17.43 17.47 17.50 17.53 17.56 17.59 17.62 17.65 17.68 17.71 17.73 17.76 17.79 17.82 17.84 17.86 17.89 17.91 17.93 17.95 17.99 18.01 18.03 18.05 18.07 18.09 18.11 18.14 18.16 18.18 18.20 18.23 18.25 18.28 18.29 18.32 18.34 18.36 18.39 18.40 18.43 18.45 18.48 18.50 18.52 18.54 18.57 18.59 18.61 18.62 18.65 18.67 18.68 18.70 18.72 18.73 18.76 18.77 18.79 18.80 18.82 18.83 18.85 18.86 18.87 18.88 18.90 18.90 18.92
17.07 17.11 17.15 17.19 17.23 17.26 17.29 17.33 17.36 17.39 17.42 17.46 17.49 17.52 17.54 17.58 17.61 17.63 17.65 17.69 17.71 17.74 17.76 17.79 17.82 17.84 17.86 17.88 17.90 17.93 17.96 17.98 18.00 18.02 18.04 18.07 18.09 18.11 18.14 18.15 18.17 18.20 18.22 18.24 18.26 18.29 18.31 18.33 18.35 18.37 18.40 18.42 18.44 18.46 18.48 18.50 18.52 18.54 18.56 18.58 18.60 18.61 18.64 18.65 18.67 18.69 18.70 18.72 18.73 18.75 18.76 18.78 18.78 18.80 18.81 18.82 18.83
17.01 17.05 17.08 17.12 17.15 17.19 17.23 17.26 17.29 17.32 17.35 17.39 17.42 17.44 17.48 17.50 17.54 17.56 17.59 17.61 17.64 17.67 17.69 17.71 17.73 17.77 17.79 17.81 17.83 17.85 17.88 17.90 17.92 17.94 17.96 17.99 18.01 18.03 18.06 18.08 18.11 18.12 18.14 18.17 18.19 18.21 18.23 18.26 18.27 18.29 18.32 18.34 18.36 18.38 18.40 18.41 18.43 18.45 18.48 18.49 18.51 18.53 18.55 18.57 18.58 18.60 18.61 18.64 18.65 18.67 18.68 18.69 18.71 18.71 18.73 18.73 18.74
16.94 16.97 17.01 17.05 17.09 17.12 17.15 17.19 17.22 17.25 17.28 17.31 17.34 17.37 17.40 17.43 17.46 17.48 17.52 17.54 17.56 17.60 17.62 17.64 17.66 17.69 17.72 17.74 17.76 17.78 17.80 17.83 17.85 17.87 17.89 17.92 17.94 17.96 17.98 18.00 18.03 18.05 18.07 18.09 18.11 18.14 18.15 18.17 18.20 18.22 18.23 18.25 18.27 18.29 18.31 18.33 18.35 18.37 18.39 18.41 18.43 18.45 18.47 18.48 18.50 18.52 18.53 18.55 18.57 18.58 18.60 18.61 18.62 18.63 18.63 18.64 18.63
16.87 16.91 16.93 16.97 17.01 17.05 17.08 17.11 17.15 17.18 17.21 17.24 17.27 17.30 17.33 17.35 17.39 17.41 17.44 17.47 17.49 17.51 17.55 17.57 17.59 17.61 17.64 17.67 17.69 17.71 17.74 17.76 17.78 17.80 17.82 17.84 17.86 17.89 17.90 17.92 17.95 17.96 17.99 18.01 18.03 18.05 18.07 18.09 18.11 18.13 18.15 18.17 18.18 18.20 18.23 18.24 18.27 18.29 18.31 18.33 18.34 18.36 18.39 18.40 18.42 18.44 18.45 18.46 18.49 18.50 18.51 18.51 18.52 18.53 18.53 18.52 18.53
16.79 16.83 16.86 16.90 16.94 16.96 17.00 17.04 17.07 17.10 17.13 17.16 17.20 17.22 17.25 17.28 17.30 17.34 17.36 17.39 17.42 17.44 17.46 17.49 17.51 17.53 17.57 17.59 17.61 17.63 17.66 17.68 17.69 17.71 17.74 17.76 17.79 17.80 17.82 17.85 17.86 17.89 17.90 17.93 17.95 17.96 17.99 18.01 18.02 18.05 18.07 18.09 18.11 18.13 18.15 18.17 18.19 18.21 18.23 18.24 18.26 18.29 18.30 18.32 18.33 18.36 18.37 18.37 18.39 18.39 18.40 18.41 18.41 18.41 18.42 18.42 18.43
16.72 16.76 16.80 16.83 16.86 16.89 16.93 16.95 16.99 17.03 17.05 17.09 17.11 17.14 17.17 17.20 17.23 17.26 17.28 17.30 17.34 17.36 17.38 17.41 17.43 17.45 17.48 17.50 17.52 17.54 17.57 17.59 17.61 17.64 17.66 17.67 17.70 17.72 17.74 17.76 17.79 17.80 17.83 17.84 17.87 17.89 17.90 17.93 17.95 17.96 17.98 18.00 18.03 18.05 18.07 18.09 18.11 18.13 18.14 18.16 18.19 18.20 18.22 18.23 18.24 18.26 18.26 18.27 18.28 18.29 18.29 18.30 18.31 18.31 18.32 18.32 18.33
16.66 16.69 16.73 16.75 16.79 16.82 16.86 16.88 16.92 16.95 16.98 17.01 17.04 17.07 17.09 17.13 17.15 17.17 17.20 17.23 17.26 17.28 17.30 17.33 17.35 17.37 17.39 17.42 17.44 17.46 17.49 17.51 17.53 17.56 17.57 17.60 17.62 17.64 17.66 17.68 17.70 17.72 17.74 17.77 17.78 17.81 17.83 17.84 17.87 17.89 17.91 17.92 17.94 17.96 17.99 18.00 18.02 18.04 18.06 18.09 18.10 18.11 18.12 18.13 18.14 18.15 18.16 18.16 18.18 18.18 18.19 18.20 18.21 18.21 18.21 18.23 18.23
16.59 16.61 16.65 16.68 16.72 16.75 16.78 16.81 16.85 16.87 16.90 16.93 16.96 16.99 17.02 17.05 17.07 17.10 17.13 17.15 17.18 17.20 17.22 17.25 17.27 17.29 17.32 17.34 17.36 17.39 17.41 17.43 17.46 17.48 17.49 17.52 17.54 17.56 17.58 17.61 17.62 17.65 17.66 17.69 17.71 17.72 17.75 17.77 17.78 17.81 17.83 17.85 17.87 17.89 17.91 17.93 17.94 17.96 17.97 17.98 17.99 18.00 18.01 18.02 18.04 18.04 18.05 18.06 18.07 18.08 18.09 18.09 18.11 18.11 18.12 18.13 18.14
16.51 16.55 16.58 16.61 16.65 16.68 16.71 16.74 16.78 16.80 16.83 16.86 16.89 16.92 16.94 16.98 17.00 17.02 17.05 17.07 17.10 17.12 17.15 17.18 17.20 17.22 17.25 17.26 17.29 17.31 17.33 17.36 17.38 17.40 17.42 17.44 17.47 17.48 17.51 17.53 17.55 17.57 17.59 17.61 17.63 17.65 17.67 17.69 17.71 17.73 17.74 17.76 17.78 17.79 17.81 17.82 17.84 17.85 17.86 17.87 17.88 17.89 17.91 17.92 17.93 17.94 17.95 17.96 17.97 17.98 17.99 17.99 18.01 18.02 18.02 18.04 18.04
16.45 16.48 16.51 16.55 16.58 16.61 16.64 16.67 16.70 16.73 16.76 16.78 16.82 16.84 16.87 16.89 16.92 16.95 16.98 17.00 17.03 17.05 17.07 17.10 17.12 17.15 17.17 17.19 17.22 17.23 17.25 17.28 17.30 17.33 17.34 17.36 17.39 17.41 17.43 17.45 17.47 17.49 17.51 17.53 17.55 17.57 17.59 17.61 17.61 17.63 17.65 17.67 17.68 17.70 17.70 17.71 17.73 17.74 17.75 17.77 17.79 17.80 17.81 17.82 17.83 17.84 17.85 17.87 17.88 17.88 17.89 17.91 17.92 17.92 17.93 17.94 17.95
16.39 16.41 16.44 16.48 16.51 16.54 16.57 16.60 16.63 16.66 16.69 16.71 16.74 16.76 16.80 16.83 16.85 16.88 16.90 16.92 16.95 16.97 17.00 17.02 17.04 17.07 17.09 17.12 17.14 17.16 17.18 17.20 17.23 17.25 17.26 17.29 17.31 17.33 17.34 17.37 17.39 17.40 17.42 17.43 17.45 17.47 17.48 17.50 17.52 17.54 17.54 17.56 17.58 17.59 17.61 17.62 17.63 17.65 17.66 17.67 17.68 17.70 17.71 17.72 17.73 17.74 17.76 17.77 17.78 17.79 17.80 17.81 17.82 17.83 17.84 17.85 17.86
16.32 16.34 16.37 16.41 16.44 16.46 16.49 16.52 16.56 16.58 16.61 16.64 16.66 16.70 16.72 16.75 16.77 16.80 16.82 16.84 16.87 16.89 16.92 16.94 16.97 16.99 17.01 17.03 17.05 17.08 17.10 17.11 17.14 17.15 17.18 17.19 17.22 17.23 17.25 17.27 17.29 17.30 17.32 17.34 17.35 17.37 17.39 17.41 17.41 17.43 17.45 17.47 17.48 17.49 17.50 17.52 17.53 17.55 17.56 17.57 17.59 17.60 17.61 17.62 17.64 17.65 17.66 17.68 17.69 17.70 17.70 17.72 17.73 17.74 17.75 17.76 17.78
16.25 16.27 16.30 16.33 16.37 16.40 16.42 16.45 16.48 16.50 16.53 16.56 16.58 16.61 16.64 16.67 16.69 16.72 16.74 16.77 16.78 16.81 16.83 16.86 16.88 16.90 16.92 16.94 16.97 16.98 17.01 17.03 17.04 17.07 17.08 17.10 17.12 17.14 17.15 17.17 17.19 17.21 17.23 17.24 17.26 17.28 17.29 17.31 17.32 17.34 17.35 17.37 17.38 17.40 17.41 17.43 17.44 17.46 17.47 17.49 17.50 17.51 17.52 17.54 17.55 17.56 17.57 17.58 17.59 17.61 17.62 17.63 17.64 17.65 17.66 17.67 17.69
16.18 16.21 16.23 16.26 16.29 16.32 16.34 16.37 16.40 16.43 16.45 16.48 16.50 16.53 16.55 16.58 16.61 16.63 16.65 16.68 16.70 16.73 16.74 16.77 16.79 16.82 16.83 16.86 16.87 16.89 16.92 16.93 16.96 16.97 16.99 17.01 17.03 17.04 17.06 17.08 17.10 17.12 17.13 17.15 17.16 17.18 17.20 17.22 17.22 17.24 17.26 17.28 17.29 17.30 17.32 17.33 17.35 17.36 17.38 17.39 17.40 17.42 17.43 17.44 17.46 17.47 17.48 17.50 17.51 17.52 17.53 17.55 17.56 17.57 17.58 17.60 17.60
16.12 16.15 16.17 16.19 16.22 16.25 16.28 16.30 16.33 16.36 16.38 16.41 16.43 16.45 16.48 16.50 16.53 16.55 16.58 16.59 16.62 16.64 16.67 16.68 16.71 16.73 16.74 16.77 16.78 16.81 16.82 16.85 16.86 16.89 16.90 16.92 16.93 16.96 16.97 16.99 17.01 17.02 17.04 17.05 17.07 17.09 17.10 17.12 17.14 17.16 17.17 17.18 17.20 17.21 17.23 17.25 17.26 17.28 17.29 17.30 17.32 17.32 17.35 17.36 17.37 17.39 17.40 17.41 17.42 17.44 17.45 17.46 17.47 17.49 17.50 17.51 17.52
16.05 16.08 16.10 16.13 16.16 16.18 16.21 16.24 16.25 16.28 16.31 16.33 16.36 16.37 16.40 16.42 16.45 16.47 16.49 16.52 16.54 16.56 16.58 16.61 16.62 16.64 16.66 16.68 16.70 16.72 16.74 16.76 16.78 16.79 16.82 16.83 16.85 16.86 16.89 16.90 16.92 16.94 16.95 16.97 16.99 17.00 17.02 17.04 17.05 17.06 17.08 17.10 17.11 17.12 17.14 17.15 17.17 17.19 17.20 17.22 17.23 17.24 17.26 17.27 17.29 17.30 17.31 17.32 17.34 17.35 17.36 17.38 17.39 17.41 17.42 17.43 17.44
15.98 16.01 16.03 16.06 16.09 16.11 16.13 16.16 16.19 16.21 16.23 16.25 16.28 16.31 16.32 16.35 16.37 16.39 16.41 16.44 16.45 16.48 16.50 16.52 16.55 16.56 16.58 16.60 16.61 16.64 16.65 16.68 16.69 16.71 16.73 16.75 16.76 16.78 16.80 16.82 16.84 16.85 16.87 16.89 16.90 16.92 16.94 16.94 16.96 16.98 17.00 17.01 17.02 17.04 17.06 17.07 17.09 17.11 17.12 17.14 17.14 17.17 17.17 17.18 17.20 17.22 17.23 17.25 17.26 17.27 17.29 17.30 17.31 17.32 17.33 17.34 17.36
15.92 15.95 15.96 15.99 16.02 16.04 16.07 16.09 16.12 16.14 16.16 16.19 16.20 16.23 16.25 16.27 16.30 16.31 16.34 16.35 16.38 16.40 16.42 16.45 16.46 16.48 16.50 16.51 16.54 16.55 16.58 16.59 16.61 16.63 16.65 16.67 16.68 16.70 16.71 16.74 16.75 16.77 16.79 16.80 16.82 16.84 16.85 16.86 16.88 16.89 16.91 16.93 16.94 16.96 16.98 16.99 17.00 17.02 17.03 17.05 17.06 17.08 17.09 17.11 17.12 17.14 17.15 17.16 17.18 17.19 17.20 17.21 17.23 17.24 17.26 17.27 17.28
15.85 15.88 15.91 15.93 15.96 15.97 16.00 16.03 16.04 16.07 16.09 16.11 16.14 16.16 16.18 16.20 16.22 16.24 16.26 16.28 16.30 16.32 16.34 16.36 16.39 16.40 16.42 16.44 16.45 16.48 16.50 16.51 16.54 16.55 16.57 16.58 16.60 16.62 16.64 16.65 16.67 16.69 16.70 16.72 16.74 16.75 16.77 16.79 16.80 16.81 16.83 16.85 16.87 16.87 16.89 16.91 16.92 16.94 16.96 16.97 16.99 17.00 17.02 17.02 17.05 17.05 17.06 17.09 17.10 17.12 17.13 17.14 17.15 17.17 17.18 17.19 17.20
15.80 15.82 15.84 15.86 15.89 15.91 15.93 15.95 15.98 15.99 16.02 16.05 16.06 16.09 16.11 16.13 16.15 16.17 16.19 16.21 16.23 16.25 16.27 16.29 16.31 16.33 16.34 16.37 16.38 16.40 16.42 16.44 16.45 16.47 16.49 16.51 16.52 16.54 16.55 16.57 16.59 16.60 16.62 16.64 16.65 16.67 16.69 16.70 16.72 16.74 16.75 16.76 16.78 16.80 16.81 16.83 16.85 16.86 16.87 16.89 16.90 16.92 16.93 16.95 16.96 16.98 16.99 17.01 17.02 17.03 17.05 17.06 17.07 17.09 17.10 17.11 17.12
15.73 15.75 15.78 15.80 15.82 15.84 15.87 15.88 15.91 15.93 15.96 15.97 16.00 16.01 16.04 16.06 16.07 16.10 16.11 16.14 16.15 16.18 16.20 16.21 16.24 16.25 16.27 16.29 16.31 16.32 16.34 16.36 16.38 16.39 16.41 16.42 16.45 16.47 16.48 16.50 16.51 16.53 16.55 16.56 16.58 16.60 16.61 16.62 16.64 16.66 16.67 16.69 16.71 16.72 16.74 16.76 16.76 16.78 16.80 16.81 16.83 16.84 16.86 16.88 16.89 16.91 16.92 16.93 16.95 16.96 16.98 16.99 17.00 17.02 17.03 17.04 17.05
15.67 15.69 15.71 15.73 15.76 15.78 15.80 15.82 15.84 15.86 15.88 15.91 15.92 15.95 15.97 15.98 16.01 16.02 16.05 16.07 16.08 16.11 16.12 16.14 16.16 16.18 16.19 16.22 16.23 16.25 16.26 16.29 16.30 16.32 16.34 16.35 16.37 16.38 16.40 16.42 16.43 16.46 16.48 16.48 16.50 16.51 16.53 16.55 16.57 16.58 16.60 16.61 16.63 16.64 16.66 16.67 16.69 16.71 16.72 16.74 16.75 16.76 16.78 16.79 16.81 16.82 16.84 16.85 16.87 16.88 16.90 16.91 16.92 16.94 16.95 16.96 16.98
15.60 15.62 15.65 15.67 15.69 15.71 15.73 15.76 15.77 15.80 15.82 15.83 15.86 15.88 15.90 15.92 15.93 15.96 15.98 15.99 16.02 16.03 16.05 16.07 16.09 16.10 16.12 16.14 16.16 16.18 16.19 16.21 16.23 16.25 16.26 16.28 16.30 16.31 16.33 16.34 16.36 16.38 16.39 16.41 16.43 16.44 16.46 16.48 16.49 16.51 16.52 16.54 16.55 16.57 16.59 16.60 16.62 16.64 16.64 16.66 16.68 16.69 16.71 16.72 16.74 16.75 16.77 16.78 16.80 16.81 16.83 16.84 16.85 16.87 16.88 16.90 16.91
15.54 15.57 15.58 15.60 15.63 15.65 15.66 15.69 15.71 15.73 15.75 15.77 15.80 15.81 15.83 15.85 15.87 15.89 15.90 15.93 15.94 15.96 15.99 16.00 16.02 16.03 16.06 16.07 16.09 16.10 16.12 16.14 16.16 16.18 16.19 16.21 16.22 16.24 16.25 16.27 16.29 16.30 16.32 16.34 16.35 16.37 16.39 16.41 16.42 16.43 16.45 16.46 16.48 16.50 16.51 16.53 16.55 16.56 16.57 16.59 16.61 16.62 16.64 16.65 16.67 16.67 16.69 16.70 16.72 16.73 16.75 16.76 16.78 16.79 16.80 16.82 16.83
15.47 15.50 15.52 15.54 15.57 15.58 15.60 15.63 15.64 15.66 15.69 15.71 15.72 15.75 15.76 15.78 15.80 15.82 15.84 15.86 15.88 15.90 15.91 15.93 15.95 15.97 15.98 16.00 16.01 16.03 16.06 16.07 16.09 16.10 16.12 16.14 16.15 16.17 16.18 16.20 16.22 16.23 16.25 16.26 16.28 16.30 16.32 16.33 16.35 16.36 16.38 16.39 16.41 16.43 16.44 16.45 16.47 16.49 16.50 16.52 16.54 16.55 16.56 16.57 16.59 16.61 16.62 16.64 16.65 16.67 16.68 16.69 16.71 16.72 16.74 16.75 16.76
15.42 15.44 15.46 15.49 15.50 15.52 15.54 15.57 15.58 15.60 15.63 15.64 15.66 15.68 15.70 15.72 15.73 15.75 15.78 15.79 15.81 15.82 15.85 15.87 15.88 15.90 15.91 15.93 15.95 15.97 15.99 16.00 16.02 16.03 16.05 16.06 16.08 16.10 16.11 16.13 16.14 16.16 16.18 16.19 16.21 16.23 16.24 16.26 16.28 16.30 16.30 16.32 16.34 16.36 16.37 16.38 16.40 16.42 16.43 16.45 16.46 16.47 16.49 16.51 16.52 16.54 16.55 16.57 16.58 16.60 16.61 16.62 16.63 16.65 16.66 16.67 16.69
15.36 15.38 15.39 15.42 15.44 15.46 15.47 15.50 15.52 15.54 15.55 15.58 15.60 15.61 15.63 15.65 15.67 15.69 15.70 15.73 15.74 15.76 15.78 15.79 15.81 15.83 15.85 15.87 15.88 15.90 15.91 15.93 15.94 15.96 15.99 16.00 16.02 16.03 16.05 16.07 16.08 16.10 16.12 16.12 16.14 16.16 16.17 16.19 16.21 16.23 16.24 16.25 16.27 16.29 16.30 16.31 16.33 16.35 16.36 16.37 16.39 16.41 16.42 16.44 16.45 16.47 16.49 16.49 16.51 16.52 16.54 16.55 16.57 16.58 16.59 16.61 16.62
15.30 15.31 15.34 15.36 15.38 15.39 15.41 15.44 15.46 15.47 15.49 15.52 15.53 15.55 15.57 15.58 15.61 15.62 15.64 15.66 15.67 15.70 15.71 15.73 15.75 15.76 15.78 15.79 15.81 15.84 15.85 15.87 15.88 15.90 15.91 15.93 15.95 15.96 15.98 16.00 16.01 16.03 16.05 16.06 16.08 16.09 16.10 16.12 16.14 16.15 16.17 16.19 16.20 16.21 16.23 16.25 16.26 16.27 16.29 16.31 16.32 16.34 16.35 16.37 16.39 16.39 16.41 16.42 16.44 16.45 16.47 16.48 16.50 16.51 16.52 16.53 16.55
15.23 15.26 15.28 15.30 15.32 15.33 15.36 15.38 15.39 15.41 15.43 15.46 15.47 15.49 15.51 15.52 15.54 15.56 15.58 15.60 15.61 15.63 15.64 15.66 15.69 15.70 15.72 15.73 15.75 15.76 15.78 15.80 15.81 15.83 15.84 15.86 15.88 15.89 15.91 15.93 15.94 15.96 15.97 15.99 16.01 16.02 16.04 16.06 16.07 16.08 16.10 16.12 16.14 16.15 16.16 16.18 16.20 16.20 16.22 16.24 16.26 16.27 16.29 16.29 16.31 16.33 16.34 16.36 16.37 16.39 16.40 16.42 16.42 16.44 16.45 16.47 16.48
15.18 15.20 15.22 15.24 15.25 15.27 15.30 15.32 15.33 15.35 15.37 15.38 15.41 15.43 15.44 15.46 15.47 15.49 15.52 15.53 15.55 15.57 15.58 15.60 15.61 15.63 15.65 15.67 15.69 15.70 15.72 15.73 15.75 15.77 15.78 15.80 15.82 15.83 15.85 15.86 15.88 15.90 15.91 15.92 15.94 15.95 15.97 15.99 16.01 16.02 16.03 16.05 16.06 16.08 16.10 16.11 16.12 16.14 16.16 16.17 16.19 16.21 16.21 16.23 16.24 16.26 16.28 16.29 16.31 16.32 16.33 16.34 16.36 16.37 16.39 16.40 16.42
15.12 15.14 15.16 15.17 15.19 15.22 15.24 15.25 15.27 15.29 15.30 15.32 15.35 15.37 15.38 15.40 15.41 15.43 15.45 15.47 15.49 15.51 15.52 15.54 15.55 15.57 15.58 15.60 15.62 15.63 15.65 15.66 15.68 15.70 15.71 15.73 15.74 15.76 15.78 15.79 15.81 15.83 15.84 15.86 15.88 15.89 15.91 15.92 15.93 15.95 15.97 15.99 16.00 16.01 16.03 16.05 16.06 16.07 16.09 16.11 16.12 16.13 16.15 16.16 16.18 16.20 16.21 16.22 16.23 16.25 16.26 16.28 16.29 16.31 16.32 16.34 16.34
