datasets/raw/temp/2019121120191211.grid
ncols 886
nrows 691
xllcenter 112.0000
yllcenter -44.5000
cellsize 0.0500
nodata_value 99999.90
[rows 170 to 203 of 691, columns 462 to 538 of 886]
42.76 42.73 42.74 42.77 42.77 42.77 42.78 42.79 42.76 42.74 42.72 42.78 42.76 42.76 42.72 42.68 42.69 42.65 42.63 42.62 42.61 42.57 42.51 42.51 42.47 42.42 42.40 42.33 42.28 42.21 42.15 42.06 42.00 41.95 41.87 41.82 41.66 41.55 41.53 41.38 41.18 41.31 41.42 41.30 41.20 41.14 41.13 41.10 41.21 41.19 40.97 40.93 40.89 41.04 40.91 40.94 40.70 40.77 40.73 40.80 41.20 41.36 41.72 41.82 41.36 40.96 41.11 41.88 41.84 41.78 41.73 40.94 41.51 41.30 41.58 41.64 41.61
42.83 42.84 42.81 42.78 42.80 42.81 42.81 42.84 42.85 42.84 42.83 42.84 42.78 42.76 42.79 42.77 42.75 42.73 42.69 42.69 42.69 42.67 42.64 42.57 42.53 42.50 42.46 42.40 42.34 42.30 42.25 42.13 42.01 41.96 41.93 41.85 41.66 41.64 41.57 41.49 41.39 41.49 41.44 41.35 41.10 41.12 41.02 41.14 41.03 41.12 41.14 40.89 40.96 40.79 40.60 40.98 41.09 41.20 41.22 41.20 41.64 41.80 41.89 41.70 41.94 41.61 41.40 41.66 41.82 41.78 41.66 41.76 41.38 41.69 41.76 41.76 41.63
42.88 42.88 42.90 42.86 42.87 42.90 42.88 42.89 42.90 42.89 42.89 42.89 42.89 42.86 42.82 42.82 42.82 42.80 42.78 42.75 42.76 42.73 42.70 42.64 42.59 42.57 42.52 42.47 42.43 42.40 42.35 42.27 42.20 42.13 41.94 41.81 41.72 41.74 41.67 41.59 41.43 41.47 41.31 41.43 41.37 41.35 41.11 41.10 41.09 41.12 41.15 41.09 41.13 41.20 41.13 41.25 41.31 41.40 41.47 41.34 41.79 41.86 41.79 41.87 41.74 41.67 41.47 41.57 41.94 41.93 41.89 41.79 41.83 41.85 41.89 41.75 41.68
42.91 42.92 42.92 42.92 42.92 42.90 42.92 42.93 42.93 42.94 42.94 42.94 42.95 42.94 42.91 42.87 42.92 42.92 42.90 42.89 42.83 42.81 42.73 42.71 42.69 42.64 42.59 42.55 42.53 42.47 42.44 42.37 42.24 42.07 41.92 41.89 41.93 41.92 41.93 41.81 41.73 41.67 41.66 41.65 41.57 41.38 41.37 41.16 41.07 41.15 41.11 41.12 41.22 41.21 41.28 41.28 41.43 41.55 41.75 41.84 41.82 41.83 41.86 41.90 41.88 41.78 41.52 41.59 42.02 42.01 41.91 41.86 41.78 41.95 41.89 41.70 41.78
42.94 42.94 42.93 42.94 42.94 42.89 42.94 42.96 42.97 42.96 42.98 42.97 42.98 42.99 42.99 42.98 42.98 42.94 42.91 42.90 42.85 42.83 42.79 42.75 42.74 42.72 42.68 42.64 42.60 42.58 42.53 42.45 42.35 42.16 42.07 41.95 42.03 42.06 42.04 41.97 41.93 41.89 41.86 41.80 41.74 41.67 41.57 41.42 41.46 41.19 41.11 41.29 41.39 41.43 41.48 41.55 41.62 41.74 41.76 41.82 41.93 41.99 41.97 42.04 41.98 41.99 42.07 41.89 41.77 42.12 42.04 42.00 41.97 42.05 41.81 41.79 41.57
42.95 42.96 42.97 42.94 42.96 42.96 42.94 42.99 43.00 43.01 43.02 43.03 43.04 43.04 43.03 43.04 42.99 42.95 42.94 42.93 42.90 42.89 42.86 42.82 42.79 42.80 42.76 42.71 42.70 42.67 42.60 42.53 42.45 42.38 42.25 41.96 42.06 42.12 42.15 42.12 42.05 41.99 41.98 41.92 41.89 41.82 41.75 41.71 41.64 41.53 41.56 41.57 41.62 41.67 41.67 41.67 41.74 41.81 41.95 42.09 42.08 42.19 42.19 42.21 41.92 42.03 41.97 42.12 41.86 41.85 42.13 41.97 42.16 42.17 41.91 41.83 41.83
42.99 42.99 42.99 42.98 42.98 42.98 42.99 43.06 43.06 43.08 43.08 43.09 43.09 43.11 43.09 43.10 43.08 43.06 43.05 43.03 43.01 42.98 42.95 42.92 42.90 42.89 42.85 42.79 42.73 42.72 42.69 42.61 42.54 42.46 42.35 42.20 42.16 42.18 42.19 42.21 42.20 42.13 42.08 42.02 41.98 41.94 41.89 41.85 41.83 41.77 41.74 41.74 41.78 41.78 41.86 41.78 41.84 41.93 42.05 42.11 42.15 42.29 42.30 42.30 42.39 42.34 42.33 42.12 42.18 42.18 42.19 42.06 42.14 42.18 42.00 41.79 41.91
43.01 43.02 43.04 43.03 43.03 43.06 43.11 43.12 43.13 43.13 43.15 43.14 43.14 43.16 43.15 43.15 43.15 43.15 43.14 43.14 43.11 43.09 43.06 43.02 43.01 42.97 42.94 42.88 42.81 42.79 42.75 42.67 42.59 42.45 42.26 41.99 42.06 42.10 42.09 42.25 42.31 42.23 42.17 42.11 42.10 42.05 41.99 41.95 41.93 41.91 41.88 41.89 41.91 41.96 41.97 41.90 42.03 42.02 42.06 42.09 42.19 42.30 42.36 42.39 42.32 42.36 42.31 42.28 42.19 42.27 42.18 42.11 42.08 42.09 41.91 42.16 42.06
43.05 43.03 43.03 43.05 43.08 43.11 43.11 43.15 43.18 43.18 43.20 43.20 43.19 43.22 43.21 43.21 43.21 43.21 43.20 43.20 43.18 43.15 43.13 43.11 43.07 43.04 42.98 42.95 42.90 42.85 42.81 42.74 42.56 42.33 42.50 42.47 42.38 42.38 42.25 42.30 42.38 42.30 42.25 42.22 42.20 42.16 42.09 42.06 42.04 42.02 42.00 41.99 41.94 42.01 41.97 41.98 42.00 42.06 42.08 42.18 42.25 42.29 42.37 42.33 42.31 42.36 42.29 42.25 42.30 42.29 42.21 42.35 42.21 42.02 42.07 42.24 42.36
43.07 43.07 43.06 43.06 43.08 43.14 43.15 43.19 43.21 43.22 43.23 43.24 43.23 43.22 43.24 43.26 43.26 43.28 43.24 43.23 43.20 43.19 43.17 43.17 43.13 43.10 43.05 42.99 42.96 42.92 42.87 42.75 42.67 42.71 42.68 42.64 42.60 42.58 42.50 42.51 42.48 42.41 42.41 42.37 42.32 42.26 42.18 42.16 42.13 42.12 42.07 42.05 42.06 42.05 42.03 42.04 42.10 42.13 42.20 42.29 42.31 42.48 42.46 42.41 42.39 42.47 42.43 42.41 42.46 42.44 42.41 42.49 42.49 42.36 42.45 42.53 42.43
43.08 43.10 43.08 43.07 43.13 43.19 43.21 43.23 43.26 43.26 43.28 43.28 43.29 43.30 43.30 43.26 43.27 43.29 43.29 43.27 43.24 43.22 43.21 43.21 43.19 43.17 43.13 43.10 43.06 43.02 43.00 42.86 42.88 42.88 42.85 42.81 42.78 42.73 42.63 42.65 42.55 42.48 42.44 42.39 42.34 42.31 42.30 42.27 42.24 42.21 42.15 42.16 42.12 42.10 42.10 42.12 42.16 42.19 42.31 42.39 42.39 42.43 42.58 42.48 42.48 42.46 42.45 42.46 42.49 42.53 42.58 42.52 42.57 42.60 41.97 42.38 42.32
43.11 43.11 43.06 43.10 43.14 43.20 43.23 43.24 43.28 43.31 43.32 43.33 43.33 43.34 43.33 43.30 43.30 43.31 43.31 43.30 43.31 43.29 43.27 43.24 43.25 43.23 43.19 43.15 43.13 43.09 43.09 43.06 43.04 43.00 42.95 42.87 42.84 42.78 42.74 42.71 42.61 42.58 42.53 42.48 42.44 42.42 42.40 42.36 42.32 42.29 42.26 42.25 42.21 42.18 42.19 42.21 42.31 42.35 42.38 42.39 42.60 42.51 42.61 42.68 42.53 42.55 42.51 42.63 42.66 42.64 42.61 42.43 42.49 42.57 42.60 42.55 42.42
43.12 43.13 43.12 43.09 43.13 43.23 43.26 43.27 43.28 43.34 43.37 43.38 43.37 43.37 43.38 43.36 43.35 43.36 43.35 43.34 43.35 43.33 43.33 43.30 43.31 43.31 43.28 43.23 43.20 43.20 43.18 43.12 43.09 43.03 43.01 42.94 42.77 42.86 42.83 42.77 42.74 42.66 42.61 42.61 42.53 42.50 42.47 42.41 42.42 42.37 42.35 42.33 42.32 42.30 42.30 42.30 42.35 42.41 42.44 42.47 42.67 42.63 42.64 42.82 42.69 42.81 42.85 42.62 42.64 42.65 42.78 42.76 42.64 42.77 42.51 42.51 42.52
43.16 43.15 43.15 43.14 43.22 43.27 43.29 43.32 43.32 43.35 43.39 43.40 43.40 43.42 43.44 43.44 43.40 43.41 43.40 43.40 43.39 43.39 43.41 43.38 43.40 43.37 43.33 43.34 43.32 43.28 43.23 43.19 43.16 43.11 43.02 42.98 43.00 42.94 42.90 42.89 42.82 42.78 42.74 42.69 42.65 42.60 42.57 42.52 42.50 42.47 42.45 42.43 42.40 42.41 42.39 42.42 42.41 42.47 42.53 42.62 42.77 42.76 42.72 42.86 42.89 42.87 42.80 42.63 42.88 42.79 42.71 42.69 42.58 42.61 42.59 42.34 42.47
43.19 43.22 43.19 43.22 43.29 43.32 43.35 43.37 43.39 43.41 43.43 43.44 43.45 43.46 43.47 43.49 43.50 43.50 43.49 43.47 43.47 43.47 43.49 43.47 43.48 43.45 43.39 43.40 43.37 43.36 43.30 43.28 43.19 43.20 43.19 43.15 43.08 43.03 43.03 42.94 42.89 42.82 42.78 42.77 42.74 42.70 42.67 42.63 42.61 42.56 42.53 42.51 42.47 42.46 42.48 42.48 42.54 42.56 42.55 42.70 42.66 42.66 42.78 42.73 42.94 42.75 42.77 42.79 42.84 42.69 42.68 42.59 42.52 42.70 42.54 42.57 42.49
43.21 43.27 43.28 43.31 43.33 43.35 43.40 43.42 43.45 43.47 43.48 43.50 43.51 43.50 43.49 43.51 43.53 43.53 43.55 43.55 43.55 43.54 43.54 43.52 43.50 43.48 43.50 43.48 43.45 43.41 43.41 43.34 43.32 43.26 43.20 43.17 43.13 43.09 43.06 43.01 42.97 42.93 42.89 42.85 42.82 42.77 42.76 42.70 42.67 42.64 42.61 42.60 42.56 42.56 42.54 42.54 42.57 42.53 42.62 42.66 42.65 42.67 42.73 42.76 42.75 42.71 42.82 42.87 42.77 42.74 42.66 42.59 42.64 42.72 42.44 42.42 42.46
43.24 43.33 43.38 43.37 43.38 43.40 43.43 43.45 43.49 43.50 43.51 43.54 43.55 43.52 43.51 43.52 43.56 43.56 43.58 43.61 43.61 43.58 43.57 43.57 43.56 43.52 43.53 43.51 43.52 43.47 43.46 43.42 43.37 43.29 43.26 43.23 43.21 43.18 43.15 43.11 43.07 43.02 42.96 42.94 42.92 42.86 42.81 42.80 42.75 42.75 42.71 42.68 42.67 42.66 42.64 42.64 42.62 42.64 42.64 42.72 42.75 42.70 42.77 42.76 42.80 42.72 42.77 42.85 42.69 42.68 42.71 42.70 42.70 42.84 42.72 42.64 42.58
43.32 43.36 43.40 43.42 43.44 43.46 43.47 43.50 43.54 43.54 43.55 43.57 43.58 43.58 43.58 43.59 43.61 43.62 43.63 43.64 43.65 43.64 43.61 43.61 43.61 43.57 43.55 43.56 43.56 43.56 43.53 43.49 43.44 43.39 43.33 43.31 43.29 43.25 43.22 43.18 43.13 43.09 43.03 43.01 42.97 42.94 42.90 42.86 42.85 42.81 42.77 42.78 42.76 42.73 42.74 42.72 42.70 42.74 42.75 42.72 42.77 42.81 42.78 42.84 42.71 42.68 42.79 42.83 42.79 42.81 42.85 42.81 42.86 42.83 42.76 42.64 42.52
43.37 43.39 43.44 43.44 43.46 43.52 43.54 43.54 43.56 43.56 43.57 43.59 43.61 43.63 43.64 43.65 43.66 43.67 43.68 43.68 43.69 43.68 43.65 43.63 43.64 43.64 43.60 43.59 43.61 43.61 43.58 43.55 43.51 43.46 43.42 43.39 43.35 43.32 43.29 43.25 43.19 43.16 43.13 43.09 43.05 42.98 42.97 42.96 42.92 42.89 42.87 42.86 42.84 42.80 42.80 42.79 42.79 42.77 42.76 42.72 42.72 42.82 42.75 42.74 42.73 42.69 42.68 42.75 42.81 42.84 42.80 42.78 42.80 42.78 42.68 42.68 42.60
43.40 43.42 43.45 43.42 43.51 43.57 43.58 43.57 43.59 43.61 43.63 43.63 43.65 43.67 43.70 43.70 43.70 43.72 43.73 43.74 43.73 43.72 43.71 43.69 43.67 43.67 43.65 43.65 43.65 43.65 43.63 43.62 43.59 43.53 43.50 43.48 43.41 43.37 43.36 43.30 43.25 43.22 43.16 43.14 43.11 43.08 43.03 43.03 43.00 42.98 42.95 42.94 42.92 42.90 42.89 42.88 42.86 42.82 42.77 42.77 42.77 42.74 42.74 42.67 42.69 42.66 42.74 42.75 42.82 42.83 42.74 42.81 42.81 42.75 42.64 42.58 42.49
43.41 43.45 43.49 43.52 43.56 43.59 43.61 43.61 43.63 43.65 43.66 43.68 43.68 43.71 43.74 43.76 43.77 43.77 43.77 43.78 43.78 43.77 43.74 43.72 43.72 43.72 43.70 43.68 43.69 43.69 43.69 43.68 43.64 43.62 43.57 43.50 43.46 43.46 43.39 43.37 43.32 43.26 43.23 43.21 43.17 43.15 43.12 43.09 43.10 43.06 43.04 43.03 43.03 43.00 43.00 42.95 42.92 42.89 42.81 42.77 42.74 42.73 42.71 42.69 42.68 42.67 42.72 42.80 42.72 42.72 42.73 42.68 42.73 42.74 42.63 42.53 42.52
43.44 43.47 43.52 43.55 43.58 43.60 43.62 43.66 43.67 43.69 43.71 43.72 43.73 43.76 43.79 43.79 43.81 43.80 43.83 43.81 43.83 43.82 43.79 43.80 43.78 43.75 43.73 43.74 43.72 43.72 43.73 43.74 43.69 43.65 43.64 43.56 43.51 43.54 43.48 43.41 43.37 43.32 43.30 43.29 43.26 43.19 43.22 43.20 43.14 43.13 43.11 43.10 43.10 43.09 43.05 43.04 42.98 42.95 42.90 42.87 42.84 42.79 42.76 42.74 42.74 42.76 42.82 42.76 42.65 42.63 42.67 42.66 42.58 42.62 42.53 42.45 42.38
43.46 43.50 43.54 43.57 43.60 43.63 43.65 43.68 43.68 43.71 43.74 43.75 43.75 43.79 43.82 43.82 43.84 43.86 43.85 43.86 43.90 43.89 43.89 43.88 43.86 43.83 43.77 43.79 43.81 43.79 43.78 43.77 43.75 43.72 43.68 43.64 43.63 43.56 43.52 43.48 43.44 43.40 43.39 43.33 43.32 43.31 43.29 43.25 43.22 43.22 43.20 43.17 43.18 43.14 43.15 43.08 43.09 43.00 42.98 42.95 42.90 42.87 42.81 42.82 42.81 42.80 42.74 42.69 42.76 42.54 42.60 42.59 42.57 42.59 42.48 42.28 42.38
43.49 43.54 43.56 43.60 43.63 43.64 43.66 43.64 43.67 43.72 43.75 43.79 43.79 43.82 43.85 43.85 43.87 43.88 43.90 43.92 43.94 43.94 43.93 43.93 43.92 43.90 43.88 43.86 43.84 43.82 43.85 43.84 43.79 43.75 43.73 43.71 43.67 43.62 43.58 43.55 43.53 43.49 43.45 43.42 43.40 43.40 43.37 43.34 43.31 43.28 43.28 43.26 43.24 43.22 43.19 43.17 43.15 43.12 43.09 43.08 42.99 42.94 42.91 42.84 42.81 42.83 42.82 42.71 42.68 42.62 42.59 42.60 42.53 42.45 42.44 42.38 42.32
43.53 43.57 43.59 43.62 43.65 43.66 43.69 43.68 43.71 43.73 43.76 43.79 43.79 43.86 43.88 43.88 43.90 43.92 43.94 43.96 43.98 43.97 43.97 43.97 43.98 43.97 43.94 43.92 43.91 43.86 43.85 43.86 43.84 43.78 43.76 43.75 43.72 43.71 43.66 43.62 43.59 43.57 43.53 43.51 43.50 43.48 43.43 43.39 43.37 43.35 43.37 43.34 43.29 43.26 43.26 43.22 43.20 43.18 43.18 43.15 43.10 43.00 42.96 42.91 42.86 42.82 42.82 42.79 42.70 42.60 42.43 42.47 42.46 42.39 42.35 42.31 42.25
43.56 43.60 43.62 43.64 43.66 43.68 43.70 43.72 43.74 43.75 43.79 43.82 43.83 43.87 43.91 43.92 43.93 43.96 43.98 43.99 44.02 44.02 44.02 44.02 44.03 44.01 44.00 43.99 43.96 43.90 43.90 43.89 43.87 43.86 43.83 43.82 43.78 43.76 43.73 43.68 43.65 43.65 43.62 43.58 43.54 43.51 43.46 43.44 43.44 43.43 43.43 43.41 43.36 43.34 43.30 43.27 43.25 43.24 43.24 43.22 43.16 43.06 43.07 42.97 42.91 42.87 42.79 42.73 42.70 42.57 42.42 42.50 42.37 42.27 42.15 42.18 42.22
43.59 43.63 43.65 43.67 43.69 43.70 43.72 43.74 43.75 43.72 43.78 43.86 43.87 43.89 43.94 43.95 43.98 44.00 44.01 44.03 44.05 44.06 44.06 44.06 44.08 44.06 44.07 44.04 44.02 44.01 43.96 43.95 43.93 43.90 43.87 43.85 43.83 43.85 43.79 43.72 43.74 43.68 43.60 43.64 43.59 43.56 43.53 43.52 43.51 43.49 43.50 43.45 43.42 43.40 43.37 43.33 43.31 43.29 43.31 43.31 43.27 43.20 43.11 43.00 42.95 42.95 42.87 42.76 42.70 42.58 42.43 42.39 42.27 42.27 42.14 42.04 42.15
43.64 43.66 43.68 43.69 43.69 43.72 43.74 43.76 43.76 43.75 43.81 43.89 43.90 43.91 43.95 43.98 44.03 44.04 44.04 44.04 44.04 44.02 44.07 44.12 44.13 44.13 44.12 44.07 44.00 43.95 44.00 43.99 43.96 43.90 43.91 43.88 43.87 43.87 43.83 43.81 43.78 43.72 43.65 43.66 43.66 43.65 43.61 43.57 43.57 43.55 43.57 43.53 43.49 43.46 43.46 43.40 43.37 43.34 43.36 43.35 43.35 43.26 43.15 43.08 43.07 43.01 42.88 42.76 42.63 42.62 42.43 42.36 42.33 42.29 42.18 42.00 42.06
43.64 43.66 43.69 43.70 43.70 43.72 43.65 43.76 43.78 43.79 43.84 43.88 43.91 43.94 43.98 44.01 44.04 44.06 44.06 44.05 43.99 44.01 44.11 44.13 44.14 44.14 44.12 44.06 44.06 43.96 43.99 43.98 43.92 43.90 43.93 43.94 43.92 43.93 43.91 43.85 43.80 43.76 43.74 43.73 43.71 43.72 43.63 43.66 43.62 43.62 43.63 43.55 43.58 43.57 43.48 43.51 43.43 43.38 43.42 43.41 43.42 43.36 43.26 43.23 43.13 43.04 42.92 42.78 42.62 42.53 42.48 42.45 42.39 42.31 42.25 42.13 42.05
43.65 43.65 43.68 43.70 43.71 43.73 43.75 43.78 43.80 43.84 43.88 43.90 43.94 43.96 44.00 44.03 44.06 44.08 44.10 44.09 44.10 44.10 44.12 44.16 44.11 44.10 44.01 43.96 43.94 43.90 43.99 43.94 43.92 43.90 43.97 43.98 43.96 43.95 43.93 43.86 43.87 43.83 43.81 43.77 43.79 43.74 43.76 43.73 43.70 43.69 43.67 43.63 43.64 43.63 43.61 43.57 43.48 43.47 43.48 43.42 43.49 43.38 43.33 43.30 43.19 43.07 42.95 42.78 42.67 42.48 42.47 42.45 42.45 42.40 42.32 42.15 42.06
43.64 43.65 43.66 43.69 43.70 43.73 43.76 43.78 43.81 43.84 43.89 43.92 43.95 43.97 43.99 44.04 44.08 44.10 44.12 44.14 44.13 44.11 44.12 44.06 44.10 44.03 43.94 43.85 43.88 43.93 43.94 43.83 43.86 43.92 43.96 43.97 44.01 43.99 44.02 43.90 43.89 43.87 43.87 43.85 43.84 43.79 43.80 43.81 43.79 43.75 43.71 43.69 43.67 43.69 43.71 43.66 43.59 43.53 43.52 43.56 43.55 43.43 43.42 43.31 43.20 43.12 43.01 42.85 42.78 42.52 42.45 42.41 42.41 42.43 42.36 42.23 42.22
43.62 43.65 43.66 43.70 43.72 43.74 43.79 43.82 43.85 43.87 43.90 43.93 43.96 44.01 44.03 44.09 44.12 44.15 44.16 44.13 44.14 44.15 44.09 44.04 44.09 44.05 43.96 43.88 43.97 43.96 43.87 43.85 43.79 43.78 43.93 43.99 44.00 44.00 44.05 44.00 43.96 43.94 43.87 43.91 43.90 43.85 43.89 43.86 43.84 43.73 43.80 43.75 43.78 43.75 43.78 43.73 43.68 43.60 43.61 43.64 43.62 43.54 43.39 43.36 43.27 43.17 43.06 42.89 42.82 42.66 42.63 42.52 42.41 42.44 42.43 42.30 42.17
43.62 43.63 43.67 43.70 43.73 43.76 43.79 43.81 43.87 43.90 43.93 43.96 43.98 44.04 44.08 44.12 44.14 44.16 44.19 44.13 44.11 44.11 44.04 43.99 44.05 44.15 44.12 44.09 44.03 43.97 43.87 43.79 43.84 43.90 43.92 43.95 44.02 44.06 44.07 44.10 44.02 44.01 43.95 43.96 43.97 43.91 43.93 43.94 43.87 43.82 43.81 43.87 43.82 43.78 43.82 43.78 43.75 43.69 43.66 43.70 43.66 43.56 43.51 43.42 43.33 43.22 43.08 42.92 42.82 42.74 42.68 42.51 42.46 42.46 42.46 42.31 42.15
43.61 43.63 43.68 43.71 43.74 43.77 43.80 43.83 43.88 43.91 43.96 43.97 44.01 44.06 44.10 44.13 44.17 44.17 44.20 44.16 44.12 44.11 44.12 44.11 44.14 44.16 44.15 44.09 44.06 43.95 43.77 43.81 43.87 43.88 43.82 43.89 43.95 43.94 44.08 44.11 44.10 44.06 43.99 44.01 44.03 43.98 43.99 44.01 43.92 43.94 43.89 43.91 43.86 43.84 43.90 43.83 43.80 43.76 43.76 43.74 43.67 43.60 43.50 43.44 43.40 43.30 43.13 43.05 42.95 42.79 42.79 42.60 42.49 42.53 42.35 42.41 42.29
