datasets/raw/temp/2019122720191227.grid
ncols 886
nrows 691
xllcenter 112.0000
yllcenter -44.5000
cellsize 0.0500
nodata_value 99999.90
[rows 544 to 577 of 691, columns 385 to 461 of 886]
28.30 28.30 28.32 28.32 28.34 28.34 28.35 28.35 28.35 28.35 28.35 28.35 28.34 28.34 28.33 28.32 28.31 28.30 28.28 28.26 28.24 28.21 28.19 28.16 28.12 28.09 28.06 28.01 27.97 27.91 27.87 27.81 27.75 27.69 27.62 27.56 27.48 27.41 27.32 27.24 27.14 27.05 26.95 26.86 26.82 26.80 26.78 26.77 26.76 26.75 26.73 26.71 26.68 26.65 26.62 26.59 26.58 26.62 26.69 26.76 26.83 26.91 26.98 27.05 27.13 27.20 27.28 27.35 27.42 27.50 27.57 27.66 27.74 27.81 27.89 27.97 28.04
28.23 28.25 28.26 28.27 28.28 28.29 28.30 28.30 28.30 28.31 28.30 28.30 28.30 28.30 28.29 28.29 28.27 28.26 28.24 28.23 28.21 28.19 28.17 28.14 28.11 28.08 28.04 28.01 27.96 27.93 27.88 27.82 27.78 27.72 27.65 27.59 27.52 27.45 27.37 27.30 27.21 27.12 27.03 26.93 26.85 26.81 26.80 26.78 26.77 26.76 26.75 26.74 26.71 26.69 26.67 26.64 26.61 26.60 26.64 26.70 26.77 26.84 26.91 26.99 27.07 27.14 27.21 27.29 27.36 27.44 27.51 27.59 27.67 27.75 27.82 27.90 27.98
28.18 28.20 28.21 28.21 28.23 28.24 28.24 28.25 28.26 28.25 28.26 28.26 28.26 28.26 28.25 28.24 28.23 28.23 28.21 28.20 28.18 28.16 28.14 28.12 28.09 28.06 28.04 28.00 27.97 27.92 27.88 27.84 27.79 27.74 27.68 27.62 27.56 27.49 27.43 27.35 27.28 27.19 27.11 27.03 26.93 26.85 26.81 26.79 26.78 26.78 26.77 26.76 26.74 26.73 26.70 26.68 26.66 26.64 26.64 26.66 26.71 26.78 26.85 26.93 27.00 27.08 27.15 27.22 27.30 27.37 27.45 27.52 27.61 27.69 27.76 27.84 27.92
28.13 28.14 28.16 28.16 28.18 28.18 28.19 28.20 28.20 28.21 28.21 28.21 28.21 28.21 28.21 28.21 28.20 28.19 28.17 28.17 28.16 28.13 28.12 28.10 28.08 28.05 28.02 27.99 27.96 27.93 27.89 27.84 27.81 27.76 27.70 27.66 27.59 27.54 27.47 27.41 27.33 27.26 27.18 27.10 27.02 26.92 26.85 26.81 26.79 26.78 26.78 26.78 26.77 26.76 26.75 26.72 26.70 26.69 26.68 26.65 26.67 26.73 26.80 26.87 26.94 27.02 27.09 27.16 27.24 27.31 27.38 27.46 27.55 27.62 27.70 27.77 27.85
28.07 28.09 28.10 28.11 28.12 28.13 28.14 28.15 28.15 28.16 28.16 28.16 28.17 28.17 28.17 28.16 28.15 28.15 28.14 28.13 28.12 28.11 28.09 28.07 28.05 28.04 28.01 27.99 27.95 27.92 27.89 27.85 27.81 27.77 27.73 27.68 27.63 27.57 27.51 27.45 27.38 27.32 27.25 27.17 27.10 27.01 26.93 26.85 26.81 26.79 26.79 26.79 26.79 26.78 26.77 26.76 26.74 26.74 26.71 26.70 26.69 26.69 26.74 26.81 26.88 26.96 27.03 27.10 27.17 27.25 27.32 27.41 27.48 27.56 27.64 27.71 27.79
28.02 28.03 28.04 28.06 28.07 28.08 28.08 28.10 28.11 28.11 28.11 28.12 28.12 28.12 28.12 28.12 28.12 28.11 28.11 28.10 28.09 28.08 28.07 28.05 28.03 28.01 27.99 27.97 27.95 27.92 27.89 27.85 27.82 27.78 27.74 27.70 27.65 27.60 27.55 27.49 27.44 27.37 27.31 27.24 27.17 27.10 27.01 26.93 26.86 26.82 26.80 26.80 26.80 26.80 26.80 26.79 26.78 26.77 26.76 26.75 26.74 26.72 26.72 26.76 26.82 26.89 26.97 27.04 27.12 27.20 27.27 27.35 27.42 27.50 27.57 27.65 27.72
27.95 27.97 27.99 28.00 28.01 28.03 28.03 28.05 28.05 28.06 28.07 28.07 28.07 28.07 28.08 28.08 28.08 28.08 28.06 28.06 28.05 28.04 28.03 28.02 28.00 28.00 27.98 27.96 27.93 27.91 27.89 27.85 27.82 27.78 27.75 27.71 27.68 27.63 27.58 27.53 27.47 27.42 27.36 27.30 27.24 27.17 27.10 27.03 26.94 26.87 26.83 26.81 26.81 26.81 26.81 26.81 26.81 26.81 26.80 26.79 26.78 26.77 26.76 26.76 26.78 26.84 26.92 26.99 27.06 27.14 27.21 27.28 27.36 27.43 27.51 27.59 27.67
27.81 27.91 27.94 27.95 27.96 27.97 27.98 28.00 28.00 28.01 28.02 28.02 28.02 28.03 28.03 28.04 28.03 28.03 28.03 28.02 28.02 28.01 28.00 27.99 27.98 27.97 27.95 27.94 27.92 27.90 27.87 27.84 27.82 27.79 27.76 27.73 27.69 27.64 27.61 27.56 27.52 27.46 27.41 27.35 27.30 27.24 27.17 27.10 27.04 26.96 26.89 26.84 26.83 26.82 26.83 26.83 26.83 26.83 26.83 26.83 26.82 26.81 26.81 26.80 26.79 26.81 26.87 26.93 27.00 27.08 27.16 27.23 27.31 27.38 27.46 27.53 27.61
27.48 27.78 27.88 27.89 27.91 27.92 27.93 27.94 27.95 27.96 27.96 27.97 27.98 27.98 27.99 27.98 27.99 27.99 27.99 27.99 27.99 27.98 27.97 27.97 27.96 27.94 27.93 27.91 27.90 27.88 27.87 27.84 27.81 27.80 27.76 27.73 27.70 27.66 27.62 27.59 27.54 27.50 27.45 27.40 27.35 27.29 27.24 27.17 27.11 27.05 26.97 26.91 26.85 26.84 26.83 26.84 26.85 26.85 26.85 26.86 26.86 26.85 26.85 26.84 26.84 26.83 26.85 26.89 26.95 27.03 27.10 27.17 27.25 27.32 27.39 27.47 27.56
27.02 27.49 27.75 27.83 27.85 27.86 27.88 27.88 27.90 27.90 27.91 27.92 27.93 27.93 27.94 27.94 27.95 27.95 27.95 27.95 27.95 27.95 27.94 27.94 27.93 27.92 27.91 27.90 27.88 27.86 27.84 27.83 27.81 27.79 27.76 27.74 27.71 27.67 27.64 27.60 27.57 27.53 27.49 27.44 27.40 27.34 27.29 27.24 27.18 27.12 27.06 26.99 26.93 26.88 26.86 26.86 26.86 26.87 26.87 26.88 26.88 26.88 26.89 26.88 26.89 26.89 26.88 26.89 26.91 26.98 27.05 27.12 27.20 27.27 27.34 27.42 27.49
26.55 27.05 27.49 27.73 27.79 27.81 27.82 27.83 27.85 27.85 27.86 27.87 27.88 27.88 27.89 27.90 27.90 27.90 27.90 27.90 27.90 27.90 27.90 27.90 27.89 27.88 27.87 27.86 27.86 27.85 27.83 27.81 27.79 27.78 27.76 27.73 27.71 27.68 27.65 27.63 27.59 27.56 27.52 27.48 27.43 27.39 27.34 27.30 27.25 27.19 27.14 27.08 27.01 26.95 26.90 26.88 26.88 26.89 26.89 26.90 26.90 26.91 26.92 26.92 26.93 26.93 26.93 26.93 26.93 26.95 27.00 27.07 27.14 27.22 27.29 27.37 27.44
26.08 26.57 27.06 27.50 27.70 27.75 27.76 27.78 27.79 27.80 27.81 27.82 27.82 27.83 27.84 27.85 27.86 27.85 27.86 27.86 27.86 27.87 27.86 27.86 27.86 27.85 27.85 27.84 27.83 27.82 27.82 27.80 27.78 27.77 27.75 27.73 27.71 27.69 27.66 27.63 27.61 27.57 27.55 27.51 27.47 27.43 27.39 27.34 27.30 27.26 27.20 27.15 27.10 27.04 26.98 26.93 26.90 26.90 26.91 26.92 26.93 26.94 26.95 26.96 26.96 26.97 26.97 26.97 26.97 26.98 27.00 27.03 27.09 27.16 27.23 27.32 27.39
25.62 26.08 26.57 27.08 27.50 27.68 27.71 27.73 27.73 27.75 27.76 27.76 27.77 27.79 27.80 27.80 27.80 27.81 27.82 27.82 27.82 27.83 27.83 27.83 27.83 27.82 27.82 27.81 27.81 27.80 27.79 27.77 27.77 27.76 27.74 27.72 27.71 27.68 27.67 27.64 27.61 27.59 27.56 27.53 27.50 27.47 27.42 27.39 27.35 27.31 27.27 27.21 27.17 27.12 27.07 27.01 26.96 26.92 26.92 26.93 26.94 26.96 26.97 26.98 26.99 27.00 27.01 27.01 27.02 27.03 27.03 27.04 27.06 27.12 27.18 27.25 27.33
25.18 25.62 26.10 26.58 27.08 27.49 27.64 27.67 27.68 27.69 27.71 27.71 27.72 27.74 27.75 27.75 27.76 27.76 27.77 27.78 27.78 27.79 27.79 27.79 27.79 27.79 27.79 27.79 27.78 27.77 27.77 27.76 27.75 27.74 27.73 27.71 27.70 27.68 27.66 27.64 27.62 27.60 27.58 27.55 27.52 27.49 27.46 27.42 27.39 27.36 27.31 27.28 27.23 27.18 27.14 27.09 27.05 26.99 26.95 26.94 26.95 26.97 26.98 27.00 27.01 27.02 27.03 27.04 27.05 27.07 27.08 27.08 27.09 27.12 27.15 27.21 27.28
24.75 25.18 25.63 26.10 26.59 27.08 27.48 27.61 27.63 27.64 27.64 27.66 27.67 27.69 27.69 27.70 27.71 27.72 27.73 27.73 27.74 27.74 27.74 27.74 27.75 27.75 27.75 27.74 27.75 27.75 27.74 27.73 27.73 27.72 27.71 27.70 27.69 27.68 27.66 27.64 27.63 27.61 27.58 27.56 27.54 27.51 27.48 27.46 27.43 27.39 27.36 27.32 27.29 27.25 27.20 27.16 27.12 27.08 27.03 27.00 26.97 26.97 26.99 27.01 27.02 27.04 27.05 27.07 27.09 27.10 27.11 27.12 27.13 27.15 27.16 27.19 27.24
24.33 24.74 25.18 25.63 26.10 26.59 27.08 27.45 27.56 27.59 27.59 27.61 27.62 27.62 27.64 27.65 27.66 27.67 27.68 27.68 27.69 27.69 27.70 27.70 27.71 27.71 27.71 27.71 27.71 27.71 27.72 27.71 27.70 27.70 27.69 27.69 27.68 27.66 27.65 27.64 27.62 27.61 27.59 27.58 27.55 27.54 27.51 27.49 27.45 27.43 27.40 27.37 27.34 27.30 27.26 27.23 27.19 27.15 27.11 27.07 27.03 27.00 27.01 27.02 27.04 27.06 27.08 27.10 27.11 27.13 27.14 27.16 27.17 27.19 27.20 27.22 27.24
23.92 24.31 24.74 25.17 25.63 26.09 26.59 27.07 27.42 27.52 27.54 27.55 27.57 27.58 27.59 27.60 27.61 27.62 27.62 27.63 27.64 27.65 27.66 27.66 27.67 27.67 27.68 27.68 27.68 27.68 27.68 27.67 27.68 27.67 27.67 27.66 27.66 27.65 27.64 27.63 27.62 27.60 27.59 27.57 27.56 27.54 27.53 27.50 27.48 27.45 27.43 27.41 27.37 27.35 27.31 27.28 27.25 27.22 27.17 27.14 27.10 27.07 27.04 27.04 27.05 27.07 27.09 27.11 27.13 27.15 27.17 27.18 27.21 27.23 27.24 27.26 27.28
23.52 23.90 24.31 24.72 25.16 25.61 26.09 26.58 27.06 27.39 27.48 27.50 27.52 27.52 27.54 27.55 27.56 27.57 27.58 27.59 27.60 27.61 27.61 27.62 27.63 27.63 27.64 27.64 27.64 27.64 27.65 27.64 27.64 27.65 27.64 27.64 27.63 27.63 27.63 27.61 27.61 27.60 27.58 27.58 27.56 27.55 27.53 27.52 27.49 27.48 27.45 27.43 27.41 27.38 27.36 27.33 27.30 27.27 27.24 27.21 27.18 27.14 27.11 27.08 27.06 27.08 27.10 27.12 27.14 27.16 27.18 27.20 27.23 27.25 27.27 27.29 27.32
23.13 23.50 23.89 24.29 24.71 25.14 25.60 26.07 26.57 27.04 27.34 27.44 27.46 27.47 27.48 27.50 27.51 27.51 27.53 27.54 27.55 27.56 27.57 27.58 27.58 27.59 27.60 27.60 27.61 27.61 27.61 27.61 27.61 27.61 27.62 27.62 27.61 27.61 27.61 27.60 27.59 27.59 27.58 27.58 27.56 27.54 27.54 27.52 27.51 27.49 27.47 27.46 27.43 27.42 27.39 27.37 27.34 27.32 27.29 27.26 27.24 27.21 27.18 27.16 27.13 27.11 27.11 27.12 27.15 27.18 27.20 27.23 27.25 27.27 27.29 27.31 27.35
22.75 23.10 23.48 23.86 24.27 24.69 25.13 25.58 26.06 26.56 27.01 27.31 27.40 27.42 27.43 27.45 27.46 27.46 27.48 27.49 27.50 27.51 27.52 27.53 27.54 27.55 27.56 27.56 27.57 27.57 27.58 27.58 27.58 27.58 27.58 27.59 27.59 27.58 27.58 27.58 27.58 27.58 27.57 27.56 27.56 27.54 27.54 27.52 27.51 27.50 27.49 27.47 27.46 27.43 27.42 27.40 27.39 27.36 27.34 27.32 27.30 27.26 27.24 27.22 27.19 27.17 27.15 27.14 27.16 27.18 27.21 27.23 27.26 27.28 27.31 27.33 27.37
22.39 22.72 23.08 23.45 23.84 24.24 24.67 25.10 25.57 26.05 26.53 26.99 27.28 27.36 27.38 27.39 27.41 27.41 27.43 27.44 27.45 27.46 27.48 27.49 27.50 27.51 27.51 27.52 27.53 27.53 27.54 27.54 27.55 27.55 27.55 27.56 27.56 27.56 27.56 27.56 27.56 27.55 27.56 27.55 27.54 27.54 27.53 27.53 27.51 27.51 27.49 27.48 27.47 27.46 27.44 27.42 27.41 27.39 27.38 27.35 27.34 27.32 27.30 27.27 27.25 27.23 27.21 27.19 27.18 27.19 27.21 27.24 27.26 27.29 27.33 27.36 27.38
22.03 22.35 22.70 23.05 23.43 23.81 24.22 24.64 25.08 25.54 26.01 26.51 26.97 27.23 27.32 27.34 27.36 27.36 27.37 27.39 27.40 27.42 27.43 27.44 27.45 27.45 27.46 27.47 27.49 27.49 27.50 27.51 27.51 27.52 27.52 27.52 27.53 27.53 27.53 27.53 27.54 27.54 27.53 27.54 27.53 27.52 27.52 27.51 27.51 27.50 27.50 27.48 27.48 27.47 27.45 27.44 27.43 27.41 27.40 27.39 27.38 27.35 27.34 27.32 27.31 27.29 27.28 27.26 27.24 27.22 27.22 27.24 27.26 27.30 27.33 27.36 27.39
21.68 21.99 22.33 22.66 23.03 23.39 23.79 24.20 24.61 25.06 25.51 25.99 26.48 26.93 27.20 27.28 27.30 27.32 27.32 27.34 27.35 27.37 27.38 27.39 27.40 27.40 27.42 27.42 27.44 27.45 27.46 27.47 27.47 27.48 27.48 27.49 27.49 27.50 27.50 27.51 27.51 27.51 27.51 27.51 27.51 27.51 27.51 27.50 27.51 27.50 27.50 27.49 27.48 27.47 27.46 27.46 27.44 27.44 27.43 27.41 27.40 27.39 27.38 27.36 27.35 27.34 27.32 27.31 27.30 27.28 27.27 27.27 27.28 27.30 27.33 27.36 27.40
21.35 21.64 21.96 22.30 22.63 22.99 23.36 23.76 24.16 24.58 25.01 25.48 25.96 26.45 26.89 27.16 27.24 27.26 27.27 27.29 27.30 27.31 27.33 27.34 27.35 27.37 27.38 27.39 27.39 27.41 27.42 27.43 27.43 27.44 27.45 27.45 27.46 27.47 27.47 27.48 27.48 27.49 27.49 27.49 27.49 27.49 27.49 27.49 27.49 27.49 27.48 27.48 27.47 27.47 27.47 27.46 27.46 27.45 27.44 27.43 27.43 27.41 27.40 27.40 27.39 27.38 27.36 27.35 27.34 27.33 27.32 27.31 27.31 27.31 27.33 27.36 27.39
21.02 21.31 21.61 21.93 22.25 22.60 22.95 23.33 23.71 24.12 24.55 24.98 25.44 25.92 26.40 26.85 27.12 27.20 27.22 27.23 27.25 27.26 27.28 27.29 27.30 27.31 27.33 27.33 27.34 27.36 27.37 27.38 27.39 27.40 27.41 27.41 27.42 27.44 27.44 27.44 27.45 27.46 27.46 27.46 27.47 27.47 27.47 27.48 27.47 27.48 27.47 27.48 27.47 27.47 27.46 27.46 27.46 27.45 27.45 27.45 27.44 27.43 27.43 27.41 27.41 27.40 27.40 27.39 27.38 27.38 27.37 27.36 27.35 27.35 27.35 27.36 27.39
20.70 20.98 21.27 21.57 21.88 22.22 22.55 22.92 23.28 23.67 24.08 24.50 24.94 25.40 25.87 26.36 26.81 27.08 27.16 27.18 27.20 27.21 27.23 27.24 27.25 27.27 27.27 27.29 27.30 27.32 27.33 27.34 27.35 27.36 27.37 27.38 27.38 27.39 27.41 27.41 27.42 27.42 27.43 27.43 27.44 27.45 27.45 27.46 27.46 27.45 27.46 27.46 27.46 27.46 27.46 27.46 27.45 27.46 27.45 27.45 27.45 27.45 27.43 27.43 27.43 27.43 27.42 27.41 27.41 27.41 27.40 27.40 27.40 27.40 27.40 27.40 27.41
20.39 20.66 20.93 21.23 21.53 21.84 22.17 22.51 22.87 23.24 23.63 24.04 24.45 24.89 25.35 25.82 26.31 26.76 27.04 27.12 27.14 27.16 27.17 27.19 27.20 27.22 27.23 27.25 27.26 27.27 27.28 27.29 27.31 27.32 27.32 27.33 27.34 27.35 27.37 27.37 27.38 27.39 27.40 27.40 27.41 27.42 27.42 27.42 27.43 27.43 27.44 27.44 27.45 27.44 27.45 27.44 27.45 27.45 27.45 27.45 27.45 27.44 27.45 27.45 27.44 27.44 27.44 27.44 27.44 27.43 27.43 27.43 27.43 27.43 27.43 27.43 27.44
20.10 20.35 20.61 20.89 21.18 21.48 21.80 22.12 22.47 22.82 23.19 23.58 23.98 24.40 24.84 25.29 25.76 26.25 26.70 26.99 27.08 27.10 27.12 27.14 27.15 27.17 27.18 27.20 27.21 27.22 27.24 27.25 27.26 27.27 27.28 27.29 27.30 27.31 27.33 27.34 27.34 27.35 27.37 27.37 27.38 27.39 27.39 27.40 27.41 27.41 27.42 27.42 27.42 27.43 27.42 27.43 27.44 27.44 27.44 27.45 27.44 27.45 27.45 27.44 27.45 27.45 27.45 27.44 27.45 27.45 27.45 27.45 27.46 27.45 27.45 27.46 27.46
19.81 20.05 20.31 20.57 20.85 21.13 21.44 21.75 22.08 22.42 22.77 23.14 23.52 23.93 24.35 24.79 25.23 25.70 26.19 26.64 26.94 27.04 27.07 27.08 27.10 27.11 27.13 27.14 27.16 27.17 27.19 27.20 27.21 27.22 27.24 27.25 27.26 27.27 27.29 27.30 27.30 27.31 27.33 27.34 27.34 27.35 27.36 27.37 27.38 27.38 27.39 27.40 27.40 27.41 27.41 27.42 27.42 27.42 27.43 27.43 27.44 27.44 27.44 27.44 27.45 27.44 27.45 27.45 27.46 27.45 27.46 27.46 27.47 27.47 27.48 27.49 27.49
19.53 19.76 20.00 20.25 20.52 20.79 21.08 21.39 21.70 22.03 22.36 22.72 23.09 23.47 23.87 24.29 24.71 25.17 25.64 26.12 26.58 26.90 27.00 27.03 27.05 27.06 27.08 27.09 27.11 27.12 27.14 27.15 27.16 27.18 27.19 27.20 27.21 27.22 27.24 27.25 27.26 27.27 27.29 27.30 27.31 27.31 27.33 27.33 27.34 27.35 27.36 27.37 27.37 27.38 27.38 27.40 27.40 27.41 27.41 27.42 27.42 27.42 27.43 27.43 27.44 27.44 27.45 27.45 27.45 27.46 27.47 27.47 27.48 27.48 27.49 27.49 27.50
19.26 19.48 19.71 19.96 20.20 20.47 20.74 21.03 21.33 21.64 21.96 22.30 22.66 23.02 23.41 23.81 24.22 24.65 25.10 25.56 26.05 26.50 26.85 26.97 26.99 27.01 27.02 27.04 27.06 27.07 27.09 27.10 27.11 27.13 27.14 27.15 27.17 27.19 27.20 27.21 27.22 27.23 27.24 27.26 27.27 27.27 27.29 27.30 27.30 27.32 27.33 27.34 27.34 27.36 27.36 27.36 27.37 27.39 27.39 27.40 27.40 27.41 27.42 27.42 27.43 27.44 27.43 27.44 27.45 27.46 27.46 27.47 27.47 27.48 27.49 27.50 27.52
18.99 19.21 19.42 19.66 19.90 20.15 20.41 20.69 20.98 21.27 21.58 21.90 22.24 22.60 22.96 23.34 23.74 24.14 24.57 25.02 25.49 25.97 26.44 26.80 26.93 26.95 26.97 26.99 27.00 27.02 27.03 27.05 27.06 27.08 27.09 27.10 27.12 27.14 27.15 27.16 27.17 27.19 27.20 27.22 27.23 27.23 27.25 27.26 27.27 27.29 27.29 27.30 27.31 27.32 27.33 27.33 27.35 27.35 27.36 27.36 27.38 27.39 27.39 27.40 27.41 27.41 27.42 27.43 27.43 27.44 27.45 27.46 27.47 27.47 27.48 27.50 27.51
18.74 18.94 19.16 19.37 19.61 19.84 20.10 20.36 20.63 20.91 21.21 21.52 21.84 22.18 22.53 22.89 23.27 23.67 24.08 24.50 24.94 25.40 25.88 26.36 26.74 26.88 26.92 26.93 26.95 26.97 26.98 27.00 27.01 27.03 27.04 27.05 27.08 27.09 27.10 27.12 27.13 27.14 27.15 27.17 27.18 27.19 27.21 27.22 27.23 27.25 27.25 27.26 27.28 27.28 27.30 27.30 27.32 27.32 27.33 27.34 27.35 27.36 27.37 27.38 27.38 27.39 27.41 27.41 27.42 27.43 27.44 27.44 27.45 27.47 27.48 27.49 27.51
18.49 18.68 18.89 19.09 19.32 19.54 19.79 20.04 20.30 20.57 20.85 21.15 21.45 21.77 22.11 22.45 22.82 23.19 23.59 23.99 24.41 24.86 25.31 25.79 26.27 26.67 26.83 26.88 26.90 26.91 26.93 26.94 26.96 26.98 26.99 27.00 27.03 27.04 27.06 27.07 27.08 27.09 27.11 27.13 27.14 27.15 27.17 27.18 27.19 27.21 27.21 27.22 27.24 27.25 27.26 27.27 27.28 27.29 27.30 27.31 27.32 27.33 27.34 27.34 27.36 27.37 27.37 27.39 27.40 27.40 27.41 27.43 27.44 27.45 27.46 27.47 27.49
