datasets/raw/temp/2019121120191211.grid
ncols 886
nrows 691
xllcenter 112.0000
yllcenter -44.5000
cellsize 0.0500
nodata_value 99999.90
[rows 646 to 679 of 691, columns 0 to 76 of 886]
9.63 9.64 9.65 9.66 9.67 9.68 9.69 9.70 9.71 9.72 9.73 9.74 9.75 9.76 9.77 9.79 9.80 9.81 9.81 9.82 9.83 9.84 9.85 9.86 9.87 9.88 9.89 9.90 9.91 9.91 9.92 9.93 9.94 9.95 9.96 9.97 9.98 9.98 9.99 10.00 10.01 10.02 10.03 10.03 10.04 10.05 10.06 10.07 10.07 10.08 10.09 10.10 10.10 10.11 10.12 10.13 10.13 10.14 10.15 10.16 10.16 10.17 10.18 10.18 10.19 10.20 10.20 10.21 10.22 10.22 10.23 10.24 10.24 10.25 10.26 10.26 10.27
9.58 9.59 9.60 9.61 9.62 9.63 9.64 9.65 9.66 9.67 9.68 9.69 9.70 9.71 9.72 9.73 9.74 9.75 9.76 9.77 9.78 9.79 9.80 9.81 9.82 9.83 9.84 9.85 9.86 9.86 9.87 9.88 9.89 9.90 9.91 9.92 9.92 9.93 9.94 9.95 9.96 9.97 9.97 9.98 9.99 10.00 10.01 10.01 10.02 10.03 10.04 10.04 10.05 10.06 10.07 10.07 10.08 10.09 10.10 10.10 10.11 10.12 10.12 10.13 10.14 10.14 10.15 10.16 10.17 10.17 10.18 10.19 10.19 10.20 10.21 10.21 10.22
9.53 9.54 9.55 9.56 9.57 9.58 9.59 9.60 9.61 9.62 9.63 9.64 9.65 9.66 9.67 9.68 9.69 9.70 9.71 9.72 9.72 9.73 9.74 9.75 9.77 9.78 9.79 9.80 9.81 9.81 9.82 9.83 9.84 9.85 9.86 9.87 9.87 9.88 9.89 9.90 9.91 9.91 9.92 9.93 9.94 9.95 9.95 9.96 9.97 9.98 9.99 9.99 10.00 10.01 10.02 10.02 10.03 10.04 10.04 10.05 10.06 10.07 10.07 10.08 10.09 10.09 10.10 10.11 10.11 10.12 10.13 10.13 10.14 10.15 10.15 10.16 10.16
9.48 9.49 9.50 9.51 9.52 9.53 9.54 9.55 9.56 9.57 9.58 9.59 9.60 9.61 9.62 9.63 9.64 9.65 9.66 9.66 9.68 9.68 9.69 9.70 9.71 9.72 9.73 9.74 9.76 9.76 9.77 9.78 9.79 9.80 9.81 9.82 9.82 9.83 9.84 9.85 9.86 9.86 9.87 9.88 9.89 9.90 9.90 9.91 9.92 9.93 9.94 9.94 9.95 9.96 9.96 9.97 9.98 9.99 9.99 10.00 10.01 10.01 10.02 10.03 10.04 10.04 10.05 10.05 10.06 10.07 10.07 10.08 10.09 10.10 10.10 10.11 10.11
9.44 9.45 9.46 9.47 9.48 9.48 9.49 9.50 9.51 9.52 9.53 9.54 9.55 9.56 9.57 9.58 9.59 9.60 9.61 9.62 9.62 9.63 9.64 9.65 9.66 9.67 9.68 9.69 9.70 9.70 9.71 9.72 9.73 9.75 9.76 9.77 9.77 9.78 9.79 9.80 9.81 9.81 9.82 9.83 9.84 9.85 9.85 9.86 9.87 9.88 9.88 9.89 9.90 9.91 9.91 9.92 9.93 9.94 9.94 9.95 9.96 9.96 9.97 9.98 9.98 9.99 10.00 10.00 10.01 10.02 10.02 10.03 10.04 10.04 10.05 10.05 10.06
9.39 9.40 9.41 9.42 9.43 9.44 9.45 9.46 9.47 9.48 9.48 9.49 9.50 9.51 9.52 9.53 9.54 9.55 9.56 9.57 9.58 9.59 9.59 9.60 9.61 9.62 9.63 9.64 9.65 9.65 9.66 9.67 9.68 9.69 9.70 9.70 9.71 9.72 9.74 9.75 9.76 9.76 9.77 9.78 9.79 9.80 9.80 9.81 9.82 9.82 9.83 9.84 9.85 9.86 9.86 9.87 9.88 9.88 9.89 9.90 9.91 9.91 9.92 9.93 9.93 9.94 9.95 9.95 9.96 9.97 9.97 9.98 9.99 9.99 10.00 10.00 10.01
9.34 9.35 9.36 9.37 9.38 9.39 9.40 9.41 9.42 9.43 9.44 9.44 9.45 9.46 9.47 9.48 9.49 9.50 9.51 9.52 9.53 9.54 9.55 9.55 9.56 9.57 9.58 9.59 9.60 9.60 9.61 9.62 9.63 9.64 9.65 9.65 9.66 9.67 9.68 9.69 9.70 9.70 9.71 9.72 9.74 9.74 9.75 9.76 9.77 9.78 9.78 9.79 9.80 9.80 9.81 9.82 9.83 9.83 9.84 9.85 9.85 9.86 9.87 9.88 9.88 9.89 9.90 9.90 9.91 9.91 9.92 9.93 9.93 9.94 9.95 9.95 9.96
9.29 9.30 9.31 9.32 9.33 9.34 9.35 9.36 9.37 9.38 9.39 9.40 9.41 9.41 9.42 9.43 9.44 9.45 9.46 9.47 9.48 9.49 9.50 9.50 9.51 9.52 9.53 9.54 9.55 9.56 9.56 9.57 9.58 9.59 9.60 9.60 9.61 9.62 9.63 9.64 9.65 9.65 9.66 9.67 9.68 9.68 9.69 9.70 9.71 9.71 9.72 9.73 9.75 9.75 9.76 9.77 9.78 9.78 9.79 9.80 9.80 9.81 9.82 9.82 9.83 9.84 9.84 9.85 9.86 9.86 9.87 9.88 9.88 9.89 9.90 9.90 9.91
9.25 9.26 9.27 9.27 9.28 9.29 9.30 9.31 9.32 9.33 9.34 9.35 9.36 9.37 9.38 9.39 9.39 9.40 9.41 9.42 9.43 9.44 9.45 9.45 9.46 9.47 9.48 9.49 9.50 9.51 9.52 9.52 9.53 9.54 9.55 9.56 9.56 9.57 9.58 9.59 9.60 9.60 9.61 9.62 9.63 9.63 9.64 9.65 9.66 9.66 9.67 9.68 9.69 9.69 9.70 9.71 9.72 9.72 9.73 9.74 9.75 9.76 9.77 9.77 9.78 9.79 9.79 9.80 9.81 9.81 9.82 9.82 9.83 9.84 9.84 9.85 9.86
9.20 9.21 9.22 9.23 9.24 9.24 9.26 9.26 9.27 9.28 9.29 9.30 9.31 9.32 9.33 9.34 9.35 9.35 9.36 9.37 9.38 9.39 9.40 9.41 9.41 9.42 9.43 9.44 9.45 9.46 9.47 9.47 9.48 9.49 9.50 9.51 9.51 9.52 9.53 9.54 9.55 9.55 9.56 9.57 9.58 9.58 9.59 9.60 9.61 9.61 9.62 9.63 9.64 9.64 9.65 9.66 9.66 9.67 9.68 9.69 9.69 9.70 9.70 9.71 9.72 9.73 9.73 9.74 9.74 9.75 9.76 9.76 9.77 9.78 9.78 9.79 9.80
9.15 9.16 9.17 9.18 9.19 9.20 9.21 9.22 9.23 9.23 9.24 9.25 9.26 9.27 9.28 9.29 9.30 9.31 9.31 9.32 9.33 9.34 9.35 9.36 9.37 9.38 9.38 9.39 9.40 9.41 9.42 9.43 9.43 9.44 9.45 9.46 9.47 9.47 9.48 9.49 9.50 9.50 9.51 9.52 9.53 9.53 9.54 9.55 9.56 9.56 9.57 9.58 9.59 9.59 9.60 9.61 9.61 9.62 9.63 9.64 9.64 9.65 9.65 9.66 9.67 9.68 9.68 9.69 9.69 9.70 9.71 9.71 9.72 9.73 9.73 9.74 9.74
9.10 9.11 9.12 9.13 9.14 9.15 9.16 9.17 9.18 9.19 9.19 9.20 9.21 9.22 9.23 9.24 9.25 9.26 9.27 9.27 9.28 9.29 9.30 9.31 9.32 9.33 9.33 9.34 9.35 9.36 9.37 9.38 9.38 9.39 9.40 9.41 9.41 9.42 9.43 9.44 9.45 9.45 9.46 9.47 9.48 9.48 9.49 9.50 9.51 9.51 9.52 9.53 9.54 9.54 9.55 9.56 9.56 9.57 9.58 9.58 9.59 9.60 9.60 9.61 9.62 9.62 9.63 9.64 9.64 9.65 9.66 9.66 9.67 9.68 9.68 9.69 9.69
9.06 9.07 9.07 9.08 9.09 9.10 9.11 9.12 9.13 9.14 9.15 9.16 9.16 9.17 9.18 9.19 9.20 9.21 9.22 9.23 9.23 9.24 9.25 9.26 9.27 9.28 9.29 9.29 9.30 9.31 9.32 9.33 9.34 9.34 9.35 9.36 9.37 9.37 9.38 9.39 9.40 9.40 9.41 9.42 9.43 9.44 9.44 9.45 9.46 9.46 9.47 9.48 9.49 9.49 9.50 9.51 9.51 9.52 9.53 9.53 9.54 9.55 9.55 9.56 9.57 9.57 9.58 9.59 9.59 9.60 9.61 9.61 9.62 9.62 9.63 9.64 9.64
9.01 9.02 9.03 9.04 9.05 9.06 9.06 9.07 9.08 9.09 9.10 9.11 9.12 9.13 9.14 9.14 9.15 9.16 9.17 9.18 9.19 9.19 9.20 9.21 9.22 9.23 9.24 9.24 9.25 9.26 9.27 9.28 9.29 9.29 9.30 9.31 9.32 9.32 9.33 9.34 9.35 9.35 9.36 9.37 9.38 9.39 9.39 9.40 9.41 9.41 9.42 9.43 9.44 9.44 9.45 9.46 9.46 9.47 9.48 9.48 9.49 9.50 9.50 9.51 9.52 9.52 9.53 9.54 9.54 9.55 9.56 9.56 9.57 9.57 9.58 9.59 9.59
8.96 8.97 8.98 8.99 9.00 9.01 9.02 9.03 9.03 9.04 9.05 9.06 9.07 9.08 9.09 9.10 9.10 9.11 9.12 9.13 9.14 9.15 9.15 9.16 9.17 9.18 9.19 9.20 9.20 9.21 9.22 9.23 9.24 9.24 9.25 9.26 9.27 9.28 9.28 9.29 9.30 9.31 9.31 9.32 9.33 9.34 9.34 9.35 9.36 9.36 9.37 9.38 9.39 9.39 9.40 9.41 9.41 9.42 9.43 9.43 9.44 9.45 9.45 9.46 9.47 9.47 9.48 9.49 9.49 9.50 9.51 9.51 9.52 9.52 9.53 9.54 9.54
8.91 8.92 8.93 8.94 8.95 8.96 8.97 8.98 8.99 9.00 9.01 9.01 9.02 9.03 9.04 9.05 9.06 9.06 9.07 9.08 9.09 9.10 9.11 9.12 9.12 9.13 9.14 9.15 9.16 9.16 9.17 9.18 9.19 9.20 9.20 9.21 9.22 9.23 9.23 9.24 9.25 9.26 9.27 9.27 9.28 9.29 9.29 9.30 9.31 9.32 9.32 9.33 9.34 9.34 9.35 9.36 9.36 9.37 9.38 9.39 9.39 9.40 9.40 9.41 9.42 9.42 9.43 9.44 9.44 9.45 9.45 9.46 9.47 9.47 9.48 9.49 9.49
8.87 8.88 8.89 8.90 8.90 8.91 8.92 8.93 8.94 8.95 8.96 8.97 8.98 8.98 8.99 9.00 9.01 9.02 9.03 9.03 9.04 9.05 9.06 9.07 9.08 9.08 9.09 9.10 9.11 9.12 9.12 9.13 9.14 9.15 9.15 9.16 9.17 9.18 9.19 9.19 9.20 9.21 9.22 9.22 9.23 9.24 9.24 9.25 9.26 9.27 9.27 9.28 9.29 9.29 9.30 9.31 9.31 9.32 9.33 9.34 9.34 9.35 9.35 9.36 9.37 9.37 9.38 9.39 9.39 9.40 9.40 9.41 9.42 9.42 9.43 9.44 9.44
8.82 8.83 8.84 8.85 8.86 8.87 8.88 8.88 8.89 8.90 8.91 8.92 8.93 8.94 8.94 8.95 8.96 8.97 8.98 8.99 8.99 9.00 9.01 9.02 9.03 9.04 9.04 9.05 9.06 9.07 9.07 9.08 9.09 9.10 9.11 9.11 9.12 9.13 9.14 9.14 9.15 9.16 9.17 9.17 9.18 9.19 9.20 9.20 9.21 9.22 9.22 9.23 9.24 9.24 9.25 9.26 9.27 9.27 9.28 9.28 9.29 9.30 9.31 9.31 9.32 9.32 9.33 9.34 9.34 9.35 9.36 9.36 9.37 9.37 9.38 9.39 9.39
8.77 8.78 8.79 8.80 8.81 8.82 8.83 8.84 8.85 8.85 8.86 8.87 8.88 8.89 8.90 8.90 8.91 8.92 8.93 8.94 8.95 8.95 8.96 8.97 8.98 8.99 9.00 9.00 9.01 9.02 9.03 9.03 9.04 9.05 9.06 9.07 9.07 9.08 9.09 9.10 9.10 9.11 9.12 9.12 9.13 9.14 9.15 9.15 9.16 9.17 9.18 9.18 9.19 9.20 9.20 9.21 9.22 9.22 9.23 9.24 9.24 9.25 9.26 9.26 9.27 9.27 9.28 9.29 9.29 9.30 9.31 9.31 9.32 9.32 9.33 9.34 9.34
8.73 8.74 8.75 8.76 8.76 8.77 8.78 8.79 8.80 8.81 8.82 8.82 8.83 8.84 8.85 8.86 8.87 8.88 8.88 8.89 8.90 8.91 8.92 8.92 8.93 8.94 8.95 8.96 8.96 8.97 8.98 8.99 8.99 9.00 9.01 9.02 9.02 9.03 9.04 9.05 9.06 9.06 9.07 9.08 9.08 9.09 9.10 9.10 9.11 9.12 9.13 9.13 9.14 9.15 9.15 9.16 9.17 9.17 9.18 9.19 9.19 9.20 9.21 9.21 9.22 9.23 9.23 9.24 9.24 9.25 9.26 9.26 9.27 9.27 9.28 9.29 9.29
8.68 8.69 8.70 8.71 8.72 8.73 8.73 8.74 8.75 8.76 8.77 8.78 8.79 8.79 8.80 8.81 8.82 8.83 8.84 8.84 8.85 8.86 8.87 8.88 8.88 8.89 8.90 8.91 8.91 8.92 8.93 8.94 8.95 8.95 8.96 8.97 8.98 8.98 8.99 9.00 9.01 9.01 9.02 9.03 9.03 9.04 9.05 9.06 9.06 9.07 9.08 9.08 9.09 9.10 9.10 9.11 9.12 9.12 9.13 9.14 9.14 9.15 9.16 9.16 9.17 9.18 9.18 9.19 9.19 9.20 9.21 9.21 9.22 9.23 9.23 9.24 9.24
8.64 8.64 8.65 8.66 8.67 8.68 8.69 8.70 8.70 8.71 8.72 8.73 8.74 8.75 8.76 8.76 8.77 8.78 8.79 8.80 8.80 8.81 8.82 8.83 8.84 8.84 8.85 8.86 8.87 8.88 8.88 8.89 8.90 8.91 8.91 8.92 8.93 8.94 8.94 8.95 8.96 8.97 8.97 8.98 8.99 8.99 9.00 9.01 9.02 9.02 9.03 9.03 9.04 9.05 9.06 9.06 9.07 9.08 9.08 9.09 9.10 9.10 9.11 9.11 9.12 9.13 9.13 9.14 9.15 9.15 9.16 9.16 9.17 9.18 9.18 9.19 9.19
8.59 8.60 8.61 8.61 8.62 8.63 8.64 8.65 8.66 8.67 8.68 8.68 8.69 8.70 8.71 8.72 8.73 8.73 8.74 8.75 8.76 8.77 8.77 8.78 8.79 8.80 8.80 8.81 8.82 8.83 8.84 8.84 8.85 8.86 8.86 8.87 8.88 8.89 8.90 8.90 8.91 8.92 8.92 8.93 8.94 8.94 8.95 8.96 8.97 8.97 8.98 8.99 8.99 9.00 9.01 9.01 9.02 9.03 9.03 9.04 9.05 9.05 9.06 9.06 9.07 9.08 9.08 9.09 9.10 9.10 9.11 9.11 9.12 9.13 9.13 9.14 9.14
8.54 8.55 8.56 8.57 8.58 8.59 8.60 8.60 8.61 8.62 8.63 8.64 8.65 8.65 8.66 8.67 8.68 8.69 8.69 8.70 8.71 8.72 8.73 8.73 8.74 8.75 8.76 8.77 8.77 8.78 8.79 8.80 8.80 8.81 8.82 8.82 8.83 8.84 8.85 8.85 8.86 8.87 8.88 8.88 8.89 8.90 8.90 8.91 8.92 8.93 8.93 8.94 8.94 8.95 8.96 8.97 8.97 8.98 8.98 8.99 9.00 9.00 9.01 9.02 9.02 9.03 9.03 9.04 9.05 9.05 9.06 9.06 9.07 9.08 9.08 9.09 9.10
8.50 8.51 8.51 8.52 8.53 8.54 8.55 8.56 8.56 8.57 8.58 8.59 8.60 8.61 8.61 8.62 8.63 8.64 8.65 8.65 8.66 8.67 8.68 8.69 8.69 8.70 8.71 8.72 8.73 8.73 8.74 8.75 8.76 8.76 8.77 8.78 8.78 8.79 8.80 8.81 8.81 8.82 8.83 8.84 8.84 8.85 8.86 8.86 8.87 8.88 8.88 8.89 8.90 8.90 8.91 8.92 8.92 8.93 8.94 8.94 8.95 8.95 8.96 8.97 8.97 8.98 8.99 8.99 9.00 9.00 9.01 9.02 9.02 9.03 9.03 9.04 9.05
8.45 8.46 8.47 8.48 8.48 8.49 8.50 8.51 8.52 8.53 8.53 8.54 8.55 8.56 8.57 8.58 8.58 8.59 8.60 8.61 8.61 8.62 8.63 8.64 8.65 8.65 8.66 8.67 8.68 8.69 8.69 8.70 8.71 8.72 8.72 8.73 8.74 8.74 8.75 8.76 8.77 8.77 8.78 8.79 8.79 8.80 8.81 8.81 8.82 8.83 8.84 8.84 8.85 8.85 8.86 8.87 8.87 8.88 8.89 8.89 8.90 8.91 8.91 8.92 8.93 8.93 8.94 8.94 8.95 8.96 8.96 8.97 8.97 8.98 8.98 8.99 9.00
8.40 8.41 8.42 8.43 8.44 8.45 8.45 8.46 8.47 8.48 8.49 8.50 8.51 8.51 8.52 8.53 8.54 8.55 8.55 8.56 8.57 8.58 8.58 8.59 8.60 8.61 8.61 8.62 8.63 8.64 8.65 8.65 8.66 8.67 8.68 8.68 8.69 8.70 8.70 8.71 8.72 8.73 8.73 8.74 8.75 8.75 8.76 8.77 8.77 8.78 8.79 8.79 8.80 8.81 8.81 8.82 8.83 8.83 8.84 8.85 8.85 8.86 8.86 8.87 8.88 8.88 8.89 8.90 8.90 8.91 8.91 8.92 8.93 8.93 8.94 8.94 8.95
8.36 8.37 8.38 8.38 8.39 8.40 8.41 8.42 8.43 8.43 8.44 8.45 8.46 8.47 8.47 8.48 8.49 8.50 8.51 8.51 8.52 8.53 8.54 8.55 8.55 8.56 8.57 8.57 8.58 8.59 8.60 8.60 8.61 8.62 8.63 8.63 8.64 8.65 8.66 8.66 8.67 8.68 8.68 8.69 8.70 8.70 8.71 8.72 8.73 8.73 8.74 8.74 8.75 8.76 8.77 8.77 8.78 8.78 8.79 8.80 8.80 8.81 8.82 8.82 8.83 8.83 8.84 8.85 8.85 8.86 8.86 8.87 8.88 8.88 8.89 8.89 8.90
8.31 8.32 8.33 8.34 8.35 8.35 8.36 8.37 8.38 8.39 8.40 8.40 8.41 8.42 8.43 8.44 8.44 8.45 8.46 8.47 8.48 8.48 8.49 8.50 8.51 8.51 8.52 8.53 8.54 8.54 8.55 8.56 8.56 8.57 8.58 8.59 8.59 8.60 8.61 8.61 8.62 8.63 8.64 8.64 8.65 8.66 8.66 8.67 8.68 8.68 8.69 8.70 8.70 8.71 8.72 8.72 8.73 8.74 8.74 8.75 8.76 8.76 8.77 8.77 8.78 8.79 8.79 8.80 8.80 8.81 8.82 8.82 8.83 8.83 8.84 8.85 8.85
8.27 8.28 8.28 8.29 8.30 8.31 8.32 8.32 8.33 8.34 8.35 8.36 8.37 8.37 8.38 8.39 8.40 8.40 8.41 8.42 8.43 8.44 8.44 8.45 8.46 8.47 8.47 8.48 8.49 8.50 8.50 8.51 8.52 8.52 8.53 8.54 8.55 8.55 8.56 8.57 8.57 8.58 8.59 8.60 8.60 8.61 8.62 8.62 8.63 8.64 8.64 8.65 8.66 8.66 8.67 8.68 8.68 8.69 8.69 8.70 8.71 8.71 8.72 8.73 8.73 8.74 8.74 8.75 8.76 8.76 8.77 8.77 8.78 8.78 8.79 8.80 8.80
8.22 8.23 8.24 8.25 8.26 8.26 8.27 8.28 8.29 8.30 8.30 8.31 8.32 8.33 8.34 8.34 8.35 8.36 8.37 8.37 8.38 8.39 8.40 8.40 8.41 8.42 8.43 8.43 8.44 8.45 8.46 8.46 8.47 8.48 8.48 8.49 8.50 8.51 8.51 8.52 8.53 8.53 8.54 8.55 8.56 8.56 8.57 8.57 8.58 8.59 8.60 8.60 8.61 8.61 8.62 8.63 8.63 8.64 8.65 8.65 8.66 8.66 8.67 8.68 8.68 8.69 8.69 8.70 8.71 8.71 8.72 8.73 8.73 8.74 8.74 8.75 8.75
8.18 8.19 8.19 8.20 8.21 8.22 8.23 8.23 8.24 8.25 8.26 8.27 8.27 8.28 8.29 8.30 8.30 8.31 8.32 8.33 8.34 8.34 8.35 8.36 8.36 8.37 8.38 8.39 8.40 8.40 8.41 8.42 8.42 8.43 8.44 8.44 8.45 8.46 8.47 8.47 8.48 8.49 8.49 8.50 8.51 8.51 8.52 8.53 8.53 8.54 8.55 8.55 8.56 8.57 8.57 8.58 8.59 8.59 8.60 8.60 8.61 8.62 8.62 8.63 8.64 8.64 8.65 8.65 8.66 8.66 8.67 8.68 8.68 8.69 8.69 8.70 8.70
8.13 8.14 8.15 8.15 8.16 8.17 8.18 8.19 8.20 8.20 8.21 8.22 8.23 8.23 8.24 8.25 8.26 8.27 8.27 8.28 8.29 8.30 8.30 8.31 8.32 8.33 8.33 8.34 8.35 8.35 8.36 8.37 8.38 8.38 8.39 8.40 8.40 8.41 8.42 8.43 8.43 8.44 8.45 8.45 8.46 8.47 8.47 8.48 8.49 8.49 8.50 8.51 8.51 8.52 8.53 8.53 8.54 8.55 8.55 8.56 8.56 8.57 8.57 8.58 8.59 8.59 8.60 8.60 8.61 8.62 8.62 8.63 8.63 8.64 8.65 8.65 8.66
8.09 8.09 8.10 8.11 8.12 8.13 8.13 8.14 8.15 8.16 8.17 8.17 8.18 8.19 8.20 8.20 8.21 8.22 8.23 8.23 8.24 8.25 8.26 8.27 8.27 8.28 8.29 8.29 8.30 8.31 8.32 8.32 8.33 8.34 8.34 8.35 8.36 8.36 8.37 8.38 8.39 8.39 8.40 8.41 8.41 8.42 8.43 8.43 8.44 8.45 8.45 8.46 8.47 8.47 8.48 8.48 8.49 8.50 8.50 8.51 8.52 8.52 8.53 8.53 8.54 8.55 8.55 8.56 8.56 8.57 8.57 8.58 8.59 8.59 8.60 8.60 8.61
