datasets/raw/temp/2019121820191218.grid
ncols 886
nrows 691
xllcenter 112.0000
yllcenter -44.5000
cellsize 0.0500
nodata_value 99999.90
[rows 170 to 203 of 691, columns 231 to 307 of 886]
46.97 47.07 47.19 47.24 47.40 47.46 47.42 47.47 47.60 47.63 47.66 47.75 47.76 47.81 48.04 47.95 48.01 48.11 48.20 48.26 48.33 48.36 48.39 48.40 48.39 48.39 48.34 48.35 48.37 48.33 48.31 48.29 48.29 48.29 48.30 48.30 48.31 48.30 48.26 48.24 48.18 48.14 48.10 48.03 47.89 47.78 47.60 47.57 47.65 47.63 47.60 47.35 47.50 47.56 47.55 47.40 47.29 46.50 46.90 47.09 47.22 47.20 47.18 47.04 46.99 46.68 46.66 46.68 46.47 46.40 46.32 46.06 46.30 46.20 46.08 45.97 45.88
46.94 47.01 47.15 47.31 47.40 47.38 47.49 47.52 47.58 47.65 47.60 47.69 47.65 47.74 47.95 47.92 48.04 48.17 48.24 48.29 48.32 48.38 48.39 48.44 48.45 48.46 48.46 48.44 48.42 48.42 48.39 48.36 48.33 48.35 48.33 48.35 48.35 48.28 48.28 48.26 48.21 48.18 48.14 48.11 48.00 47.88 47.79 47.69 47.70 47.69 47.57 47.46 47.02 47.58 47.55 47.52 47.40 47.28 47.06 47.15 47.16 47.20 47.05 46.67 46.83 46.69 46.68 46.72 46.61 46.53 46.49 46.48 46.36 46.29 46.12 46.02 45.93
46.53 46.99 47.23 47.29 47.42 47.40 47.50 47.55 47.64 47.66 47.65 47.72 47.69 47.69 47.83 47.99 48.11 48.19 48.13 48.22 48.33 48.38 48.41 48.46 48.46 48.46 48.46 48.40 48.03 48.33 48.35 48.36 48.28 48.30 48.27 48.33 48.37 48.35 48.29 48.25 48.24 48.22 48.19 48.15 48.06 47.97 47.82 47.58 47.71 47.53 47.69 47.52 47.39 47.34 47.25 47.50 47.44 47.34 47.10 47.17 47.15 47.21 47.20 46.87 46.81 46.48 46.80 46.76 46.74 46.70 46.61 46.50 46.32 46.25 46.21 46.10 46.07
46.87 47.05 47.19 47.28 47.38 47.41 47.42 47.57 47.54 47.61 47.68 47.73 47.69 47.69 47.76 47.92 47.95 48.08 48.14 48.20 48.35 48.35 48.41 48.51 48.52 48.47 48.43 48.25 48.12 48.05 48.24 48.20 48.13 48.23 48.28 48.32 48.38 48.33 48.33 48.29 48.26 48.25 48.22 48.19 48.07 47.97 47.97 47.92 47.59 47.56 47.42 47.56 47.62 47.50 47.31 47.44 47.52 47.39 47.31 47.16 47.10 47.10 47.24 46.98 46.98 46.90 46.94 46.80 46.67 46.65 46.57 46.51 46.40 46.33 46.20 46.20 46.16
46.97 47.12 47.24 47.28 47.36 47.43 47.38 47.50 47.58 47.56 47.68 47.73 47.73 47.71 47.76 47.85 47.87 47.99 48.13 48.27 48.39 48.37 48.41 48.50 48.55 48.52 48.49 48.32 48.10 47.83 47.77 47.86 48.26 48.31 48.39 48.38 48.37 48.35 48.30 48.35 48.29 48.29 48.28 48.23 48.16 48.12 48.09 47.99 47.86 47.50 47.66 47.59 47.56 47.59 47.45 47.30 47.41 47.49 47.38 47.21 47.09 47.07 47.01 47.22 47.15 47.01 47.02 46.84 46.86 46.80 46.68 46.64 46.49 46.37 46.29 46.13 46.06
46.90 47.14 47.22 47.33 47.24 47.35 47.37 47.54 47.61 47.62 47.62 47.70 47.69 47.73 47.77 47.87 48.01 48.03 48.14 48.29 48.39 48.37 48.39 48.50 48.57 48.61 48.60 48.53 48.06 48.05 47.90 48.01 48.14 48.23 48.38 48.29 48.19 48.37 48.43 48.43 48.33 48.29 48.35 48.31 48.24 48.23 48.18 48.15 48.08 48.01 47.85 47.43 47.33 47.47 47.47 47.43 47.42 47.39 47.35 47.39 47.21 47.16 47.17 47.17 47.07 47.05 47.02 46.96 46.86 46.81 46.67 46.57 46.53 46.43 46.24 46.18 45.92
46.92 47.14 47.19 47.32 47.28 47.30 47.45 47.49 47.48 47.56 47.56 47.65 47.65 47.69 47.94 47.95 48.08 48.18 48.30 48.34 48.33 48.30 48.41 48.49 48.59 48.59 48.67 48.59 48.46 48.34 48.16 48.13 48.38 48.27 48.12 48.11 48.30 48.46 48.47 48.50 48.33 48.27 48.27 48.35 48.22 48.22 48.25 48.21 48.15 48.10 48.01 47.83 47.52 47.56 47.57 47.50 47.45 47.50 47.54 47.43 47.32 47.26 47.24 47.15 47.05 46.96 46.92 46.91 46.85 46.70 46.68 46.57 46.48 46.38 46.13 46.18 46.04
47.11 47.08 47.24 47.14 47.14 47.24 47.41 47.40 47.40 47.49 47.46 47.66 47.59 47.78 47.90 47.78 48.12 48.22 48.26 48.32 48.34 48.37 48.44 48.45 48.55 48.62 48.67 48.70 48.66 48.63 48.51 48.53 48.47 48.46 48.37 48.28 48.19 48.49 48.50 48.48 48.42 48.30 48.29 48.40 48.30 48.12 48.30 48.30 48.20 48.12 48.05 47.99 47.65 47.74 47.78 47.67 47.71 47.63 47.63 47.54 47.47 47.28 47.32 47.26 47.11 46.94 46.85 46.73 46.82 46.54 46.63 46.59 46.58 46.26 46.28 46.03 45.89
46.93 47.04 47.08 47.11 47.17 47.33 47.42 47.52 47.52 47.55 47.51 47.58 47.70 47.88 47.94 47.99 47.86 48.19 48.19 48.36 48.38 48.40 48.45 48.50 48.55 48.61 48.67 48.71 48.70 48.70 48.64 48.64 48.63 48.58 48.51 48.34 48.47 48.56 48.56 48.50 48.44 48.43 48.49 48.44 48.15 47.78 48.33 48.34 48.32 48.19 48.05 47.94 47.53 47.91 47.90 47.76 47.52 47.41 47.56 47.47 47.46 47.42 47.28 47.32 47.16 47.03 46.87 46.81 46.71 46.44 46.52 46.38 46.54 46.32 46.21 45.94 45.95
46.79 46.95 47.09 47.25 47.32 47.45 47.51 47.59 47.62 47.65 47.67 47.73 47.76 47.87 47.93 48.05 48.11 48.04 48.18 48.32 48.35 48.40 48.44 48.56 48.53 48.56 48.66 48.68 48.63 48.55 48.61 48.66 48.69 48.58 48.54 48.55 48.56 48.61 48.54 48.49 48.42 48.43 48.50 48.55 48.47 48.42 48.36 48.38 48.36 48.32 48.08 48.01 47.96 48.00 47.83 47.74 47.44 47.36 47.28 47.16 47.30 47.10 47.26 47.27 47.24 47.08 46.93 46.83 46.63 46.61 46.59 46.41 46.39 46.31 46.23 46.01 46.02
46.98 47.09 47.16 47.32 47.43 47.56 47.64 47.71 47.73 47.74 47.82 47.86 47.91 47.93 47.93 47.98 48.06 48.01 48.19 48.38 48.31 48.34 48.38 48.51 48.44 48.56 48.47 48.62 48.61 48.50 48.55 48.69 48.72 48.65 48.60 48.42 48.47 48.60 48.48 48.44 48.44 48.57 48.55 48.56 48.59 48.53 48.38 48.41 48.38 48.31 48.18 48.12 48.17 48.00 47.86 47.62 47.50 47.42 47.33 47.15 47.18 47.21 47.23 47.15 47.26 47.03 47.06 46.92 46.91 46.72 46.66 46.56 46.53 46.37 46.13 46.08 46.14
47.08 47.21 47.29 47.37 47.54 47.63 47.71 47.79 47.85 47.90 47.93 48.01 48.05 48.01 48.01 48.07 48.08 48.15 48.12 48.22 48.27 48.30 48.35 48.46 48.51 48.61 48.60 48.54 48.54 48.40 48.56 48.71 48.70 48.73 48.69 48.68 48.57 48.60 48.58 48.24 48.56 48.57 48.53 48.57 48.54 48.54 48.45 48.43 48.45 48.36 48.30 48.30 48.15 48.09 47.88 47.74 47.64 47.57 47.45 47.18 47.02 47.22 47.22 47.17 47.19 47.20 47.13 47.04 46.98 46.86 46.83 46.76 46.64 46.50 46.29 46.24 46.25
47.22 47.33 47.40 47.47 47.62 47.71 47.77 47.83 47.87 47.93 48.01 48.08 48.13 48.16 48.13 48.13 48.12 48.17 48.13 48.18 48.21 48.33 48.34 48.41 48.52 48.56 48.49 48.58 48.52 48.42 48.57 48.66 48.69 48.49 48.65 48.74 48.64 48.65 48.51 48.49 48.56 48.54 48.46 48.55 48.52 48.49 48.45 48.43 48.44 48.40 48.37 48.28 48.18 47.98 47.88 47.82 47.75 47.59 47.45 47.34 47.21 47.29 47.11 47.12 47.10 47.09 47.08 46.94 46.91 46.86 46.81 46.68 46.62 46.46 46.33 46.31 46.37
47.43 47.45 47.54 47.61 47.71 47.82 47.87 47.84 47.75 47.85 47.92 48.08 48.18 48.24 48.22 48.18 48.20 48.24 48.25 48.25 48.24 48.28 48.22 48.36 48.43 48.41 48.48 48.47 48.46 48.44 48.44 48.56 48.58 48.57 48.62 48.65 48.60 48.63 48.44 48.21 48.49 48.49 48.42 48.46 48.47 48.45 48.36 48.36 48.41 48.44 48.37 48.28 48.12 48.10 47.92 47.90 47.85 47.72 47.64 47.53 47.46 47.39 47.30 47.15 47.09 46.95 47.04 46.98 46.90 46.81 46.71 46.59 46.58 46.40 46.41 46.46 46.43
47.47 47.51 47.59 47.67 47.81 47.93 47.95 47.90 47.79 47.90 47.99 48.07 48.26 48.33 48.34 48.36 48.35 48.37 48.41 48.37 48.34 48.35 48.33 48.40 48.43 48.39 48.48 48.56 48.51 48.50 48.44 48.50 48.59 48.51 48.59 48.63 48.49 48.31 48.56 48.57 48.28 48.27 48.28 48.29 48.41 48.48 48.35 48.30 48.29 48.40 48.43 48.25 48.16 48.03 47.96 47.93 47.87 47.83 47.70 47.61 47.58 47.48 47.39 47.24 47.23 47.14 47.07 46.95 46.85 46.73 46.62 46.49 46.34 46.47 46.40 46.44 46.51
47.40 47.48 47.40 47.64 47.83 47.97 48.01 47.95 47.94 48.05 48.08 48.11 48.33 48.40 48.37 48.35 48.38 48.43 48.51 48.49 48.43 48.46 48.45 48.51 48.48 48.37 48.50 48.53 48.49 48.51 48.49 48.51 48.58 48.65 48.62 48.54 48.35 48.54 48.40 48.29 48.41 48.40 48.40 48.38 48.29 48.39 48.16 48.10 48.17 48.37 48.23 48.30 48.10 48.07 48.02 47.99 47.92 47.88 47.77 47.75 47.67 47.53 47.45 47.40 47.36 47.23 47.11 46.91 46.67 46.52 46.61 46.55 46.57 46.59 46.56 46.52 46.63
47.36 47.51 47.61 47.73 47.86 47.99 48.07 48.09 48.14 48.16 48.22 48.29 48.34 48.45 48.46 48.42 48.44 48.45 48.58 48.52 48.61 48.62 48.56 48.55 48.49 48.41 48.43 48.58 48.62 48.54 48.49 48.57 48.62 48.70 48.70 48.67 48.57 48.39 48.45 48.42 48.47 48.50 48.48 48.48 48.38 48.33 48.33 48.30 48.27 48.21 48.15 48.14 48.11 48.05 48.01 48.01 47.97 47.94 47.84 47.77 47.72 47.66 47.60 47.50 47.37 47.27 47.13 47.04 46.93 46.84 46.77 46.64 46.64 46.67 46.70 46.68 46.68
47.46 47.61 47.74 47.86 47.97 48.05 48.15 48.19 48.25 48.28 48.34 48.39 48.45 48.50 48.53 48.58 48.59 48.58 48.67 48.68 48.69 48.72 48.67 48.66 48.62 48.53 48.47 48.59 48.67 48.65 48.58 48.60 48.65 48.72 48.72 48.72 48.60 48.54 48.50 48.54 48.53 48.53 48.51 48.52 48.46 48.47 48.40 48.38 48.33 48.29 48.17 48.13 48.06 47.90 47.83 47.89 47.95 47.88 47.89 47.82 47.77 47.67 47.57 47.49 47.41 47.34 47.24 47.08 46.87 46.87 46.85 46.63 46.53 46.56 46.64 46.71 46.73
47.59 47.68 47.77 47.88 48.01 48.13 48.20 48.27 48.32 48.35 48.42 48.45 48.51 48.55 48.59 48.62 48.66 48.69 48.73 48.77 48.81 48.75 48.77 48.71 48.63 48.55 48.50 48.60 48.72 48.67 48.65 48.57 48.67 48.75 48.77 48.73 48.66 48.67 48.56 48.41 48.51 48.54 48.57 48.54 48.48 48.47 48.42 48.39 48.37 48.33 48.24 48.17 48.14 48.10 47.98 47.98 47.94 47.81 47.77 47.76 47.78 47.76 47.62 47.45 47.39 47.26 47.15 47.13 46.98 46.96 46.79 46.66 46.65 46.69 46.69 46.66 46.72
47.62 47.62 47.82 47.94 48.06 48.18 48.25 48.30 48.31 48.36 48.40 48.44 48.52 48.56 48.60 48.64 48.68 48.72 48.77 48.80 48.84 48.88 48.86 48.81 48.73 48.66 48.60 48.66 48.74 48.76 48.74 48.66 48.62 48.70 48.80 48.81 48.75 48.72 48.70 48.56 48.56 48.49 48.57 48.57 48.52 48.49 48.44 48.43 48.44 48.40 48.32 48.28 48.16 48.09 48.06 48.03 47.96 47.91 47.75 47.77 47.71 47.72 47.70 47.61 47.54 47.44 47.36 47.28 47.19 47.06 46.96 46.83 46.72 46.71 46.85 46.81 46.74
47.64 47.83 47.85 48.03 48.14 48.19 48.20 48.23 48.23 48.21 48.35 48.41 48.47 48.51 48.53 48.65 48.69 48.74 48.77 48.83 48.85 48.89 48.92 48.89 48.84 48.85 48.80 48.75 48.72 48.82 48.78 48.69 48.66 48.72 48.82 48.83 48.78 48.70 48.73 48.74 48.70 48.66 48.64 48.60 48.58 48.55 48.53 48.48 48.48 48.45 48.39 48.34 48.26 48.08 48.08 48.08 48.04 47.89 47.87 47.84 47.76 47.65 47.67 47.61 47.60 47.51 47.43 47.29 47.20 47.15 47.10 47.02 46.96 46.93 47.01 46.97 46.91
47.75 47.85 48.00 48.10 48.15 48.17 48.14 48.14 48.15 48.17 48.29 48.40 48.43 48.50 48.56 48.62 48.68 48.72 48.77 48.84 48.87 48.91 48.94 48.91 48.94 48.92 48.86 48.87 48.85 48.90 48.90 48.80 48.83 48.80 48.86 48.83 48.81 48.70 48.72 48.75 48.74 48.72 48.69 48.65 48.63 48.60 48.60 48.52 48.51 48.49 48.43 48.37 48.33 48.21 48.14 48.06 48.08 47.99 48.03 47.99 47.92 47.76 47.73 47.71 47.61 47.55 47.42 47.32 47.22 47.15 47.16 47.15 47.06 47.04 47.16 47.09 47.02
47.91 47.97 48.05 48.13 48.15 48.13 48.10 48.09 48.04 48.11 48.24 48.27 48.36 48.48 48.52 48.57 48.65 48.67 48.76 48.85 48.89 48.90 48.92 48.92 48.94 48.95 48.94 48.93 48.92 48.95 48.96 48.90 48.82 48.92 48.95 48.93 48.86 48.77 48.73 48.79 48.79 48.75 48.73 48.70 48.68 48.65 48.63 48.60 48.56 48.49 48.39 48.29 48.31 48.28 48.23 48.21 48.14 48.06 48.05 48.00 47.99 47.93 47.87 47.81 47.75 47.66 47.51 47.31 47.20 47.16 47.25 47.30 47.24 47.20 47.26 47.22 47.15
48.03 48.06 48.09 48.11 48.11 48.10 47.98 47.97 47.96 47.97 48.06 48.14 48.20 48.30 48.40 48.44 48.59 48.65 48.75 48.76 48.88 48.92 48.94 48.96 48.98 49.00 48.98 48.99 48.98 48.96 48.99 48.95 48.98 48.98 49.00 48.93 48.87 48.78 48.86 48.85 48.80 48.81 48.78 48.75 48.71 48.68 48.66 48.63 48.60 48.53 48.44 48.44 48.34 48.36 48.29 48.19 48.09 48.15 48.12 48.07 48.03 47.99 47.93 47.89 47.84 47.75 47.61 47.51 47.36 47.19 47.26 47.32 47.39 47.34 47.34 47.28 47.26
47.99 48.02 48.07 48.06 48.07 48.10 48.08 47.96 47.95 47.92 47.96 48.06 48.14 48.18 48.26 48.32 48.46 48.51 48.66 48.73 48.87 48.91 48.95 48.98 49.01 49.01 49.04 49.01 49.03 49.03 48.99 49.00 49.01 48.99 48.98 48.95 48.90 48.87 48.87 48.84 48.86 48.81 48.82 48.78 48.77 48.73 48.67 48.68 48.62 48.61 48.48 48.38 48.31 48.41 48.40 48.24 48.15 48.18 48.16 48.13 48.07 48.01 47.93 47.88 47.84 47.82 47.70 47.60 47.51 47.31 47.38 47.45 47.47 47.50 47.49 47.45 47.45
47.91 47.94 48.02 47.98 47.97 48.03 48.07 48.01 48.01 48.02 48.09 48.17 48.20 48.18 48.24 48.22 48.37 48.44 48.61 48.68 48.84 48.86 48.89 48.96 49.00 49.00 49.02 49.03 49.03 49.02 49.04 48.99 48.99 49.00 49.00 48.99 48.97 48.93 48.90 48.91 48.90 48.88 48.86 48.84 48.82 48.78 48.76 48.71 48.65 48.63 48.57 48.38 48.42 48.45 48.42 48.33 48.26 48.21 48.17 48.12 48.12 48.06 47.99 47.86 47.90 47.78 47.78 47.72 47.66 47.54 47.46 47.54 47.55 47.56 47.55 47.54 47.52
47.84 47.85 47.96 48.02 47.99 47.93 47.93 48.03 48.10 48.16 48.17 48.10 48.16 48.22 48.28 48.26 48.27 48.38 48.45 48.53 48.72 48.76 48.76 48.90 48.96 48.99 49.00 49.01 49.02 49.03 49.03 48.99 49.03 49.01 49.00 48.99 48.99 48.96 48.94 48.94 48.91 48.91 48.90 48.89 48.84 48.79 48.78 48.75 48.67 48.65 48.56 48.51 48.47 48.48 48.43 48.33 48.17 48.26 48.21 48.13 48.11 47.99 48.02 47.96 47.92 47.88 47.79 47.59 47.70 47.60 47.59 47.49 47.58 47.63 47.63 47.59 47.55
47.74 47.75 47.79 47.94 48.00 48.00 47.88 47.95 48.03 48.13 48.17 48.10 48.03 48.05 48.19 48.22 48.28 48.29 48.30 48.46 48.61 48.75 48.77 48.81 48.91 48.98 49.00 49.02 49.04 49.02 48.97 49.01 49.03 49.01 49.04 49.01 49.00 48.98 48.97 48.96 48.90 48.87 48.87 48.88 48.87 48.83 48.79 48.77 48.73 48.68 48.62 48.58 48.50 48.50 48.49 48.42 48.36 48.33 48.29 48.18 47.99 48.08 48.08 48.04 47.81 47.72 47.74 47.68 47.55 47.64 47.70 47.67 47.68 47.69 47.67 47.64 47.61
47.67 47.68 47.65 47.76 47.95 47.99 47.92 47.87 47.93 48.02 48.07 48.13 48.10 47.96 48.11 48.14 48.19 48.22 48.20 48.38 48.55 48.69 48.77 48.79 48.83 48.91 48.97 48.98 48.99 48.99 49.03 49.03 49.05 49.04 49.04 49.01 49.01 48.96 48.95 48.88 48.87 48.88 48.87 48.85 48.84 48.83 48.81 48.74 48.74 48.69 48.68 48.61 48.55 48.50 48.48 48.45 48.43 48.38 48.35 48.21 48.15 48.14 48.12 48.08 47.97 47.74 47.74 47.73 47.70 47.65 47.71 47.76 47.77 47.74 47.71 47.68 47.65
47.56 47.56 47.64 47.77 47.89 47.91 47.93 47.85 47.82 47.90 48.03 48.11 48.09 48.01 48.04 48.08 48.10 48.19 48.10 48.20 48.43 48.57 48.67 48.70 48.76 48.88 48.93 48.96 48.97 49.00 49.00 49.00 48.98 48.99 49.01 49.01 48.95 48.97 48.93 48.90 48.82 48.80 48.79 48.79 48.80 48.85 48.80 48.80 48.77 48.71 48.67 48.65 48.53 48.49 48.44 48.45 48.42 48.39 48.33 48.27 48.22 48.17 48.15 48.13 48.08 47.92 47.93 47.85 47.77 47.74 47.69 47.83 47.80 47.77 47.76 47.73 47.70
47.39 47.45 47.56 47.73 47.86 47.79 47.75 47.74 47.76 47.73 47.91 48.02 47.99 47.95 48.01 48.10 48.05 48.09 48.11 48.20 48.32 48.46 48.54 48.64 48.76 48.80 48.88 48.90 48.92 48.97 48.98 48.96 48.88 48.98 48.95 48.91 48.96 48.90 48.89 48.76 48.73 48.71 48.60 48.70 48.76 48.82 48.78 48.76 48.76 48.74 48.69 48.66 48.60 48.54 48.48 48.42 48.41 48.38 48.33 48.27 48.14 48.12 48.08 48.08 48.11 48.03 47.99 47.85 47.80 47.83 47.85 47.86 47.84 47.81 47.80 47.77 47.74
47.22 47.35 47.47 47.58 47.71 47.73 47.67 47.62 47.59 47.69 47.72 47.90 48.00 48.01 48.05 47.95 47.95 47.93 48.03 48.17 48.32 48.37 48.47 48.54 48.65 48.71 48.75 48.79 48.83 48.87 48.94 48.94 48.93 48.96 48.88 48.94 48.94 48.88 48.83 48.77 48.66 48.64 48.50 48.65 48.78 48.78 48.76 48.73 48.73 48.67 48.68 48.65 48.60 48.55 48.49 48.41 48.37 48.31 48.30 48.23 48.22 48.21 48.15 48.06 48.06 47.99 47.92 47.85 47.81 47.85 47.86 47.89 47.87 47.84 47.83 47.81 47.77
47.22 47.35 47.40 47.43 47.59 47.64 47.65 47.67 47.60 47.56 47.64 47.78 47.88 47.97 47.98 47.95 47.88 47.84 47.96 48.05 48.14 48.29 48.36 48.41 48.56 48.61 48.61 48.67 48.72 48.79 48.85 48.89 48.92 48.95 48.93 48.94 48.92 48.88 48.83 48.74 48.61 48.51 48.49 48.61 48.72 48.74 48.69 48.61 48.69 48.63 48.67 48.61 48.57 48.55 48.50 48.42 48.36 48.30 48.24 48.22 48.17 48.19 48.14 48.11 48.13 48.04 47.97 47.77 47.71 47.84 47.89 47.91 47.90 47.87 47.85 47.82 47.81
47.16 47.19 47.20 47.29 47.50 47.54 47.45 47.58 47.62 47.53 47.56 47.68 47.81 47.90 47.90 47.83 47.79 47.76 47.89 48.07 48.15 48.18 48.26 48.30 48.38 48.43 48.52 48.57 48.62 48.67 48.73 48.82 48.88 48.92 48.94 48.93 48.91 48.84 48.79 48.75 48.61 48.43 48.47 48.59 48.73 48.68 48.58 48.55 48.54 48.63 48.62 48.60 48.57 48.54 48.52 48.46 48.34 48.29 48.23 48.23 48.11 48.04 48.08 48.11 48.11 48.05 47.98 47.81 47.85 47.88 47.93 47.89 47.94 47.92 47.88 47.83 47.80
