datasets/raw/temp/2019100920191009.grid
ncols 886
nrows 691
xllcenter 112.0000
yllcenter -44.5000
cellsize 0.0500
nodata_value 99999.90
[rows 238 to 271 of 691, columns 693 to 769 of 886]
36.96 36.96 36.92 36.82 36.74 36.80 36.78 36.58 36.41 36.47 36.48 36.53 36.56 36.59 36.61 36.63 36.64 36.59 36.53 36.46 36.38 36.26 36.13 35.96 35.95 35.81 35.72 35.82 35.67 35.19 34.78 34.87 34.72 34.28 34.32 34.50 34.31 34.15 33.94 33.88 33.64 33.46 33.27 33.09 32.90 32.74 32.31 30.38 31.73 31.47 31.76 31.41 30.17 30.97 32.16 32.23 32.19 32.09 31.97 31.85 31.72 31.58 31.44 31.29 31.14 30.98 30.82 30.66 30.49 30.33 30.16 30.00 29.82 29.64 29.47 29.30 29.12
36.84 36.85 36.79 36.63 36.58 36.65 36.67 36.42 36.36 36.32 36.24 36.39 36.43 36.49 36.51 36.53 36.56 36.50 36.42 36.35 36.18 36.13 36.04 35.98 35.98 35.92 35.78 35.75 35.82 35.48 35.53 34.89 34.72 34.96 34.54 34.50 34.02 33.54 34.07 33.73 33.94 33.70 33.53 33.37 33.22 32.95 32.69 32.21 31.46 30.60 32.09 31.59 30.35 30.59 31.95 32.03 32.47 32.43 32.31 32.18 32.05 31.91 31.76 31.62 31.45 31.30 31.14 30.97 30.80 30.63 30.45 30.29 30.11 29.93 29.75 29.57 29.39
36.78 36.75 36.73 36.60 36.56 36.54 36.56 36.43 36.36 36.35 36.21 36.17 36.12 36.38 36.35 36.40 36.41 36.39 36.34 36.31 36.25 36.14 35.96 35.91 35.85 35.77 35.83 35.85 35.76 35.78 35.49 34.85 35.02 35.06 34.93 34.71 34.44 33.98 33.85 34.10 33.99 33.90 33.81 33.65 33.50 33.32 32.99 32.49 32.58 31.65 32.62 31.96 31.64 31.87 30.79 32.27 32.45 32.76 32.62 32.49 32.36 32.22 32.08 31.92 31.77 31.61 31.44 31.28 31.11 30.93 30.75 30.57 30.39 30.21 30.02 29.83 29.65
36.64 36.47 36.48 36.54 36.52 36.50 36.44 36.42 36.37 36.30 36.22 35.96 35.94 36.22 36.25 36.24 36.20 36.22 36.24 36.16 35.98 36.04 35.94 35.80 35.72 35.43 35.60 35.76 35.78 35.73 35.70 35.48 35.31 35.13 35.12 34.85 34.74 34.64 34.47 34.40 34.22 34.02 33.98 33.92 33.80 33.59 33.33 33.03 33.06 32.88 32.61 32.81 32.56 32.32 31.10 30.81 32.49 33.02 32.92 32.79 32.66 32.51 32.37 32.22 32.06 31.90 31.73 31.57 31.39 31.21 31.03 30.85 30.66 30.47 30.28 30.08 29.89
36.49 36.06 36.15 36.28 36.40 36.38 36.33 36.20 36.25 36.19 35.94 35.82 36.06 36.08 36.08 36.07 36.04 36.01 35.98 35.89 35.91 35.84 35.82 35.72 35.55 35.40 35.36 35.54 35.61 35.64 35.65 35.58 35.53 35.35 35.15 34.99 34.84 34.46 34.68 34.55 34.47 34.33 34.19 34.08 34.08 33.96 33.75 33.58 33.58 33.36 32.27 33.02 32.28 32.32 31.88 31.54 32.68 32.91 33.20 33.07 32.92 32.79 32.64 32.49 32.33 32.00 32.01 31.84 31.66 31.48 31.29 31.10 30.91 30.71 30.51 30.30 30.10
36.30 36.06 35.57 36.13 36.28 36.25 36.20 36.12 36.11 35.77 35.97 35.77 35.85 35.94 35.93 35.91 35.86 35.86 35.82 35.79 35.73 35.68 35.64 35.65 35.45 35.35 34.86 35.51 35.46 35.64 35.61 35.52 35.48 35.47 35.35 35.15 34.88 34.85 34.80 34.76 34.65 34.55 34.45 34.33 34.31 34.24 34.03 33.91 33.78 33.59 32.39 33.26 32.45 32.79 32.58 33.48 32.26 33.38 33.37 33.30 33.17 33.03 32.89 32.74 32.58 32.19 32.26 32.03 31.85 31.72 31.52 31.33 31.13 30.92 30.71 30.50 30.28
36.23 35.83 35.82 36.10 36.16 36.11 36.05 36.06 35.99 35.88 35.81 35.73 35.70 35.68 35.76 35.72 35.71 35.67 35.67 35.67 35.46 35.62 35.48 35.45 35.16 35.08 35.19 35.40 35.57 35.49 35.48 35.40 35.38 35.30 35.33 35.29 34.69 34.86 34.90 34.88 34.81 34.55 34.65 34.53 34.51 34.50 34.18 34.28 34.20 32.85 32.94 33.19 33.27 32.59 32.68 33.10 33.74 33.66 33.59 33.52 33.39 33.25 33.11 32.97 32.81 32.60 32.48 32.14 31.99 31.93 31.73 31.53 31.31 31.10 30.88 30.65 30.43
36.15 36.08 36.07 36.06 36.03 35.99 35.93 35.92 35.78 35.73 35.69 35.55 35.54 35.54 35.54 35.53 35.41 35.45 35.52 35.43 35.41 35.35 35.44 35.31 35.13 34.78 35.14 34.87 35.35 35.08 34.91 35.41 35.45 35.44 35.34 35.29 35.15 35.08 35.01 34.95 34.95 34.90 34.86 34.70 34.67 34.72 34.45 34.56 34.28 33.80 33.13 33.05 33.29 32.28 32.52 33.16 33.78 33.29 33.67 33.71 33.58 33.45 33.31 33.17 33.01 32.85 32.66 32.29 32.22 31.54 31.90 31.68 31.47 31.24 31.00 30.77 30.48
36.02 36.05 35.97 35.92 35.91 35.80 35.72 35.60 35.54 35.56 35.51 35.46 35.41 35.30 35.36 35.36 35.19 35.24 35.30 35.30 35.24 35.16 35.20 35.21 35.13 34.95 34.98 34.88 34.96 35.03 34.96 35.40 35.47 35.38 35.42 35.37 35.33 35.17 35.12 35.05 34.97 35.03 34.94 34.92 34.81 34.89 34.88 34.60 34.49 34.19 33.97 33.60 33.00 32.41 33.95 34.16 34.15 34.02 33.98 33.87 33.75 33.62 33.49 33.34 33.19 33.02 32.80 32.61 32.37 32.06 32.02 31.82 31.59 31.34 31.10 30.85 30.60
35.88 35.89 35.83 35.78 35.72 35.62 35.49 35.40 35.32 35.38 35.25 35.23 35.27 35.17 35.11 35.04 34.97 34.96 35.04 34.96 35.03 35.02 34.91 34.85 34.94 34.85 34.78 34.32 34.09 35.14 34.65 35.22 35.40 35.46 35.43 35.41 35.33 35.28 35.14 35.12 35.15 35.12 34.95 35.13 35.06 34.94 34.99 34.92 34.59 34.68 34.09 33.39 32.74 32.45 34.10 34.41 34.30 34.25 34.01 34.03 33.90 33.78 33.65 33.49 33.34 33.17 32.99 32.78 32.56 32.27 32.04 31.91 31.67 31.41 31.16 30.89 30.63
35.74 35.74 35.66 35.58 35.45 35.46 35.39 35.23 35.25 35.19 35.09 35.08 35.00 35.07 34.89 34.85 34.88 34.76 34.76 34.66 34.84 34.87 34.79 34.80 34.91 34.74 34.67 34.53 34.41 34.73 35.13 35.07 35.32 35.37 35.40 35.36 35.29 35.33 35.25 35.17 35.22 35.25 35.24 35.24 35.22 35.15 35.15 35.08 34.92 34.80 34.48 33.87 33.73 32.95 33.65 34.52 34.49 34.43 34.31 34.18 34.05 33.93 33.76 33.50 33.47 33.29 33.08 32.84 32.50 32.40 32.10 31.84 31.70 31.45 31.18 30.91 30.63
35.62 35.52 35.43 35.39 35.29 35.24 35.15 35.08 35.06 34.97 34.86 34.94 34.88 34.79 34.89 34.87 34.67 34.80 34.74 34.59 34.51 34.60 34.61 34.68 34.65 34.53 34.48 34.48 34.27 34.22 34.90 34.61 35.18 35.23 35.29 35.22 35.32 35.34 35.32 35.30 35.30 35.30 35.22 35.22 35.25 35.28 35.27 35.17 34.86 34.80 34.49 34.30 34.06 33.85 32.42 33.43 34.35 34.52 34.38 34.22 34.17 34.06 33.92 33.56 33.32 33.40 33.19 32.92 32.53 32.45 32.16 31.75 31.33 31.31 31.18 30.89 30.59
35.46 35.17 35.06 35.18 35.08 35.00 34.89 34.87 34.81 34.86 34.75 34.76 34.67 34.58 34.35 34.59 34.61 34.55 34.42 34.39 34.33 34.32 34.34 34.39 34.33 33.99 33.98 34.16 34.38 34.67 34.99 35.07 35.00 35.07 35.22 35.22 35.27 35.25 35.24 35.28 35.23 35.24 35.22 35.24 35.26 35.38 35.42 35.31 35.17 35.02 34.74 34.37 33.84 33.70 32.95 32.62 34.11 34.58 34.55 34.36 34.33 34.18 33.94 33.66 33.28 33.38 33.27 32.99 32.71 32.51 32.05 31.69 31.14 30.90 30.90 30.85 30.55
35.33 35.18 34.85 34.95 34.90 34.78 34.69 34.69 34.70 34.67 34.53 34.52 34.41 34.24 34.06 34.34 34.42 34.42 34.49 34.32 34.25 34.34 34.23 34.23 34.27 33.93 32.85 34.16 34.69 34.83 34.51 34.07 34.96 34.56 35.13 35.21 35.19 35.15 35.14 35.24 35.18 35.25 35.18 35.22 35.26 35.38 35.47 35.39 35.28 35.12 34.83 34.74 34.42 33.84 32.60 32.68 34.01 34.69 34.58 34.48 34.44 34.27 34.01 33.19 33.34 33.28 33.25 33.10 32.78 32.48 32.13 31.70 31.23 29.53 30.54 30.71 30.47
35.17 35.03 34.80 34.73 34.64 34.57 34.51 34.46 34.53 34.56 34.45 34.31 34.20 33.97 33.85 34.04 34.12 34.12 34.24 34.10 34.23 34.38 34.21 34.26 34.33 33.67 33.98 33.46 34.30 34.83 34.97 35.06 35.03 35.04 35.10 35.08 35.09 35.12 35.13 35.10 35.11 35.24 35.28 35.20 35.42 35.42 35.38 35.48 35.41 35.24 35.13 34.87 34.74 33.99 32.99 32.67 34.62 34.77 34.69 34.65 34.52 34.26 34.11 33.83 33.18 31.41 33.25 33.12 32.79 32.30 32.07 31.75 31.13 30.08 29.72 30.50 30.32
35.01 34.81 34.67 34.58 34.22 34.37 34.25 34.23 34.42 34.32 34.27 34.27 34.05 33.85 33.57 33.62 33.74 33.93 33.96 34.21 34.23 34.36 34.43 34.41 34.34 34.18 34.06 33.49 34.28 34.49 34.86 34.92 34.75 33.88 34.61 34.97 35.01 35.04 34.96 35.03 35.08 35.08 35.23 35.30 35.26 35.13 35.40 35.44 35.46 35.40 35.23 35.17 35.02 34.61 34.20 33.55 34.37 34.63 34.76 34.67 34.55 34.30 34.04 33.85 33.06 33.41 33.20 33.03 32.83 32.37 32.06 31.71 31.05 29.98 30.61 30.35 30.27
34.87 34.67 34.41 34.34 34.18 34.18 33.95 34.13 34.27 34.26 34.20 34.05 34.08 33.92 33.61 33.62 33.80 33.88 34.08 34.09 34.24 34.34 34.21 34.12 33.94 34.02 34.10 33.85 32.80 34.14 34.67 34.71 34.59 34.80 34.84 34.86 34.92 34.79 34.89 35.02 35.06 35.05 35.18 35.21 35.10 34.86 35.30 35.01 35.18 35.35 35.35 35.30 35.11 34.87 34.67 33.90 34.09 34.76 34.78 34.70 34.54 34.37 34.06 33.75 33.00 33.11 32.79 32.98 32.77 32.53 32.13 31.54 31.26 30.86 30.23 30.29 30.06
34.74 34.59 34.46 34.20 33.82 33.94 33.97 33.93 34.07 34.08 34.10 33.95 33.87 33.67 33.61 33.42 33.73 33.92 33.96 34.12 34.25 34.19 34.08 34.13 34.10 34.17 33.97 34.01 33.94 33.34 34.05 34.32 34.43 34.01 34.05 34.45 34.62 34.71 34.72 34.90 34.88 34.93 34.98 35.06 34.92 35.08 34.97 34.52 35.03 35.14 35.15 35.28 35.28 35.09 34.86 34.53 33.68 34.78 34.52 34.68 34.29 34.29 33.67 33.56 32.82 32.83 31.45 31.50 32.34 32.47 32.14 31.72 31.40 30.98 30.57 29.83 29.52
34.57 34.49 34.33 34.15 33.96 33.89 33.89 33.96 33.95 33.92 33.88 33.81 33.68 33.47 33.32 33.32 33.71 33.90 33.90 34.09 34.12 34.21 34.22 34.25 34.09 33.91 34.15 34.09 34.08 34.22 33.91 34.05 34.02 34.28 34.10 34.38 34.62 34.57 34.61 34.72 34.76 34.84 34.89 34.86 34.79 35.00 34.76 34.30 34.52 34.59 35.05 35.13 35.28 35.25 35.00 34.35 33.39 34.58 34.19 34.58 34.43 34.27 33.79 33.57 33.24 33.14 32.72 32.46 32.28 32.36 32.13 31.75 31.29 30.26 30.21 29.14 29.27
34.42 34.20 34.23 34.08 34.06 33.71 32.91 33.64 33.72 33.86 33.78 33.59 33.50 33.37 32.98 32.97 33.55 33.77 33.92 33.83 33.91 34.14 34.19 34.11 33.95 34.09 34.13 34.04 34.07 34.27 33.89 33.75 33.39 32.53 34.14 34.43 34.35 34.52 34.60 34.71 34.76 34.72 34.85 34.85 34.62 34.81 34.51 34.61 34.47 34.68 34.62 34.72 34.85 35.25 35.13 34.83 33.71 34.15 34.26 34.32 34.26 34.00 33.71 33.71 33.31 33.16 32.75 32.58 32.06 32.26 32.07 31.77 31.40 30.93 30.43 30.04 29.53
34.44 34.26 34.19 34.06 33.90 33.50 31.44 33.51 33.67 33.69 33.63 33.55 32.87 33.21 32.95 32.86 33.35 33.70 33.87 33.93 33.97 34.16 34.08 33.99 34.02 34.10 34.18 34.10 34.23 34.27 33.71 34.04 33.85 33.63 34.08 33.83 34.09 34.13 34.28 34.57 34.58 34.76 34.77 34.80 34.81 34.72 34.67 34.69 34.60 34.80 34.48 34.71 34.89 35.23 35.16 35.10 34.55 32.74 34.36 34.10 34.00 34.02 33.85 33.72 33.49 32.57 32.59 32.48 32.27 31.54 31.95 31.70 31.38 30.95 30.36 29.89 29.92
34.30 34.27 34.19 33.95 33.75 33.52 31.99 33.37 33.53 33.59 33.57 33.39 33.13 32.99 32.85 32.60 33.42 33.73 33.75 33.80 33.99 34.06 34.17 34.01 34.10 33.95 34.09 34.03 34.20 34.20 34.08 34.22 34.10 33.85 34.11 33.92 33.66 34.25 34.47 34.46 34.55 34.65 34.77 34.80 34.73 34.64 34.59 34.80 34.79 34.71 35.00 34.95 35.12 35.16 35.08 35.09 34.80 34.17 34.18 34.30 33.83 33.99 33.76 33.52 33.22 33.13 32.21 32.71 32.31 31.91 31.45 31.61 31.25 31.00 30.74 30.30 29.63
34.15 34.13 34.12 33.99 33.80 33.52 33.47 33.51 33.32 33.47 33.50 33.36 32.48 32.92 32.89 33.21 33.42 33.60 33.84 33.79 33.89 33.84 34.02 34.07 34.06 34.02 34.15 34.06 34.22 34.19 34.07 34.27 34.10 34.04 33.80 34.01 34.28 34.32 34.49 34.58 34.57 34.55 34.64 34.79 34.77 34.71 34.67 34.69 34.80 34.91 35.00 35.02 35.06 35.00 35.02 35.03 34.85 34.67 34.12 34.25 33.77 33.67 33.90 33.81 33.60 33.42 32.85 32.20 32.67 32.12 31.87 31.43 31.10 31.06 30.84 30.60 30.23
34.04 34.01 34.01 33.99 33.86 33.73 33.70 33.54 33.25 33.17 33.45 33.31 33.18 32.97 32.98 33.50 33.61 33.66 33.60 33.89 33.88 33.83 34.04 34.18 34.09 34.12 34.10 34.18 34.23 34.07 34.17 34.23 34.24 34.06 34.04 34.23 34.38 34.44 34.52 34.61 34.53 34.67 34.67 34.73 34.66 34.71 34.68 34.68 34.84 34.87 34.87 35.01 34.60 34.83 34.75 35.03 34.96 34.86 34.48 34.07 32.77 33.58 33.60 33.69 33.53 33.36 33.03 32.94 32.47 31.72 32.08 31.70 31.30 31.19 31.03 30.56 30.37
33.82 33.89 33.90 33.89 33.85 33.78 33.62 33.24 32.73 33.08 33.08 33.26 33.13 32.68 33.19 33.40 33.62 33.47 33.85 33.94 34.00 34.04 34.06 34.14 34.14 34.16 34.16 34.06 34.09 34.02 34.26 34.32 34.18 34.03 34.11 34.24 34.29 34.38 34.45 34.38 34.51 34.45 34.48 34.58 34.66 34.70 34.72 34.74 34.66 34.70 34.68 34.69 34.36 34.41 34.58 34.52 34.79 34.84 34.22 33.27 32.75 33.05 33.90 33.82 33.86 33.64 33.24 32.99 32.44 31.93 32.20 31.85 31.72 31.32 31.15 30.57 30.34
33.68 33.80 33.81 33.83 33.78 33.73 33.67 33.50 33.34 33.10 33.02 33.19 33.02 32.88 33.04 33.45 33.63 33.63 33.86 33.72 33.81 34.01 34.10 34.14 34.19 34.21 34.15 34.18 34.01 34.10 34.27 34.32 34.30 34.05 34.17 34.17 34.22 34.23 34.14 34.22 34.33 34.35 34.39 34.56 34.57 34.62 34.65 34.75 34.54 34.55 34.69 34.62 34.51 34.19 34.21 34.41 34.84 34.84 34.29 33.62 33.85 32.99 32.89 33.43 33.72 33.66 33.21 33.06 32.63 32.26 32.43 31.97 31.81 31.52 31.29 30.99 30.11
33.64 33.68 33.70 33.71 33.70 33.64 33.63 33.52 33.33 33.20 33.00 32.61 32.95 33.05 33.34 33.33 33.52 33.70 33.72 33.59 33.63 33.66 33.96 34.08 34.13 34.23 34.26 34.11 34.03 34.02 34.22 34.35 34.22 34.18 34.28 34.12 34.11 34.33 34.39 34.40 34.19 34.37 34.29 34.45 34.43 34.59 34.56 34.58 34.47 34.51 34.52 34.42 34.29 34.02 34.06 34.13 34.80 34.86 34.73 34.16 33.15 33.01 33.42 32.63 33.58 33.69 32.90 33.03 32.37 32.44 32.37 32.12 31.84 31.66 31.48 31.18 30.68
33.56 33.60 33.57 33.61 33.62 33.58 33.45 33.48 33.43 33.31 32.79 33.05 32.89 32.99 32.99 33.19 33.58 33.74 33.47 33.58 33.80 33.90 33.97 33.90 33.95 33.96 34.25 34.25 34.28 34.17 34.13 34.37 34.35 34.31 34.21 34.10 34.10 34.17 34.16 34.24 34.43 34.40 34.40 34.43 34.57 34.55 34.61 34.42 34.46 34.39 34.49 34.39 34.22 34.24 34.08 34.02 34.59 34.42 34.74 34.44 33.98 33.46 33.63 32.43 33.40 33.53 33.51 32.85 31.87 32.38 32.26 31.89 31.97 31.79 31.69 31.40 30.83
33.42 33.51 33.46 33.44 33.56 33.58 33.48 33.29 33.28 33.21 33.06 32.96 33.01 32.97 33.17 33.46 33.62 33.63 33.50 33.53 33.55 33.55 33.73 33.91 34.04 34.09 34.04 34.23 34.31 34.13 34.23 34.22 34.39 34.36 34.25 34.30 34.15 33.87 33.87 34.33 34.25 34.46 34.50 34.45 34.62 34.54 34.48 34.41 34.35 34.31 34.39 34.35 34.35 34.43 34.44 34.16 33.98 34.70 34.74 34.57 34.23 33.52 33.67 33.27 33.73 33.80 33.49 32.78 32.31 31.79 32.14 32.25 31.87 31.93 31.79 31.43 31.37
33.36 33.37 33.33 33.35 33.50 33.50 33.43 33.44 33.27 33.06 32.97 32.65 32.64 32.51 33.01 33.31 33.51 33.50 33.63 33.74 33.78 33.71 33.99 33.77 33.77 33.97 33.97 34.13 34.32 34.20 34.16 34.27 34.29 34.25 34.32 34.23 34.28 33.75 33.73 34.09 34.23 34.52 34.46 34.56 34.45 34.45 34.30 34.35 34.27 34.26 34.31 34.21 34.29 34.42 34.55 34.26 34.54 34.85 34.82 34.71 34.49 33.90 33.67 33.81 33.30 33.94 33.38 32.62 32.76 32.00 32.01 32.25 32.29 31.86 31.83 31.87 31.67
33.25 33.23 33.24 33.26 33.43 33.34 33.39 33.36 33.28 33.09 32.61 31.33 31.86 31.97 32.81 33.09 32.38 33.54 33.40 33.72 33.66 33.71 33.78 33.99 34.09 34.07 33.76 34.14 34.27 34.30 34.32 34.27 34.21 34.23 34.38 34.38 33.99 34.13 33.58 33.99 34.16 34.53 34.29 34.30 34.43 34.32 34.32 34.18 34.24 34.20 34.18 34.10 34.34 34.36 34.51 34.55 34.65 34.75 34.76 34.74 34.36 34.33 33.54 33.86 33.74 33.74 33.80 33.51 33.34 33.04 32.33 31.93 32.11 32.05 32.16 32.00 31.92
33.17 33.10 33.10 33.30 33.32 33.37 33.20 33.24 33.19 33.10 32.28 31.60 31.18 31.54 32.91 32.91 33.37 33.02 33.86 33.92 33.95 33.85 34.05 34.09 34.09 34.08 34.09 34.07 34.25 34.27 34.29 34.34 34.33 34.36 34.36 34.36 34.38 34.26 34.00 34.21 34.42 34.42 34.38 34.21 34.24 34.32 34.14 34.14 34.13 34.20 34.14 34.13 34.24 34.37 34.46 34.59 34.60 34.64 34.35 34.85 34.75 34.41 33.34 33.99 34.01 34.05 33.86 33.76 33.44 33.02 31.94 32.09 32.38 32.26 32.12 32.29 31.96
32.99 32.98 32.97 33.16 33.24 33.07 33.26 33.17 33.13 32.97 32.82 32.46 31.61 31.48 32.20 32.24 33.34 33.05 33.62 33.76 33.85 33.75 33.98 33.94 34.03 34.12 34.12 34.11 34.15 34.13 34.25 34.29 34.28 34.28 34.29 34.28 34.33 34.35 34.15 34.19 34.19 34.21 34.18 34.21 34.10 34.08 34.00 34.01 34.07 34.17 34.28 34.32 34.22 34.35 34.43 34.51 34.61 34.65 34.64 34.78 34.80 34.64 34.04 34.12 34.21 33.37 33.84 33.89 33.62 32.88 33.15 33.05 32.75 32.81 32.51 31.83 32.14
32.76 32.90 32.89 33.07 33.18 33.20 33.07 33.03 33.09 32.86 32.67 31.55 30.97 30.79 32.09 31.75 32.54 33.80 33.44 33.59 33.58 33.72 33.84 33.91 33.87 33.91 33.91 33.83 33.83 34.20 34.21 34.16 34.15 34.08 34.14 34.12 34.20 34.28 34.35 34.28 33.81 34.02 33.93 34.06 34.03 34.07 33.89 33.84 33.98 34.06 34.15 34.25 34.30 34.35 34.44 34.45 34.53 34.58 34.32 34.65 34.70 34.73 34.64 34.08 34.13 34.32 34.15 34.13 33.55 33.01 33.02 32.80 32.71 32.72 31.92 32.07 32.16
