datasets/raw/temp/2019121120191211.grid
ncols 886
nrows 691
xllcenter 112.0000
yllcenter -44.5000
cellsize 0.0500
nodata_value 99999.90
[rows 204 to 237 of 691, columns 308 to 384 of 886]
44.67 44.67 44.66 44.65 44.56 44.42 44.31 44.33 44.28 44.29 44.23 44.19 43.98 43.82 43.83 43.95 43.99 44.06 44.13 44.15 44.12 44.11 44.04 43.97 43.90 43.61 43.72 43.81 43.84 43.87 43.85 43.85 43.74 43.80 43.89 43.73 43.79 43.74 43.84 43.91 43.82 43.82 43.69 43.70 43.65 43.88 44.03 44.09 44.09 43.97 44.12 44.23 44.30 44.38 44.38 44.35 44.33 44.24 44.12 44.09 44.03 44.01 44.03 43.93 43.82 43.88 43.85 43.93 43.91 43.88 43.95 43.95 43.95 43.97 44.02 44.07 44.15
44.68 44.69 44.67 44.66 44.57 44.35 44.30 44.30 44.21 44.10 44.18 44.18 43.83 43.92 43.92 43.85 43.67 44.08 44.14 44.17 44.17 44.15 44.08 44.04 43.99 43.92 43.61 43.87 43.95 43.89 43.89 43.83 43.76 43.89 43.83 43.70 43.83 43.86 43.91 43.84 43.70 43.74 43.74 43.76 43.89 43.94 44.05 44.08 44.02 44.01 43.99 44.17 44.29 44.37 44.26 44.20 44.22 44.17 44.13 44.14 44.07 44.01 44.00 43.95 43.84 43.88 43.91 43.99 43.99 44.02 44.05 44.06 44.02 43.94 43.95 44.02 44.01
44.71 44.70 44.68 44.64 44.58 44.39 44.26 44.19 44.08 44.14 43.93 44.01 43.83 43.96 44.03 43.99 44.00 43.99 44.16 44.20 44.18 44.21 44.18 44.11 44.08 44.07 44.00 43.60 43.99 44.00 43.97 43.85 43.88 43.93 43.76 43.77 43.89 43.90 43.92 43.78 43.73 43.67 43.77 43.80 43.93 44.00 44.08 44.14 44.10 44.07 44.14 44.27 44.32 44.32 44.20 44.11 44.08 44.12 44.17 44.19 44.09 44.05 44.05 43.95 43.89 43.97 43.98 44.05 44.09 44.09 44.10 44.11 44.06 44.01 43.97 44.02 44.06
44.70 44.69 44.67 44.64 44.58 44.50 44.24 44.32 44.25 44.16 44.10 43.97 43.84 43.94 44.03 44.06 43.99 43.96 44.18 44.21 44.22 44.23 44.23 44.21 44.17 44.14 44.11 44.03 44.05 44.04 44.03 43.98 44.01 43.95 43.82 43.91 43.97 43.99 43.90 43.80 43.81 43.84 43.77 43.88 43.80 44.00 44.09 44.15 44.14 44.13 44.22 44.26 44.26 44.30 44.24 44.21 44.22 44.20 44.17 44.16 44.15 44.12 44.09 44.04 44.01 44.04 44.10 44.13 44.16 44.14 44.15 44.15 44.11 44.06 43.95 43.93 43.95
44.65 44.59 44.63 44.60 44.58 44.52 44.39 44.30 44.35 44.27 44.19 44.08 44.06 43.95 44.00 44.10 44.04 44.11 44.17 44.22 44.23 44.25 44.24 44.24 44.21 44.18 44.15 44.02 43.93 43.90 44.04 44.04 43.90 44.03 44.08 44.06 44.06 44.01 43.96 43.96 43.95 43.91 43.87 43.91 43.92 43.99 44.07 44.17 44.17 44.18 44.19 44.24 44.26 44.26 44.21 44.21 44.20 44.19 44.15 44.13 44.12 44.12 44.10 44.11 44.10 44.12 44.14 44.15 44.15 44.12 44.12 44.14 44.11 44.09 43.99 43.92 43.88
44.57 44.50 44.49 44.57 44.54 44.47 44.33 44.32 44.39 44.33 44.23 44.13 44.21 44.11 44.06 44.09 44.10 44.00 44.11 44.19 44.21 44.25 44.24 44.24 44.20 44.18 44.17 44.14 44.05 43.92 44.03 44.07 44.09 44.10 44.11 44.07 44.03 44.03 44.07 44.03 44.05 44.02 44.00 43.95 43.96 44.03 44.08 44.17 44.20 44.20 44.19 44.18 44.20 44.22 44.22 44.19 44.17 44.12 44.09 44.05 44.02 44.08 44.08 44.09 44.11 44.13 44.12 44.08 44.09 44.00 44.00 44.07 44.11 44.10 44.02 43.97 43.89
44.27 44.44 44.55 44.53 44.47 44.37 44.41 44.42 44.33 44.28 44.24 44.30 44.26 44.12 44.02 44.16 44.15 44.09 44.04 44.16 44.22 44.24 44.21 44.23 44.23 44.17 44.14 43.91 43.81 43.95 44.00 44.06 44.08 44.06 44.02 44.00 44.03 44.06 44.12 44.09 44.11 44.08 44.01 43.92 43.91 44.05 44.15 44.17 44.15 44.06 44.06 44.01 44.11 44.16 44.16 44.13 44.09 44.01 44.01 43.98 43.96 44.01 44.02 44.03 44.09 44.12 44.08 44.02 44.05 43.97 43.94 43.98 44.09 44.10 44.06 44.01 43.93
44.48 44.49 44.59 44.53 44.34 44.33 44.40 44.44 44.38 44.27 44.38 44.40 44.31 44.18 44.10 44.04 44.16 44.20 44.15 43.87 44.25 44.26 44.17 43.96 44.11 43.99 44.03 43.88 44.07 44.10 44.11 44.08 44.06 43.94 44.07 44.05 44.07 44.11 44.10 44.13 44.13 44.13 44.03 44.02 44.05 44.10 44.17 44.19 44.15 44.05 43.95 43.89 44.01 44.08 44.09 44.07 44.01 43.93 43.92 43.88 43.86 43.96 43.88 43.94 44.02 44.11 44.10 43.97 44.02 44.06 43.97 43.89 44.05 44.09 44.08 44.03 43.97
44.45 44.42 44.59 44.48 44.42 44.51 44.44 44.42 44.49 44.26 44.47 44.46 44.42 44.27 44.24 44.16 44.21 44.27 44.26 44.25 44.27 44.29 44.18 44.05 43.96 43.97 43.95 44.05 44.14 44.21 44.19 44.14 44.17 44.08 44.06 44.03 44.03 44.12 44.09 44.13 44.18 44.17 44.02 43.90 44.05 44.10 44.18 44.18 44.18 44.11 44.05 43.97 43.88 43.96 43.97 43.96 43.97 43.88 43.86 43.89 43.89 43.93 43.86 43.85 43.98 44.08 44.07 43.99 43.92 43.98 43.99 43.83 44.00 44.07 44.10 44.07 44.03
44.49 44.52 44.40 44.52 44.54 44.59 44.59 44.53 44.51 44.36 44.51 44.50 44.47 44.43 44.36 44.31 44.35 44.34 44.33 44.29 44.28 44.29 44.07 44.06 44.13 44.12 44.05 44.10 44.13 44.22 44.16 44.15 44.19 44.18 44.15 44.13 44.15 44.19 44.16 44.21 44.24 44.20 44.07 43.95 44.04 44.11 44.16 44.20 44.22 44.13 44.03 43.88 43.87 43.85 43.86 43.85 43.90 43.91 43.93 43.97 44.03 44.03 43.94 43.89 43.90 43.98 44.02 43.92 43.83 43.82 43.80 43.85 43.87 43.95 44.06 44.07 44.05
44.46 44.65 44.57 44.52 44.64 44.67 44.66 44.64 44.55 44.55 44.55 44.54 44.49 44.47 44.43 44.40 44.35 44.35 44.35 44.22 44.22 44.27 44.24 44.17 44.07 43.99 44.13 44.11 44.27 44.29 44.31 44.26 44.22 44.25 44.24 44.22 44.23 44.29 44.26 44.25 44.29 44.22 44.10 43.98 44.02 44.05 44.19 44.25 44.24 44.15 44.05 44.02 43.92 43.87 43.93 43.87 43.82 43.91 44.04 44.09 44.14 44.08 44.01 43.96 43.88 43.94 43.92 43.88 43.88 43.90 43.84 43.86 43.81 43.92 44.01 44.04 44.03
44.61 44.64 44.59 44.46 44.58 44.67 44.68 44.66 44.64 44.59 44.55 44.51 44.45 44.45 44.43 44.41 44.41 44.35 44.28 44.19 44.20 44.25 44.23 44.07 44.18 44.21 44.29 44.31 44.34 44.37 44.37 44.32 44.33 44.30 44.23 44.26 44.32 44.34 44.34 44.36 44.34 44.27 44.17 44.11 44.12 44.08 44.18 44.26 44.28 44.24 44.17 44.11 44.02 44.04 44.02 43.94 43.91 43.98 44.07 44.17 44.20 44.20 44.14 44.04 44.05 44.05 44.01 43.99 44.02 44.00 43.97 43.98 43.94 43.90 43.92 43.96 44.01
44.60 44.54 44.56 44.47 44.48 44.60 44.63 44.66 44.65 44.62 44.58 44.45 44.37 44.41 44.39 44.37 44.26 44.26 44.25 44.19 44.22 44.21 44.13 44.13 44.22 44.25 44.33 44.36 44.41 44.41 44.41 44.42 44.37 44.32 44.25 44.22 44.25 44.29 44.37 44.39 44.39 44.36 44.30 44.25 44.25 44.26 44.27 44.30 44.29 44.28 44.26 44.19 44.12 44.12 44.11 44.02 43.93 44.04 44.12 44.18 44.21 44.22 44.17 44.17 44.15 44.12 44.08 44.07 44.08 44.06 44.03 44.04 44.01 44.02 43.97 43.85 43.91
44.46 44.47 44.32 44.41 44.42 44.41 44.55 44.50 44.58 44.55 44.52 44.37 44.27 44.34 44.33 44.25 44.27 44.05 44.19 44.17 44.17 44.16 44.04 44.15 44.26 44.31 44.31 44.41 44.45 44.46 44.44 44.45 44.40 44.33 44.27 44.10 44.11 44.17 44.32 44.40 44.40 44.40 44.38 44.34 44.33 44.34 44.36 44.32 44.32 44.32 44.30 44.21 44.16 44.20 44.18 44.07 44.04 44.06 44.18 44.21 44.22 44.23 44.20 44.19 44.17 44.16 44.14 44.12 44.09 44.07 44.05 44.04 44.03 44.01 43.96 43.92 43.83
44.39 44.47 44.51 44.43 44.40 44.24 44.38 44.44 44.43 44.38 44.45 44.29 44.19 44.29 44.31 44.18 44.07 44.00 44.08 44.04 44.09 44.10 44.08 44.21 44.35 44.41 44.46 44.50 44.50 44.39 44.50 44.50 44.40 44.37 44.30 44.21 44.17 44.17 44.29 44.44 44.46 44.43 44.41 44.41 44.39 44.38 44.37 44.35 44.35 44.35 44.34 44.34 44.32 44.29 44.24 44.20 44.19 44.18 44.24 44.27 44.25 44.25 44.24 44.21 44.19 44.16 44.15 44.15 44.13 44.09 44.05 44.00 44.01 43.98 43.96 43.95 43.85
44.45 44.50 44.44 44.47 44.45 44.38 44.23 44.30 44.20 44.25 44.34 44.19 44.21 44.33 44.21 44.22 43.96 44.07 44.13 44.01 44.00 44.16 44.28 44.18 44.41 44.46 44.51 44.51 44.47 44.50 44.52 44.52 44.52 44.40 44.36 44.40 44.32 44.37 44.47 44.48 44.46 44.42 44.42 44.40 44.39 44.35 44.33 44.34 44.35 44.36 44.37 44.35 44.35 44.34 44.34 44.32 44.29 44.29 44.30 44.31 44.23 44.18 44.17 44.19 44.17 44.13 44.12 44.12 44.12 44.07 44.02 43.99 43.98 43.93 43.93 43.91 43.81
44.52 44.64 44.53 44.53 44.50 44.40 44.31 44.22 44.18 44.37 44.37 44.41 44.39 44.38 44.32 44.18 44.20 44.28 44.16 44.09 44.13 44.26 44.35 44.36 44.39 44.53 44.52 44.54 44.51 44.51 44.50 44.55 44.52 44.52 44.40 44.48 44.45 44.50 44.48 44.41 44.33 44.40 44.39 44.36 44.33 44.26 44.27 44.27 44.31 44.34 44.34 44.32 44.32 44.33 44.34 44.34 44.33 44.33 44.30 44.28 44.17 44.04 44.10 44.16 44.15 44.12 44.12 44.10 44.02 43.98 43.92 44.02 43.96 43.95 43.92 43.91 43.86
44.62 44.67 44.71 44.62 44.54 44.43 44.35 44.27 44.31 44.27 44.39 44.46 44.45 44.45 44.35 44.33 44.29 44.19 44.20 44.19 44.23 44.21 44.36 44.36 44.50 44.46 44.57 44.56 44.58 44.55 44.57 44.57 44.59 44.57 44.49 44.57 44.57 44.54 44.47 44.39 44.32 44.25 44.35 44.36 44.27 44.22 44.18 44.23 44.23 44.25 44.27 44.31 44.31 44.36 44.37 44.33 44.32 44.29 44.31 44.29 44.23 44.13 44.01 44.09 44.13 44.10 44.10 44.10 44.05 43.93 43.90 43.97 43.94 43.93 43.91 43.88 43.86
44.68 44.78 44.76 44.67 44.61 44.49 44.46 44.44 44.42 44.36 44.26 44.37 44.41 44.42 44.34 44.35 44.22 44.17 44.13 44.21 44.34 44.47 44.25 44.43 44.46 44.58 44.59 44.62 44.61 44.62 44.61 44.62 44.61 44.62 44.59 44.59 44.55 44.52 44.39 44.37 44.28 44.21 44.30 44.36 44.31 44.20 44.15 44.21 44.18 44.15 44.27 44.30 44.32 44.32 44.33 44.31 44.33 44.27 44.28 44.25 44.19 44.10 44.07 44.04 44.03 44.03 44.08 44.10 44.10 44.01 43.90 43.90 43.92 43.92 43.89 43.89 43.87
44.80 44.79 44.79 44.74 44.60 44.59 44.57 44.54 44.51 44.42 44.32 44.19 44.37 44.27 44.28 44.29 44.21 44.26 44.20 43.95 44.41 44.56 44.46 44.43 44.59 44.65 44.65 44.63 44.63 44.67 44.63 44.66 44.63 44.63 44.61 44.59 44.55 44.53 44.50 44.39 44.35 44.31 44.15 44.28 44.33 44.23 44.14 44.15 44.12 44.10 44.23 44.26 44.28 44.26 44.24 44.21 44.26 44.26 44.27 44.18 44.10 43.97 44.02 43.95 44.05 44.04 44.06 44.08 44.07 44.03 43.95 43.84 43.87 43.88 43.87 43.86 43.85
44.84 44.83 44.83 44.80 44.76 44.74 44.65 44.55 44.54 44.46 44.26 44.21 44.17 44.12 44.17 44.24 44.30 44.30 44.36 44.35 44.48 44.61 44.66 44.65 44.67 44.70 44.67 44.68 44.66 44.70 44.62 44.64 44.68 44.64 44.59 44.52 44.49 44.49 44.45 44.42 44.44 44.42 44.25 44.18 44.26 44.26 44.14 44.10 44.07 44.16 44.22 44.24 44.22 44.16 44.14 44.18 44.23 44.23 44.22 44.14 44.05 43.94 43.93 43.98 44.03 44.04 44.04 44.05 44.03 44.01 43.98 43.81 43.81 43.86 43.84 43.83 43.82
44.86 44.85 44.85 44.85 44.83 44.80 44.64 44.48 44.53 44.43 44.31 44.13 44.06 44.22 44.35 44.40 44.51 44.50 44.52 44.59 44.50 44.71 44.72 44.70 44.67 44.71 44.72 44.70 44.50 44.70 44.73 44.60 44.66 44.63 44.52 44.48 44.51 44.46 44.36 44.42 44.36 44.42 44.33 44.21 44.12 44.13 44.17 44.19 44.16 44.10 44.15 44.17 44.13 44.10 44.16 44.20 44.18 44.15 44.17 44.10 44.01 44.03 44.05 44.01 44.01 44.01 43.98 43.97 43.93 43.96 43.91 43.78 43.77 43.80 43.81 43.80 43.80
44.81 44.88 44.87 44.87 44.86 44.79 44.67 44.66 44.62 44.46 44.39 44.34 44.23 44.13 44.27 44.33 44.49 44.59 44.65 44.67 44.60 44.69 44.77 44.77 44.74 44.78 44.60 44.62 44.67 44.74 44.77 44.60 44.52 44.53 44.46 44.57 44.48 44.42 44.29 44.36 44.39 44.42 44.37 44.30 44.24 44.21 44.08 44.05 44.14 44.11 44.05 44.01 44.04 44.07 44.11 44.12 44.07 44.08 44.04 43.99 44.05 44.05 44.02 44.02 44.00 43.98 43.98 43.84 43.89 43.93 43.89 43.84 43.72 43.72 43.79 43.78 43.77
44.69 44.77 44.80 44.88 44.90 44.85 44.80 44.76 44.68 44.58 44.48 44.47 44.42 44.26 44.17 44.41 44.57 44.64 44.72 44.74 44.74 44.81 44.82 44.76 44.82 44.80 44.78 44.53 44.67 44.77 44.76 44.67 44.65 44.64 44.57 44.51 44.32 44.34 44.25 44.22 44.40 44.32 44.40 44.38 44.36 44.34 44.27 44.18 44.04 44.03 44.03 44.01 43.96 44.01 44.06 44.02 43.94 43.98 43.95 43.90 44.05 43.94 44.02 43.97 43.96 43.96 43.91 43.79 43.85 43.83 43.86 43.79 43.65 43.67 43.76 43.74 43.74
44.67 44.61 44.82 44.80 44.91 44.86 44.86 44.72 44.57 44.59 44.58 44.50 44.43 44.23 44.19 44.47 44.59 44.74 44.81 44.81 44.82 44.83 44.84 44.86 44.84 44.85 44.85 44.73 44.70 44.73 44.80 44.75 44.69 44.66 44.42 44.48 44.34 44.24 44.18 44.30 44.35 44.17 44.35 44.39 44.37 44.27 44.24 44.27 44.18 44.04 43.87 43.85 43.85 43.90 43.93 43.83 43.81 43.93 43.93 43.99 44.02 43.96 44.00 43.90 43.87 43.93 43.92 43.85 43.76 43.72 43.75 43.73 43.68 43.72 43.72 43.72 43.72
44.82 44.87 44.90 44.86 44.80 44.87 44.88 44.81 44.75 44.67 44.53 44.39 44.38 44.22 44.17 44.56 44.68 44.76 44.87 44.84 44.85 44.89 44.84 44.88 44.88 44.89 44.86 44.81 44.82 44.81 44.80 44.76 44.73 44.64 44.55 44.48 44.40 44.32 44.23 44.16 44.23 44.25 44.35 44.37 44.29 44.28 44.10 44.21 44.17 44.16 44.06 44.06 44.06 44.02 44.00 43.87 43.95 43.96 43.99 43.94 43.99 43.98 43.98 43.93 43.92 43.91 43.89 43.86 43.79 43.68 43.65 43.70 43.70 43.70 43.68 43.69 43.69
44.97 44.91 44.98 44.95 44.81 44.81 44.89 44.88 44.81 44.73 44.65 44.55 44.46 44.48 44.41 44.61 44.75 44.81 44.89 44.84 44.75 44.90 44.89 44.91 44.90 44.93 44.91 44.93 44.84 44.82 44.82 44.77 44.75 44.69 44.60 44.54 44.49 44.44 44.38 44.28 44.24 44.25 44.34 44.32 44.30 44.27 44.26 44.26 44.29 44.28 44.23 44.20 44.18 44.17 44.05 43.92 43.93 44.03 43.93 43.98 44.00 43.97 43.97 43.92 43.91 43.89 43.86 43.77 43.75 43.64 43.61 43.63 43.71 43.67 43.67 43.67 43.68
44.89 44.95 44.96 45.00 44.97 44.88 44.83 44.90 44.85 44.81 44.72 44.63 44.58 44.62 44.53 44.61 44.73 44.92 44.96 44.92 44.66 44.86 44.91 44.96 44.95 44.94 44.95 44.87 44.81 44.83 44.85 44.84 44.72 44.70 44.63 44.53 44.44 44.39 44.28 44.30 44.14 44.15 44.29 44.27 44.38 44.41 44.44 44.43 44.43 44.42 44.36 44.31 44.22 44.10 44.08 44.01 43.96 43.97 43.92 43.96 43.96 43.92 43.92 43.90 43.91 43.88 43.84 43.77 43.66 43.70 43.70 43.70 43.69 43.66 43.66 43.66 43.66
44.75 44.79 44.88 45.01 45.00 44.96 44.88 44.84 44.79 44.73 44.66 44.68 44.70 44.71 44.71 44.73 44.75 44.97 45.00 45.02 44.91 44.87 44.90 44.78 44.93 44.99 45.00 44.87 44.76 44.81 44.89 44.87 44.67 44.69 44.63 44.52 44.36 44.40 44.31 44.24 44.27 44.35 44.34 44.29 44.35 44.48 44.50 44.49 44.43 44.37 44.35 44.29 44.24 44.19 44.13 44.00 44.05 44.03 43.99 43.93 43.92 43.92 43.90 43.87 43.86 43.85 43.82 43.78 43.72 43.74 43.72 43.71 43.67 43.64 43.63 43.63 43.63
44.74 44.68 44.85 45.01 45.06 45.00 44.97 44.83 44.71 44.57 44.59 44.59 44.74 44.76 44.79 44.77 44.83 44.95 44.99 45.03 44.99 44.88 44.93 44.85 44.90 44.93 44.96 44.84 44.82 44.80 44.88 44.87 44.83 44.76 44.66 44.55 44.40 44.36 44.32 44.26 44.25 44.36 44.40 44.48 44.48 44.56 44.54 44.50 44.42 44.37 44.28 44.14 44.11 44.08 44.16 44.08 44.08 44.06 43.99 43.92 43.91 43.89 43.87 43.85 43.85 43.82 43.81 43.78 43.74 43.73 43.71 43.70 43.67 43.63 43.61 43.61 43.61
44.83 44.76 44.92 45.03 45.05 45.01 44.98 44.88 44.85 44.71 44.52 44.61 44.76 44.79 44.88 44.82 44.88 44.98 45.01 45.00 45.02 44.92 44.94 44.98 44.86 44.77 44.91 44.92 44.74 44.64 44.80 44.92 44.83 44.77 44.70 44.54 44.46 44.45 44.41 44.44 44.37 44.36 44.45 44.55 44.59 44.61 44.58 44.53 44.51 44.42 44.35 44.23 44.14 44.19 44.19 44.16 44.10 44.04 43.97 43.93 43.88 43.87 43.83 43.83 43.81 43.79 43.76 43.75 43.74 43.73 43.68 43.63 43.64 43.63 43.59 43.57 43.57
44.87 44.81 44.94 45.01 45.04 44.98 45.00 44.97 44.91 44.83 44.61 44.54 44.81 44.87 44.88 44.89 44.93 44.92 44.92 45.06 44.95 45.02 44.96 45.03 44.97 44.90 44.92 44.92 44.91 44.82 44.69 44.70 44.89 44.83 44.71 44.59 44.60 44.58 44.59 44.53 44.36 44.38 44.52 44.62 44.68 44.66 44.58 44.54 44.53 44.48 44.43 44.36 44.32 44.27 44.23 44.19 44.13 44.06 44.00 43.95 43.90 43.86 43.82 43.80 43.81 43.77 43.75 43.72 43.70 43.69 43.66 43.63 43.62 43.60 43.59 43.56 43.56
44.88 44.76 44.89 45.00 45.08 45.02 44.96 44.93 44.83 44.83 44.70 44.31 44.71 44.81 44.86 44.90 44.92 44.97 44.95 44.95 45.07 45.11 45.01 44.88 45.01 44.97 44.95 44.84 44.92 44.82 44.81 44.82 44.92 44.87 44.74 44.65 44.70 44.70 44.59 44.42 44.48 44.56 44.58 44.69 44.72 44.63 44.45 44.55 44.49 44.43 44.41 44.37 44.32 44.26 44.20 44.15 44.08 44.04 43.96 43.92 43.88 43.83 43.78 43.76 43.76 43.74 43.72 43.68 43.66 43.65 43.63 43.59 43.58 43.58 43.57 43.54 43.53
44.91 44.74 44.81 44.94 45.08 45.06 44.96 44.88 44.71 44.76 44.81 44.84 44.92 44.83 44.85 44.88 44.91 44.88 44.68 45.07 45.08 45.07 45.03 44.96 44.96 44.94 44.95 44.91 44.95 44.96 44.99 45.00 44.98 44.94 44.83 44.81 44.79 44.68 44.63 44.52 44.64 44.68 44.72 44.77 44.75 44.68 44.59 44.51 44.47 44.41 44.39 44.33 44.28 44.23 44.19 44.13 44.08 43.99 43.96 43.89 43.85 43.81 43.76 43.74 43.74 43.76 43.63 43.65 43.61 43.60 43.60 43.55 43.54 43.55 43.54 43.52 43.49
