datasets/raw/temp/2019120120191201.grid
ncols 886
nrows 691
xllcenter 112.0000
yllcenter -44.5000
cellsize 0.0500
nodata_value 99999.90
[rows 476 to 509 of 691, columns 385 to 461 of 886]
15.88 15.82 15.78 15.72 15.68 15.64 15.60 15.56 15.52 15.49 15.45 15.43 15.41 15.38 15.36 15.35 15.34 15.32 15.32 15.32 15.32 15.33 15.34 15.36 15.37 15.39 15.42 15.45 15.46 15.50 15.54 15.58 15.61 15.66 15.71 15.75 15.80 15.85 15.91 15.96 16.03 16.09 16.14 16.20 16.27 16.33 16.40 16.46 16.54 16.60 16.66 16.73 16.80 16.86 16.92 16.97 17.04 17.09 17.14 17.18 17.22 17.25 17.28 17.30 17.30 17.31 17.31 17.29 17.28 17.27 17.26 17.27 17.36 17.54 17.76 18.02 18.29
15.79 15.74 15.70 15.65 15.61 15.57 15.53 15.49 15.46 15.44 15.40 15.38 15.35 15.33 15.31 15.30 15.29 15.29 15.29 15.29 15.29 15.30 15.31 15.32 15.35 15.36 15.39 15.42 15.45 15.48 15.52 15.55 15.60 15.64 15.68 15.73 15.78 15.84 15.89 15.94 15.99 16.06 16.12 16.18 16.24 16.31 16.37 16.44 16.50 16.57 16.63 16.69 16.76 16.82 16.88 16.94 17.00 17.05 17.10 17.15 17.20 17.24 17.28 17.30 17.32 17.35 17.36 17.37 17.39 17.40 17.41 17.45 17.55 17.70 17.91 18.14 18.38
15.71 15.67 15.62 15.58 15.54 15.50 15.47 15.44 15.40 15.38 15.35 15.33 15.31 15.29 15.28 15.26 15.26 15.26 15.25 15.26 15.27 15.28 15.29 15.31 15.32 15.35 15.37 15.40 15.43 15.46 15.50 15.53 15.58 15.62 15.67 15.72 15.77 15.82 15.87 15.92 15.98 16.04 16.09 16.16 16.21 16.28 16.34 16.40 16.47 16.53 16.60 16.66 16.73 16.79 16.84 16.90 16.96 17.02 17.08 17.13 17.17 17.22 17.27 17.31 17.35 17.38 17.41 17.44 17.47 17.50 17.55 17.60 17.71 17.87 18.05 18.25 18.47
15.63 15.59 15.55 15.51 15.48 15.44 15.41 15.38 15.35 15.32 15.30 15.28 15.26 15.25 15.24 15.23 15.22 15.22 15.23 15.24 15.24 15.25 15.26 15.28 15.31 15.33 15.36 15.38 15.41 15.45 15.48 15.52 15.56 15.60 15.64 15.69 15.75 15.80 15.85 15.90 15.96 16.01 16.07 16.13 16.19 16.25 16.31 16.37 16.44 16.50 16.56 16.63 16.69 16.75 16.81 16.88 16.94 16.99 17.05 17.11 17.17 17.21 17.26 17.31 17.36 17.40 17.46 17.51 17.55 17.61 17.67 17.75 17.87 18.02 18.18 18.37 18.56
15.56 15.51 15.48 15.44 15.41 15.38 15.35 15.32 15.30 15.27 15.26 15.24 15.23 15.22 15.21 15.20 15.20 15.19 15.20 15.20 15.22 15.23 15.25 15.27 15.28 15.30 15.34 15.37 15.39 15.43 15.47 15.51 15.54 15.59 15.63 15.69 15.73 15.78 15.83 15.89 15.94 16.00 16.05 16.11 16.16 16.23 16.28 16.35 16.41 16.47 16.53 16.60 16.66 16.72 16.78 16.84 16.90 16.97 17.02 17.08 17.15 17.21 17.26 17.31 17.38 17.43 17.50 17.56 17.63 17.70 17.79 17.88 18.00 18.14 18.30 18.46 18.64
15.48 15.44 15.41 15.38 15.35 15.31 15.28 15.27 15.25 15.22 15.21 15.20 15.19 15.18 15.18 15.17 15.17 15.17 15.18 15.19 15.20 15.22 15.22 15.24 15.27 15.30 15.32 15.36 15.38 15.42 15.46 15.49 15.53 15.57 15.63 15.67 15.72 15.76 15.82 15.87 15.93 15.98 16.04 16.09 16.15 16.20 16.26 16.33 16.38 16.44 16.51 16.56 16.63 16.69 16.76 16.81 16.88 16.94 17.00 17.07 17.12 17.19 17.25 17.32 17.39 17.46 17.53 17.61 17.69 17.78 17.89 17.99 18.11 18.24 18.38 18.54 18.69
15.41 15.38 15.35 15.32 15.28 15.26 15.23 15.22 15.20 15.18 15.17 15.16 15.15 15.15 15.15 15.15 15.15 15.15 15.16 15.17 15.19 15.19 15.21 15.24 15.26 15.28 15.32 15.34 15.38 15.41 15.45 15.49 15.53 15.57 15.61 15.66 15.71 15.76 15.80 15.86 15.91 15.96 16.01 16.07 16.13 16.18 16.25 16.31 16.36 16.42 16.49 16.54 16.60 16.66 16.73 16.78 16.85 16.91 16.98 17.05 17.11 17.18 17.25 17.32 17.41 17.49 17.57 17.66 17.75 17.86 17.97 18.09 18.20 18.32 18.45 18.59 18.74
15.34 15.31 15.28 15.26 15.22 15.20 15.18 15.17 15.15 15.14 15.13 15.12 15.12 15.12 15.13 15.13 15.13 15.13 15.14 15.16 15.17 15.19 15.21 15.23 15.25 15.28 15.30 15.34 15.37 15.41 15.44 15.48 15.52 15.56 15.60 15.65 15.70 15.75 15.79 15.84 15.90 15.95 16.00 16.06 16.11 16.17 16.23 16.28 16.34 16.40 16.46 16.51 16.58 16.64 16.70 16.77 16.83 16.90 16.96 17.03 17.11 17.17 17.25 17.33 17.41 17.51 17.60 17.71 17.81 17.93 18.05 18.15 18.26 18.38 18.50 18.63 18.77
15.28 15.25 15.22 15.20 15.17 15.15 15.13 15.12 15.11 15.10 15.09 15.09 15.09 15.09 15.10 15.11 15.11 15.12 15.13 15.15 15.16 15.18 15.20 15.21 15.24 15.27 15.30 15.33 15.36 15.40 15.44 15.47 15.51 15.56 15.60 15.64 15.69 15.73 15.79 15.83 15.89 15.93 15.99 16.05 16.09 16.15 16.21 16.26 16.32 16.38 16.43 16.49 16.55 16.62 16.68 16.74 16.81 16.87 16.95 17.01 17.09 17.17 17.25 17.33 17.43 17.52 17.63 17.74 17.86 17.99 18.10 18.20 18.31 18.41 18.53 18.65 18.77
15.20 15.19 15.17 15.14 15.12 15.11 15.09 15.08 15.07 15.06 15.06 15.05 15.06 15.07 15.08 15.09 15.10 15.11 15.12 15.13 15.15 15.16 15.19 15.21 15.24 15.27 15.29 15.32 15.36 15.39 15.44 15.47 15.51 15.55 15.60 15.64 15.69 15.73 15.78 15.83 15.88 15.92 15.98 16.03 16.08 16.14 16.19 16.25 16.30 16.36 16.41 16.47 16.53 16.59 16.66 16.72 16.78 16.86 16.92 17.00 17.07 17.16 17.24 17.34 17.44 17.54 17.66 17.78 17.92 18.04 18.14 18.23 18.33 18.43 18.55 18.66 18.77
15.12 15.11 15.11 15.09 15.07 15.06 15.05 15.03 15.03 15.02 15.02 15.02 15.03 15.04 15.05 15.07 15.09 15.10 15.11 15.12 15.15 15.16 15.19 15.21 15.24 15.27 15.30 15.33 15.36 15.39 15.43 15.46 15.51 15.55 15.60 15.63 15.68 15.73 15.77 15.82 15.87 15.92 15.97 16.01 16.07 16.13 16.17 16.23 16.29 16.34 16.39 16.45 16.51 16.58 16.64 16.70 16.77 16.83 16.91 16.98 17.06 17.15 17.24 17.34 17.45 17.56 17.69 17.82 17.95 18.08 18.17 18.25 18.35 18.44 18.55 18.65 18.77
15.04 15.04 15.04 15.03 15.02 15.01 15.00 14.99 14.99 14.99 14.99 14.99 15.00 15.02 15.03 15.05 15.07 15.09 15.11 15.12 15.14 15.16 15.19 15.20 15.23 15.26 15.29 15.32 15.35 15.40 15.43 15.47 15.51 15.55 15.59 15.63 15.67 15.72 15.76 15.81 15.87 15.91 15.96 16.01 16.06 16.11 16.16 16.22 16.27 16.32 16.38 16.44 16.50 16.56 16.62 16.68 16.75 16.81 16.89 16.97 17.05 17.14 17.24 17.34 17.45 17.57 17.70 17.85 18.00 18.10 18.17 18.27 18.35 18.45 18.55 18.65 18.75
14.97 14.96 14.96 14.97 14.97 14.97 14.96 14.95 14.95 14.96 14.96 14.97 14.98 14.99 15.01 15.03 15.06 15.08 15.10 15.12 15.13 15.16 15.19 15.21 15.24 15.27 15.30 15.33 15.36 15.39 15.43 15.47 15.50 15.55 15.59 15.63 15.67 15.72 15.76 15.81 15.86 15.90 15.95 16.00 16.05 16.10 16.15 16.20 16.25 16.31 16.36 16.42 16.48 16.54 16.60 16.66 16.73 16.80 16.88 16.95 17.04 17.14 17.23 17.34 17.46 17.59 17.72 17.87 18.01 18.10 18.18 18.26 18.34 18.44 18.53 18.63 18.72
14.89 14.88 14.89 14.90 14.91 14.92 14.92 14.91 14.92 14.92 14.93 14.94 14.95 14.97 14.99 15.02 15.04 15.07 15.10 15.12 15.14 15.16 15.18 15.21 15.24 15.26 15.29 15.33 15.36 15.39 15.44 15.47 15.50 15.55 15.58 15.63 15.67 15.72 15.75 15.80 15.86 15.89 15.95 15.99 16.04 16.09 16.14 16.19 16.24 16.29 16.35 16.41 16.46 16.52 16.58 16.64 16.71 16.78 16.86 16.94 17.03 17.12 17.22 17.33 17.46 17.59 17.73 17.88 18.01 18.10 18.17 18.26 18.33 18.43 18.51 18.61 18.70
14.81 14.82 14.82 14.83 14.85 14.86 14.87 14.88 14.89 14.89 14.90 14.92 14.93 14.95 14.97 15.00 15.03 15.06 15.09 15.12 15.14 15.17 15.19 15.22 15.24 15.27 15.30 15.34 15.37 15.40 15.44 15.47 15.51 15.55 15.58 15.63 15.67 15.71 15.75 15.80 15.85 15.89 15.94 15.98 16.03 16.08 16.13 16.18 16.23 16.28 16.34 16.38 16.44 16.50 16.56 16.62 16.69 16.76 16.84 16.92 17.01 17.10 17.21 17.32 17.45 17.59 17.74 17.89 18.01 18.09 18.17 18.24 18.31 18.40 18.48 18.58 18.67
14.73 14.74 14.75 14.77 14.79 14.80 14.84 14.85 14.86 14.86 14.88 14.89 14.91 14.93 14.95 14.98 15.02 15.05 15.09 15.12 15.14 15.17 15.19 15.21 15.25 15.28 15.30 15.33 15.37 15.40 15.45 15.48 15.51 15.55 15.59 15.63 15.67 15.71 15.75 15.80 15.85 15.88 15.94 15.97 16.03 16.07 16.12 16.16 16.22 16.27 16.31 16.37 16.43 16.48 16.54 16.61 16.67 16.74 16.82 16.90 16.99 17.09 17.19 17.31 17.44 17.58 17.73 17.89 18.00 18.07 18.14 18.22 18.29 18.38 18.45 18.54 18.62
14.66 14.66 14.68 14.70 14.72 14.75 14.78 14.81 14.82 14.83 14.85 14.86 14.89 14.92 14.94 14.97 15.00 15.04 15.08 15.12 15.15 15.18 15.20 15.22 15.25 15.29 15.31 15.34 15.38 15.41 15.45 15.48 15.51 15.55 15.59 15.63 15.67 15.71 15.75 15.80 15.83 15.88 15.92 15.97 16.01 16.06 16.10 16.15 16.21 16.25 16.30 16.36 16.40 16.46 16.53 16.58 16.65 16.72 16.79 16.87 16.97 17.06 17.17 17.29 17.42 17.56 17.71 17.87 17.98 18.05 18.12 18.19 18.26 18.34 18.43 18.50 18.59
14.59 14.60 14.61 14.63 14.65 14.68 14.72 14.76 14.80 14.81 14.82 14.85 14.87 14.89 14.92 14.95 14.99 15.03 15.07 15.11 15.15 15.17 15.21 15.23 15.26 15.29 15.32 15.35 15.38 15.41 15.45 15.48 15.52 15.56 15.59 15.63 15.67 15.71 15.75 15.79 15.83 15.88 15.92 15.96 16.00 16.05 16.09 16.14 16.19 16.24 16.28 16.34 16.39 16.45 16.50 16.56 16.63 16.70 16.78 16.86 16.94 17.04 17.15 17.27 17.39 17.54 17.70 17.85 17.96 18.03 18.09 18.16 18.23 18.31 18.39 18.46 18.54
14.51 14.52 14.54 14.57 14.59 14.62 14.67 14.71 14.75 14.78 14.80 14.82 14.84 14.87 14.91 14.93 14.97 15.01 15.06 15.11 15.15 15.18 15.21 15.24 15.27 15.29 15.33 15.35 15.39 15.42 15.46 15.49 15.52 15.56 15.59 15.63 15.67 15.71 15.75 15.79 15.83 15.88 15.91 15.95 16.00 16.04 16.09 16.13 16.18 16.22 16.27 16.32 16.37 16.42 16.48 16.55 16.60 16.67 16.75 16.83 16.91 17.01 17.12 17.23 17.36 17.50 17.66 17.82 17.93 18.00 18.06 18.12 18.20 18.26 18.34 18.41 18.48
14.44 14.45 14.47 14.50 14.53 14.56 14.60 14.65 14.70 14.75 14.78 14.80 14.83 14.85 14.89 14.92 14.96 15.00 15.05 15.10 15.15 15.19 15.22 15.25 15.27 15.30 15.33 15.36 15.40 15.43 15.46 15.49 15.52 15.56 15.60 15.64 15.67 15.71 15.75 15.79 15.83 15.86 15.91 15.95 15.98 16.03 16.07 16.12 16.16 16.20 16.25 16.31 16.35 16.40 16.46 16.51 16.58 16.64 16.71 16.79 16.88 16.97 17.08 17.19 17.32 17.46 17.61 17.77 17.90 17.96 18.03 18.09 18.15 18.21 18.29 18.36 18.42
14.37 14.39 14.41 14.43 14.46 14.50 14.54 14.59 14.64 14.71 14.75 14.78 14.81 14.83 14.87 14.91 14.95 14.99 15.03 15.09 15.14 15.20 15.23 15.26 15.28 15.31 15.34 15.37 15.41 15.43 15.46 15.50 15.53 15.57 15.60 15.64 15.67 15.71 15.75 15.78 15.83 15.86 15.90 15.94 15.98 16.02 16.07 16.11 16.14 16.20 16.24 16.29 16.33 16.38 16.44 16.49 16.55 16.62 16.69 16.77 16.85 16.94 17.04 17.15 17.28 17.41 17.56 17.72 17.86 17.93 17.98 18.05 18.11 18.17 18.24 18.30 18.37
14.29 14.31 14.34 14.37 14.40 14.44 14.49 14.54 14.59 14.65 14.71 14.76 14.78 14.82 14.85 14.89 14.93 14.98 15.03 15.07 15.13 15.20 15.24 15.26 15.29 15.32 15.35 15.38 15.40 15.44 15.47 15.51 15.53 15.57 15.60 15.63 15.68 15.71 15.74 15.78 15.82 15.85 15.90 15.93 15.97 16.01 16.05 16.09 16.13 16.18 16.22 16.27 16.31 16.36 16.41 16.47 16.52 16.59 16.65 16.73 16.81 16.90 16.99 17.10 17.21 17.35 17.49 17.65 17.80 17.89 17.95 18.00 18.06 18.13 18.18 18.24 18.30
14.22 14.25 14.26 14.30 14.33 14.37 14.42 14.47 14.53 14.61 14.67 14.73 14.77 14.80 14.84 14.87 14.92 14.97 15.02 15.07 15.13 15.19 15.24 15.27 15.30 15.33 15.35 15.38 15.41 15.45 15.47 15.50 15.54 15.57 15.61 15.64 15.67 15.71 15.74 15.77 15.82 15.85 15.89 15.92 15.97 16.00 16.04 16.08 16.11 16.16 16.20 16.24 16.29 16.33 16.38 16.44 16.49 16.55 16.62 16.69 16.76 16.85 16.94 17.04 17.15 17.27 17.42 17.56 17.72 17.83 17.90 17.95 18.01 18.07 18.12 18.18 18.24
14.15 14.17 14.20 14.23 14.27 14.31 14.36 14.42 14.48 14.55 14.62 14.70 14.75 14.79 14.82 14.86 14.90 14.95 15.00 15.06 15.11 15.18 15.24 15.28 15.30 15.34 15.36 15.39 15.42 15.45 15.48 15.51 15.54 15.57 15.60 15.64 15.67 15.70 15.73 15.78 15.81 15.84 15.88 15.92 15.95 15.99 16.02 16.06 16.10 16.14 16.18 16.22 16.26 16.31 16.36 16.41 16.46 16.52 16.58 16.65 16.72 16.79 16.88 16.98 17.09 17.20 17.33 17.48 17.63 17.77 17.85 17.90 17.96 18.01 18.07 18.11 18.17
14.08 14.11 14.13 14.16 14.20 14.25 14.30 14.35 14.42 14.48 14.57 14.65 14.71 14.76 14.80 14.84 14.89 14.93 14.98 15.04 15.10 15.16 15.23 15.28 15.31 15.34 15.37 15.39 15.43 15.45 15.48 15.52 15.54 15.57 15.61 15.64 15.67 15.71 15.74 15.77 15.80 15.83 15.87 15.91 15.94 15.98 16.01 16.05 16.08 16.12 16.16 16.20 16.25 16.29 16.33 16.38 16.43 16.48 16.54 16.61 16.67 16.75 16.83 16.92 17.02 17.13 17.25 17.38 17.52 17.67 17.79 17.85 17.90 17.95 18.00 18.05 18.10
14.01 14.03 14.06 14.10 14.14 14.18 14.23 14.30 14.36 14.43 14.51 14.59 14.68 14.74 14.78 14.82 14.87 14.92 14.96 15.02 15.08 15.15 15.21 15.28 15.32 15.35 15.37 15.40 15.43 15.45 15.49 15.51 15.54 15.58 15.60 15.63 15.67 15.70 15.73 15.76 15.79 15.82 15.86 15.90 15.93 15.97 16.00 16.04 16.07 16.11 16.14 16.18 16.22 16.26 16.30 16.35 16.40 16.45 16.50 16.55 16.62 16.69 16.77 16.85 16.94 17.05 17.15 17.27 17.40 17.55 17.69 17.78 17.85 17.89 17.94 17.98 18.02
13.94 13.97 13.99 14.03 14.07 14.12 14.17 14.23 14.29 14.37 14.45 14.54 14.63 14.71 14.76 14.81 14.84 14.90 14.95 15.01 15.06 15.13 15.20 15.27 15.33 15.36 15.38 15.40 15.44 15.46 15.49 15.51 15.55 15.57 15.60 15.63 15.67 15.70 15.72 15.76 15.79 15.82 15.85 15.88 15.91 15.95 15.98 16.01 16.05 16.08 16.12 16.16 16.20 16.23 16.27 16.32 16.36 16.41 16.46 16.51 16.58 16.64 16.71 16.79 16.87 16.96 17.06 17.17 17.29 17.42 17.56 17.69 17.78 17.83 17.87 17.90 17.95
13.87 13.89 13.92 13.96 14.01 14.06 14.11 14.17 14.24 14.31 14.39 14.47 14.58 14.67 14.74 14.78 14.83 14.87 14.93 14.99 15.05 15.12 15.19 15.26 15.32 15.36 15.38 15.41 15.44 15.46 15.48 15.52 15.54 15.57 15.60 15.62 15.66 15.69 15.72 15.75 15.78 15.81 15.84 15.87 15.90 15.94 15.97 15.99 16.03 16.06 16.10 16.13 16.17 16.21 16.24 16.28 16.32 16.37 16.42 16.47 16.52 16.58 16.65 16.71 16.79 16.88 16.96 17.07 17.17 17.29 17.42 17.56 17.68 17.75 17.80 17.83 17.87
13.79 13.82 13.86 13.89 13.93 13.98 14.04 14.10 14.17 14.24 14.33 14.42 14.51 14.62 14.71 14.76 14.81 14.86 14.92 14.96 15.03 15.09 15.16 15.24 15.31 15.36 15.38 15.41 15.44 15.46 15.48 15.52 15.54 15.57 15.60 15.62 15.65 15.69 15.71 15.74 15.77 15.80 15.82 15.85 15.88 15.92 15.95 15.98 16.01 16.04 16.08 16.11 16.14 16.17 16.21 16.25 16.28 16.33 16.37 16.42 16.47 16.52 16.58 16.64 16.71 16.79 16.87 16.96 17.06 17.16 17.27 17.40 17.53 17.65 17.72 17.76 17.79
13.73 13.76 13.78 13.82 13.87 13.92 13.98 14.04 14.11 14.18 14.26 14.36 14.46 14.56 14.67 14.73 14.79 14.83 14.89 14.95 15.00 15.07 15.14 15.21 15.29 15.35 15.38 15.41 15.44 15.46 15.48 15.52 15.54 15.57 15.59 15.62 15.64 15.67 15.70 15.73 15.76 15.79 15.82 15.85 15.87 15.90 15.93 15.96 15.99 16.02 16.05 16.08 16.11 16.15 16.18 16.21 16.25 16.28 16.33 16.37 16.42 16.47 16.52 16.58 16.64 16.70 16.78 16.85 16.94 17.04 17.14 17.25 17.36 17.48 17.60 17.67 17.71
13.66 13.68 13.72 13.76 13.80 13.86 13.91 13.98 14.04 14.12 14.20 14.29 14.38 14.50 14.61 14.71 14.76 14.81 14.86 14.92 14.98 15.05 15.11 15.18 15.26 15.34 15.38 15.42 15.44 15.46 15.48 15.51 15.53 15.57 15.59 15.62 15.64 15.67 15.70 15.71 15.74 15.77 15.80 15.83 15.86 15.88 15.91 15.94 15.97 16.00 16.02 16.05 16.09 16.11 16.15 16.18 16.21 16.25 16.28 16.32 16.37 16.41 16.45 16.50 16.56 16.62 16.68 16.75 16.83 16.91 17.00 17.09 17.20 17.31 17.43 17.54 17.61
13.58 13.61 13.65 13.69 13.73 13.78 13.84 13.90 13.97 14.05 14.13 14.23 14.32 14.43 14.55 14.66 14.74 14.78 14.84 14.89 14.95 15.02 15.09 15.16 15.24 15.32 15.38 15.41 15.44 15.46 15.48 15.51 15.53 15.55 15.58 15.60 15.63 15.66 15.68 15.71 15.74 15.76 15.79 15.81 15.83 15.86 15.89 15.91 15.95 15.97 16.00 16.02 16.06 16.08 16.11 16.14 16.17 16.21 16.24 16.27 16.31 16.36 16.39 16.44 16.49 16.54 16.60 16.65 16.72 16.79 16.87 16.96 17.05 17.14 17.24 17.35 17.45
13.51 13.54 13.58 13.61 13.66 13.71 13.77 13.83 13.90 13.98 14.06 14.15 14.26 14.36 14.47 14.60 14.70 14.76 14.81 14.87 14.93 14.99 15.06 15.13 15.21 15.29 15.37 15.41 15.43 15.45 15.47 15.50 15.52 15.54 15.57 15.59 15.62 15.64 15.67 15.70 15.71 15.74 15.77 15.80 15.82 15.85 15.87 15.90 15.92 15.95 15.97 16.00 16.02 16.05 16.08 16.11 16.14 16.16 16.20 16.22 16.26 16.30 16.33 16.38 16.42 16.46 16.51 16.57 16.62 16.68 16.75 16.83 16.90 16.99 17.07 17.17 17.26
13.44 13.48 13.50 13.55 13.59 13.65 13.70 13.77 13.84 13.91 14.00 14.08 14.18 14.29 14.41 14.52 14.65 14.72 14.78 14.83 14.90 14.96 15.03 15.09 15.17 15.25 15.34 15.40 15.42 15.45 15.48 15.50 15.52 15.53 15.56 15.58 15.61 15.63 15.66 15.68 15.70 15.73 15.76 15.77 15.80 15.82 15.85 15.87 15.90 15.92 15.94 15.97 15.99 16.02 16.05 16.07 16.10 16.13 16.15 16.18 16.21 16.25 16.27 16.31 16.35 16.39 16.44 16.48 16.53 16.58 16.64 16.70 16.77 16.83 16.91 16.99 17.07
