datasets/raw/temp/2019101720191017.grid
ncols 886
nrows 691
xllcenter 112.0000
yllcenter -44.5000
cellsize 0.0500
nodata_value 99999.90
[rows 68 to 101 of 691, columns 693 to 769 of 886]
28.69 28.65 28.63 28.60 28.58 28.57 28.54 28.52 28.50 28.48 28.46 28.44 28.42 28.39 28.37 28.36 28.37 28.37 28.38 28.38 28.39 28.39 28.39 28.40 28.41 28.41 28.41 28.42 28.42 28.41 28.42 28.42 28.42 28.42 28.42 28.42 28.43 28.42 28.42 28.42 28.42 28.42 28.42 28.41 28.42 28.41 28.41 28.40 28.41 28.40 28.40 28.39 28.39 28.39 28.38 28.38 28.37 28.37 28.36 28.35 28.35 28.34 28.34 28.33 28.31 28.31 28.30 28.29 28.28 28.27 28.26 28.24 28.24 28.23 28.21 28.20 28.19
28.68 28.64 28.60 28.58 28.55 28.53 28.50 28.49 28.46 28.45 28.42 28.40 28.38 28.36 28.33 28.31 28.29 28.29 28.29 28.30 28.30 28.31 28.31 28.32 28.33 28.33 28.34 28.34 28.34 28.34 28.35 28.35 28.36 28.35 28.35 28.36 28.36 28.36 28.36 28.36 28.37 28.36 28.36 28.37 28.36 28.36 28.37 28.36 28.36 28.36 28.36 28.36 28.35 28.35 28.34 28.34 28.34 28.34 28.33 28.33 28.32 28.32 28.31 28.30 28.29 28.29 28.28 28.27 28.27 28.25 28.24 28.24 28.22 28.21 28.20 28.19 28.17
28.68 28.63 28.59 28.55 28.51 28.50 28.47 28.45 28.43 28.40 28.39 28.36 28.34 28.32 28.30 28.27 28.24 28.22 28.21 28.21 28.21 28.23 28.23 28.24 28.24 28.25 28.26 28.26 28.26 28.27 28.27 28.27 28.28 28.28 28.29 28.29 28.29 28.30 28.30 28.30 28.30 28.30 28.31 28.31 28.31 28.31 28.31 28.32 28.32 28.31 28.31 28.32 28.31 28.31 28.31 28.31 28.30 28.30 28.31 28.30 28.30 28.29 28.29 28.27 28.27 28.27 28.26 28.25 28.25 28.23 28.23 28.22 28.21 28.20 28.18 28.18 28.17
28.68 28.64 28.59 28.55 28.50 28.46 28.43 28.41 28.39 28.37 28.34 28.33 28.30 28.28 28.26 28.23 28.21 28.19 28.16 28.14 28.14 28.14 28.14 28.15 28.16 28.17 28.17 28.17 28.19 28.19 28.19 28.20 28.20 28.20 28.21 28.21 28.23 28.23 28.24 28.24 28.24 28.25 28.24 28.25 28.25 28.25 28.26 28.26 28.26 28.27 28.27 28.27 28.27 28.28 28.27 28.27 28.27 28.27 28.27 28.26 28.26 28.26 28.25 28.25 28.25 28.24 28.24 28.24 28.23 28.22 28.21 28.21 28.19 28.19 28.18 28.16 28.16
28.68 28.63 28.58 28.54 28.49 28.45 28.41 28.38 28.35 28.33 28.30 28.28 28.26 28.23 28.21 28.19 28.17 28.15 28.12 28.10 28.07 28.06 28.05 28.05 28.07 28.07 28.08 28.09 28.10 28.10 28.11 28.12 28.12 28.13 28.13 28.15 28.15 28.16 28.16 28.16 28.17 28.18 28.19 28.19 28.20 28.20 28.20 28.21 28.21 28.21 28.23 28.23 28.23 28.23 28.24 28.24 28.24 28.24 28.23 28.23 28.23 28.23 28.23 28.23 28.22 28.22 28.22 28.22 28.21 28.20 28.19 28.19 28.19 28.17 28.17 28.15 28.15
28.68 28.63 28.59 28.54 28.50 28.45 28.40 28.35 28.32 28.29 28.27 28.24 28.22 28.20 28.17 28.15 28.13 28.10 28.08 28.05 28.03 28.00 27.99 27.98 27.98 27.98 27.99 28.00 28.00 28.02 28.02 28.03 28.04 28.05 28.06 28.06 28.08 28.08 28.08 28.10 28.10 28.11 28.12 28.13 28.13 28.15 28.15 28.15 28.16 28.17 28.17 28.18 28.18 28.19 28.20 28.20 28.20 28.20 28.20 28.20 28.20 28.20 28.20 28.20 28.20 28.20 28.20 28.20 28.19 28.19 28.18 28.17 28.17 28.16 28.15 28.15 28.13
28.68 28.63 28.58 28.53 28.49 28.44 28.39 28.35 28.30 28.27 28.23 28.21 28.18 28.16 28.14 28.12 28.09 28.06 28.04 28.01 27.99 27.97 27.95 27.92 27.90 27.89 27.90 27.90 27.92 27.92 27.93 27.95 27.95 27.97 27.97 27.99 27.99 28.01 28.01 28.03 28.03 28.04 28.05 28.06 28.07 28.08 28.09 28.10 28.11 28.12 28.12 28.13 28.14 28.14 28.15 28.16 28.16 28.16 28.17 28.17 28.17 28.17 28.18 28.18 28.18 28.18 28.17 28.17 28.17 28.17 28.17 28.16 28.15 28.15 28.14 28.13 28.12
28.67 28.63 28.58 28.54 28.49 28.44 28.39 28.35 28.29 28.25 28.20 28.17 28.14 28.11 28.09 28.07 28.05 28.03 28.00 27.98 27.95 27.93 27.90 27.88 27.86 27.84 27.82 27.82 27.82 27.83 27.84 27.85 27.87 27.87 27.89 27.90 27.91 27.92 27.94 27.95 27.95 27.97 27.99 27.99 28.00 28.02 28.02 28.04 28.05 28.06 28.07 28.08 28.09 28.10 28.10 28.12 28.12 28.13 28.13 28.14 28.14 28.15 28.15 28.16 28.16 28.16 28.15 28.15 28.15 28.15 28.15 28.14 28.14 28.14 28.13 28.12 28.12
28.68 28.62 28.58 28.53 28.48 28.44 28.39 28.34 28.30 28.24 28.20 28.15 28.11 28.08 28.05 28.02 28.00 27.98 27.96 27.93 27.91 27.88 27.86 27.84 27.82 27.79 27.77 27.76 27.74 27.74 27.74 27.76 27.77 27.78 27.79 27.80 27.82 27.84 27.85 27.86 27.88 27.90 27.90 27.92 27.93 27.95 27.96 27.98 27.99 28.01 28.02 28.02 28.04 28.05 28.06 28.07 28.08 28.09 28.09 28.10 28.12 28.12 28.12 28.13 28.13 28.13 28.14 28.13 28.13 28.13 28.13 28.13 28.12 28.12 28.12 28.12 28.10
28.67 28.63 28.57 28.53 28.48 28.43 28.38 28.34 28.29 28.24 28.19 28.14 28.10 28.05 28.01 27.98 27.96 27.93 27.91 27.89 27.86 27.84 27.82 27.80 27.77 27.75 27.74 27.71 27.70 27.68 27.66 27.66 27.67 27.68 27.69 27.71 27.73 27.74 27.77 27.78 27.80 27.81 27.83 27.84 27.86 27.87 27.90 27.91 27.93 27.94 27.96 27.97 27.99 28.00 28.01 28.02 28.04 28.05 28.05 28.07 28.08 28.09 28.09 28.10 28.10 28.11 28.11 28.12 28.12 28.11 28.11 28.11 28.11 28.11 28.10 28.10 28.09
28.67 28.62 28.58 28.52 28.47 28.43 28.38 28.33 28.28 28.23 28.18 28.14 28.09 28.04 27.99 27.95 27.91 27.88 27.86 27.84 27.82 27.80 27.77 27.75 27.73 27.71 27.69 27.67 27.65 27.63 27.62 27.61 27.60 27.59 27.60 27.61 27.63 27.65 27.67 27.69 27.70 27.73 27.74 27.76 27.79 27.80 27.83 27.84 27.86 27.88 27.90 27.91 27.92 27.95 27.96 27.98 27.99 28.00 28.01 28.03 28.04 28.05 28.06 28.07 28.07 28.08 28.09 28.09 28.09 28.10 28.10 28.09 28.10 28.10 28.10 28.09 28.09
28.67 28.62 28.57 28.52 28.48 28.43 28.38 28.33 28.27 28.23 28.18 28.13 28.08 28.03 27.98 27.94 27.89 27.84 27.82 27.80 27.77 27.75 27.73 27.70 27.69 27.66 27.64 27.63 27.61 27.60 27.58 27.57 27.55 27.55 27.54 27.54 27.55 27.56 27.58 27.59 27.62 27.64 27.66 27.68 27.70 27.73 27.74 27.77 27.80 27.81 27.83 27.85 27.87 27.89 27.91 27.93 27.94 27.96 27.98 27.99 28.00 28.01 28.02 28.03 28.04 28.05 28.06 28.06 28.07 28.08 28.08 28.08 28.08 28.08 28.08 28.08 28.07
28.67 28.61 28.57 28.52 28.47 28.42 28.37 28.32 28.27 28.22 28.17 28.12 28.08 28.02 27.97 27.93 27.88 27.83 27.79 27.75 27.72 27.70 27.67 27.66 27.64 27.61 27.60 27.58 27.57 27.55 27.54 27.52 27.52 27.50 27.50 27.49 27.49 27.49 27.49 27.51 27.53 27.54 27.57 27.59 27.62 27.65 27.67 27.70 27.71 27.74 27.76 27.79 27.81 27.83 27.85 27.88 27.89 27.91 27.94 27.95 27.96 27.98 27.99 28.01 28.02 28.03 28.04 28.05 28.06 28.05 28.06 28.06 28.07 28.07 28.06 28.07 28.07
28.67 28.62 28.56 28.51 28.47 28.42 28.36 28.31 28.27 28.22 28.17 28.11 28.07 28.01 27.96 27.92 27.87 27.82 27.77 27.72 27.68 27.65 27.63 27.61 27.59 27.57 27.55 27.53 27.52 27.50 27.49 27.48 27.47 27.47 27.45 27.45 27.45 27.44 27.45 27.45 27.46 27.47 27.49 27.51 27.54 27.55 27.59 27.62 27.64 27.67 27.69 27.72 27.74 27.77 27.79 27.82 27.84 27.87 27.89 27.90 27.92 27.95 27.96 27.97 27.99 28.00 28.01 28.02 28.03 28.04 28.05 28.05 28.05 28.05 28.06 28.05 28.05
28.66 28.62 28.57 28.51 28.46 28.41 28.36 28.32 28.26 28.21 28.16 28.11 28.06 28.01 27.95 27.91 27.86 27.81 27.76 27.71 27.66 27.63 27.59 27.56 27.54 27.52 27.50 27.49 27.47 27.46 27.44 27.44 27.43 27.42 27.42 27.42 27.41 27.41 27.42 27.41 27.42 27.43 27.43 27.45 27.47 27.48 27.51 27.54 27.56 27.60 27.62 27.65 27.69 27.71 27.74 27.77 27.79 27.82 27.84 27.86 27.89 27.90 27.92 27.94 27.95 27.98 27.99 28.00 28.00 28.01 28.02 28.03 28.04 28.04 28.04 28.04 28.04
28.66 28.61 28.56 28.51 28.46 28.40 28.36 28.31 28.26 28.20 28.16 28.10 28.05 28.00 27.95 27.90 27.85 27.80 27.75 27.70 27.66 27.61 27.56 27.52 27.49 27.47 27.45 27.43 27.42 27.41 27.40 27.38 27.38 27.38 27.37 27.37 27.37 27.37 27.37 27.38 27.39 27.39 27.40 27.42 27.42 27.44 27.46 27.48 27.50 27.53 27.55 27.58 27.62 27.64 27.68 27.70 27.74 27.76 27.79 27.82 27.84 27.86 27.88 27.91 27.93 27.94 27.96 27.97 27.99 28.00 28.01 28.01 28.02 28.03 28.03 28.03 28.03
28.66 28.61 28.56 28.51 28.45 28.41 28.36 28.30 28.25 28.20 28.15 28.09 28.04 27.99 27.95 27.89 27.84 27.80 27.74 27.70 27.65 27.60 27.55 27.51 27.47 27.44 27.41 27.39 27.37 27.36 27.35 27.34 27.33 27.33 27.33 27.33 27.32 27.33 27.34 27.33 27.35 27.36 27.37 27.38 27.40 27.42 27.44 27.46 27.47 27.50 27.52 27.54 27.57 27.59 27.62 27.65 27.68 27.71 27.74 27.77 27.79 27.82 27.85 27.87 27.89 27.91 27.93 27.94 27.96 27.97 27.98 28.00 28.01 28.01 28.01 28.02 28.02
28.66 28.60 28.56 28.51 28.46 28.40 28.35 28.30 28.24 28.20 28.14 28.09 28.04 27.99 27.94 27.89 27.84 27.79 27.74 27.69 27.64 27.59 27.55 27.50 27.45 27.42 27.38 27.35 27.32 27.31 27.30 27.29 27.28 27.28 27.27 27.28 27.28 27.29 27.29 27.30 27.31 27.33 27.34 27.35 27.37 27.39 27.41 27.42 27.45 27.47 27.50 27.52 27.54 27.57 27.59 27.62 27.64 27.67 27.69 27.72 27.75 27.78 27.80 27.84 27.86 27.88 27.90 27.92 27.94 27.95 27.97 27.98 27.98 28.00 28.00 28.00 28.01
28.66 28.60 28.55 28.50 28.45 28.40 28.35 28.29 28.24 28.19 28.13 28.09 28.03 27.98 27.93 27.88 27.83 27.78 27.73 27.67 27.62 27.58 27.54 27.49 27.45 27.41 27.37 27.33 27.31 27.27 27.25 27.24 27.23 27.23 27.23 27.24 27.24 27.24 27.25 27.26 27.28 27.29 27.30 27.32 27.34 27.36 27.38 27.40 27.42 27.45 27.48 27.50 27.53 27.56 27.58 27.61 27.63 27.65 27.67 27.70 27.72 27.75 27.77 27.80 27.82 27.84 27.87 27.89 27.91 27.92 27.94 27.96 27.97 27.98 27.99 28.00 28.00
28.65 28.60 28.55 28.50 28.45 28.40 28.34 28.29 28.23 28.19 28.13 28.08 28.02 27.97 27.92 27.87 27.82 27.77 27.72 27.66 27.61 27.57 27.52 27.49 27.44 27.39 27.36 27.32 27.29 27.27 27.24 27.22 27.20 27.19 27.19 27.18 27.19 27.20 27.21 27.22 27.24 27.24 27.26 27.28 27.31 27.33 27.36 27.37 27.40 27.43 27.46 27.49 27.51 27.54 27.57 27.59 27.62 27.64 27.68 27.70 27.72 27.74 27.76 27.79 27.81 27.83 27.84 27.87 27.89 27.91 27.92 27.94 27.95 27.96 27.98 27.99 27.99
28.65 28.59 28.54 28.49 28.44 28.39 28.34 28.28 28.23 28.18 28.12 28.07 28.02 27.96 27.91 27.86 27.81 27.76 27.71 27.65 27.61 27.56 27.51 27.47 27.43 27.39 27.35 27.32 27.29 27.25 27.23 27.21 27.18 27.17 27.16 27.15 27.15 27.16 27.17 27.17 27.19 27.21 27.23 27.25 27.27 27.30 27.33 27.36 27.37 27.40 27.44 27.47 27.49 27.52 27.56 27.58 27.61 27.64 27.67 27.70 27.72 27.75 27.77 27.79 27.80 27.83 27.85 27.86 27.88 27.89 27.91 27.92 27.93 27.95 27.96 27.97 27.98
28.65 28.59 28.54 28.49 28.44 28.39 28.33 28.28 28.22 28.17 28.12 28.07 28.02 27.96 27.90 27.85 27.80 27.75 27.70 27.65 27.60 27.55 27.51 27.46 27.43 27.38 27.35 27.30 27.28 27.25 27.22 27.19 27.18 27.16 27.15 27.14 27.13 27.13 27.14 27.15 27.16 27.17 27.19 27.22 27.24 27.27 27.30 27.33 27.35 27.38 27.41 27.45 27.48 27.51 27.54 27.57 27.61 27.63 27.67 27.69 27.72 27.74 27.76 27.79 27.81 27.83 27.85 27.86 27.88 27.89 27.90 27.91 27.92 27.94 27.94 27.96 27.96
28.64 28.59 28.54 28.49 28.44 28.38 28.33 28.27 28.22 28.17 28.11 28.06 28.01 27.95 27.90 27.85 27.79 27.74 27.70 27.64 27.59 27.54 27.50 27.45 27.41 27.37 27.33 27.30 27.26 27.24 27.21 27.19 27.16 27.15 27.14 27.13 27.13 27.13 27.13 27.14 27.15 27.16 27.18 27.20 27.22 27.24 27.27 27.30 27.33 27.36 27.39 27.43 27.46 27.50 27.52 27.56 27.60 27.63 27.66 27.69 27.72 27.75 27.77 27.79 27.82 27.84 27.86 27.87 27.89 27.90 27.92 27.93 27.93 27.93 27.94 27.95 27.96
28.64 28.58 28.53 28.48 28.43 28.38 28.32 28.27 28.21 28.16 28.10 28.05 28.00 27.95 27.89 27.84 27.78 27.74 27.69 27.64 27.58 27.54 27.49 27.45 27.40 27.37 27.32 27.29 27.26 27.22 27.20 27.18 27.16 27.14 27.13 27.12 27.12 27.12 27.12 27.13 27.14 27.15 27.17 27.19 27.21 27.23 27.26 27.29 27.32 27.35 27.38 27.41 27.44 27.48 27.52 27.56 27.58 27.62 27.66 27.68 27.72 27.74 27.78 27.80 27.82 27.84 27.87 27.89 27.90 27.92 27.93 27.93 27.94 27.95 27.96 27.95 27.96
28.64 28.58 28.53 28.48 28.43 28.37 28.32 28.26 28.21 28.16 28.10 28.05 28.00 27.95 27.88 27.84 27.79 27.73 27.68 27.63 27.57 27.53 27.48 27.44 27.39 27.36 27.32 27.28 27.25 27.22 27.20 27.17 27.14 27.13 27.12 27.11 27.10 27.10 27.11 27.11 27.12 27.14 27.16 27.18 27.20 27.22 27.25 27.28 27.31 27.34 27.37 27.41 27.44 27.48 27.50 27.54 27.58 27.62 27.65 27.68 27.71 27.75 27.77 27.81 27.83 27.85 27.87 27.89 27.91 27.93 27.94 27.95 27.96 27.97 27.96 27.97 27.98
28.62 28.58 28.53 28.48 28.42 28.37 28.32 28.26 28.20 28.15 28.09 28.04 27.99 27.94 27.89 27.83 27.78 27.73 27.67 27.62 27.57 27.52 27.47 27.43 27.39 27.34 27.31 27.28 27.25 27.21 27.18 27.16 27.14 27.13 27.11 27.10 27.10 27.10 27.10 27.10 27.11 27.13 27.14 27.17 27.19 27.21 27.24 27.27 27.30 27.33 27.36 27.39 27.43 27.47 27.50 27.54 27.57 27.61 27.64 27.68 27.71 27.75 27.77 27.80 27.83 27.86 27.88 27.90 27.92 27.94 27.95 27.96 27.98 27.99 27.98 27.99 27.98
28.62 28.57 28.52 28.46 28.41 28.36 28.31 28.25 28.20 28.15 28.09 28.04 27.98 27.93 27.88 27.83 27.77 27.72 27.66 27.61 27.57 27.51 27.47 27.42 27.38 27.34 27.30 27.27 27.23 27.21 27.18 27.16 27.14 27.11 27.11 27.10 27.09 27.09 27.09 27.10 27.11 27.12 27.14 27.16 27.18 27.20 27.23 27.26 27.29 27.32 27.35 27.38 27.42 27.45 27.49 27.53 27.57 27.60 27.64 27.67 27.71 27.73 27.77 27.80 27.82 27.85 27.88 27.90 27.92 27.94 27.96 27.98 27.99 27.99 28.00 28.01 28.00
28.62 28.57 28.51 28.46 28.41 28.36 28.31 28.25 28.19 28.14 28.09 28.03 27.98 27.93 27.87 27.82 27.76 27.71 27.66 27.61 27.56 27.50 27.46 27.42 27.37 27.33 27.30 27.25 27.22 27.19 27.17 27.14 27.13 27.11 27.10 27.09 27.08 27.08 27.09 27.09 27.10 27.11 27.13 27.15 27.17 27.19 27.22 27.25 27.29 27.32 27.35 27.38 27.42 27.45 27.49 27.53 27.56 27.59 27.63 27.67 27.70 27.73 27.77 27.79 27.82 27.85 27.88 27.90 27.92 27.94 27.96 27.98 28.00 28.01 28.02 28.03 28.02
28.61 28.57 28.51 28.46 28.40 28.35 28.30 28.25 28.19 28.14 28.09 28.03 27.97 27.92 27.87 27.81 27.76 27.70 27.65 27.60 27.55 27.51 27.45 27.41 27.36 27.32 27.29 27.25 27.22 27.18 27.16 27.14 27.11 27.11 27.09 27.08 27.08 27.07 27.07 27.09 27.09 27.10 27.12 27.14 27.16 27.19 27.21 27.25 27.28 27.31 27.34 27.37 27.41 27.44 27.48 27.51 27.55 27.59 27.63 27.66 27.69 27.73 27.75 27.79 27.82 27.85 27.87 27.90 27.92 27.94 27.96 27.98 27.99 28.01 28.02 28.03 28.04
28.61 28.55 28.51 28.45 28.40 28.35 28.30 28.24 28.18 28.13 28.08 28.02 27.97 27.91 27.86 27.80 27.75 27.69 27.65 27.59 27.54 27.50 27.44 27.40 27.36 27.31 27.28 27.24 27.21 27.18 27.15 27.13 27.11 27.09 27.08 27.07 27.07 27.07 27.07 27.07 27.09 27.10 27.11 27.14 27.16 27.18 27.20 27.24 27.27 27.30 27.33 27.37 27.40 27.44 27.48 27.51 27.55 27.59 27.62 27.65 27.69 27.73 27.75 27.79 27.81 27.84 27.87 27.90 27.92 27.94 27.96 27.98 27.99 28.01 28.02 28.03 28.04
28.61 28.55 28.50 28.45 28.40 28.34 28.30 28.24 28.18 28.13 28.07 28.01 27.96 27.91 27.85 27.80 27.74 27.69 27.64 27.59 27.54 27.49 27.44 27.39 27.35 27.31 27.28 27.23 27.20 27.17 27.14 27.12 27.11 27.09 27.07 27.06 27.06 27.06 27.06 27.06 27.08 27.09 27.10 27.13 27.15 27.17 27.20 27.23 27.26 27.30 27.33 27.36 27.39 27.43 27.48 27.51 27.55 27.59 27.61 27.65 27.69 27.73 27.75 27.79 27.81 27.84 27.87 27.90 27.92 27.94 27.96 27.98 27.99 28.01 28.02 28.03 28.04
28.61 28.55 28.50 28.45 28.39 28.34 28.29 28.23 28.17 28.12 28.07 28.01 27.96 27.90 27.85 27.79 27.74 27.68 27.63 27.58 27.53 27.48 27.43 27.39 27.34 27.30 27.27 27.23 27.20 27.17 27.14 27.12 27.09 27.08 27.07 27.06 27.05 27.05 27.06 27.06 27.07 27.08 27.10 27.12 27.14 27.16 27.19 27.22 27.26 27.29 27.32 27.36 27.39 27.43 27.46 27.50 27.54 27.58 27.61 27.65 27.69 27.73 27.75 27.79 27.81 27.84 27.87 27.90 27.92 27.94 27.96 27.98 27.99 28.01 28.02 28.03 28.04
28.60 28.55 28.50 28.44 28.39 28.34 28.29 28.23 28.17 28.12 28.07 28.00 27.95 27.89 27.84 27.78 27.73 27.68 27.63 27.57 27.52 27.47 27.43 27.38 27.34 27.29 27.25 27.22 27.19 27.16 27.13 27.10 27.09 27.07 27.06 27.05 27.05 27.04 27.05 27.05 27.06 27.08 27.09 27.11 27.13 27.16 27.18 27.21 27.25 27.28 27.32 27.35 27.38 27.42 27.46 27.50 27.54 27.58 27.61 27.65 27.69 27.73 27.75 27.79 27.81 27.85 27.87 27.90 27.92 27.94 27.96 27.98 28.00 28.01 28.02 28.03 28.04
28.60 28.54 28.49 28.44 28.39 28.33 28.28 28.23 28.17 28.11 28.06 28.00 27.94 27.89 27.83 27.78 27.73 27.67 27.62 27.57 27.51 27.47 27.41 27.37 27.33 27.29 27.24 27.21 27.17 27.15 27.12 27.10 27.08 27.06 27.05 27.04 27.03 27.04 27.04 27.05 27.05 27.07 27.08 27.11 27.12 27.15 27.18 27.21 27.24 27.28 27.31 27.34 27.38 27.42 27.45 27.50 27.54 27.58 27.61 27.65 27.69 27.73 27.75 27.79 27.82 27.85 27.88 27.90 27.92 27.94 27.96 27.98 28.00 28.01 28.03 28.03 28.05
