datasets/raw/temp/2019102720191027.grid
ncols 886
nrows 691
xllcenter 112.0000
yllcenter -44.5000
cellsize 0.0500
nodata_value 99999.90
[rows 102 to 135 of 691, columns 154 to 230 of 886]
29.38 29.41 29.45 29.49 29.51 29.54 29.55 29.57 29.57 29.58 29.58 29.59 29.62 29.66 29.71 29.74 29.78 29.80 29.82 29.84 29.84 29.84 29.84 29.86 29.90 29.95 29.99 30.04 30.09 30.13 30.16 30.20 30.24 30.28 30.32 30.36 30.39 30.43 30.46 30.50 30.53 30.57 30.60 30.62 30.64 30.67 30.69 30.71 30.71 30.71 30.71 30.68 30.66 30.62 30.57 30.51 30.45 30.36 30.27 30.18 30.08 29.98 29.91 29.89 29.93 30.00 30.07 30.15 30.23 30.32 30.40 30.49 30.59 30.70 30.80 30.92 31.03
29.32 29.36 29.39 29.43 29.47 29.49 29.51 29.53 29.55 29.55 29.57 29.62 29.66 29.72 29.76 29.80 29.83 29.86 29.89 29.90 29.91 29.92 29.92 29.97 30.01 30.07 30.12 30.17 30.20 30.25 30.29 30.34 30.38 30.41 30.45 30.48 30.52 30.56 30.59 30.63 30.67 30.70 30.72 30.75 30.78 30.80 30.82 30.83 30.84 30.83 30.82 30.80 30.76 30.71 30.65 30.59 30.50 30.40 30.30 30.19 30.08 29.98 29.96 29.99 30.05 30.12 30.19 30.27 30.34 30.42 30.51 30.60 30.69 30.79 30.89 31.00 31.12
29.26 29.30 29.34 29.38 29.41 29.44 29.46 29.49 29.51 29.54 29.59 29.65 29.71 29.76 29.82 29.85 29.89 29.93 29.95 29.97 29.97 29.99 30.03 30.08 30.13 30.19 30.23 30.28 30.33 30.38 30.42 30.46 30.50 30.54 30.58 30.62 30.66 30.69 30.73 30.76 30.80 30.83 30.86 30.89 30.91 30.93 30.95 30.95 30.96 30.96 30.93 30.91 30.87 30.81 30.74 30.66 30.56 30.45 30.33 30.20 30.09 30.04 30.07 30.13 30.19 30.25 30.32 30.39 30.47 30.54 30.63 30.71 30.80 30.90 31.00 31.10 31.21
29.19 29.24 29.27 29.32 29.36 29.39 29.42 29.45 29.49 29.55 29.62 29.70 29.75 29.82 29.86 29.91 29.95 29.98 30.01 30.03 30.05 30.08 30.13 30.19 30.25 30.30 30.36 30.41 30.45 30.50 30.54 30.59 30.63 30.67 30.71 30.75 30.78 30.82 30.86 30.90 30.93 30.96 30.99 31.02 31.05 31.06 31.07 31.09 31.08 31.07 31.06 31.02 30.97 30.91 30.83 30.74 30.63 30.51 30.37 30.23 30.14 30.15 30.21 30.27 30.33 30.39 30.46 30.52 30.59 30.68 30.75 30.84 30.92 31.01 31.11 31.21 31.32
29.12 29.17 29.21 29.26 29.29 29.34 29.37 29.43 29.51 29.59 29.67 29.73 29.80 29.86 29.91 29.97 30.00 30.04 30.07 30.09 30.13 30.18 30.25 30.30 30.36 30.42 30.48 30.52 30.57 30.62 30.67 30.71 30.75 30.80 30.84 30.88 30.92 30.96 30.99 31.03 31.06 31.10 31.13 31.16 31.18 31.20 31.21 31.21 31.21 31.20 31.17 31.14 31.08 31.01 30.92 30.82 30.71 30.57 30.42 30.29 30.25 30.30 30.36 30.41 30.47 30.53 30.60 30.66 30.73 30.81 30.89 30.96 31.05 31.14 31.24 31.34 31.44
29.04 29.09 29.14 29.19 29.24 29.30 29.37 29.46 29.54 29.62 29.70 29.77 29.84 29.90 29.97 30.01 30.06 30.09 30.13 30.17 30.22 30.29 30.36 30.41 30.48 30.54 30.59 30.64 30.70 30.74 30.79 30.84 30.88 30.93 30.97 31.01 31.05 31.09 31.13 31.17 31.20 31.23 31.26 31.29 31.31 31.33 31.35 31.35 31.34 31.33 31.30 31.25 31.19 31.12 31.03 30.92 30.79 30.64 30.50 30.38 30.40 30.45 30.51 30.56 30.62 30.68 30.74 30.81 30.88 30.95 31.02 31.10 31.19 31.27 31.37 31.47 31.57
28.95 29.01 29.06 29.13 29.21 29.29 29.39 29.48 29.57 29.66 29.74 29.82 29.88 29.95 30.01 30.06 30.12 30.15 30.20 30.25 30.32 30.40 30.46 30.53 30.59 30.65 30.71 30.76 30.82 30.86 30.91 30.96 31.01 31.06 31.10 31.13 31.18 31.23 31.26 31.30 31.34 31.37 31.40 31.42 31.45 31.47 31.47 31.48 31.47 31.46 31.42 31.38 31.32 31.24 31.14 31.02 30.89 30.74 30.59 30.52 30.56 30.61 30.66 30.72 30.78 30.83 30.89 30.96 31.03 31.10 31.17 31.25 31.33 31.42 31.51 31.60 31.71
28.87 28.94 29.01 29.11 29.21 29.31 29.41 29.50 29.60 29.68 29.77 29.85 29.92 30.00 30.05 30.12 30.16 30.21 30.28 30.35 30.43 30.49 30.57 30.64 30.70 30.76 30.82 30.88 30.93 30.99 31.04 31.09 31.14 31.18 31.22 31.27 31.31 31.35 31.39 31.43 31.46 31.50 31.53 31.56 31.58 31.60 31.61 31.61 31.61 31.58 31.55 31.51 31.45 31.36 31.25 31.13 30.99 30.84 30.70 30.68 30.72 30.78 30.83 30.88 30.93 30.99 31.06 31.12 31.19 31.26 31.33 31.40 31.48 31.56 31.66 31.75 31.85
28.81 28.91 29.01 29.12 29.22 29.33 29.43 29.53 29.62 29.72 29.81 29.88 29.96 30.03 30.10 30.17 30.22 30.28 30.36 30.45 30.53 30.60 30.68 30.75 30.81 30.88 30.94 30.99 31.05 31.11 31.16 31.20 31.25 31.30 31.35 31.39 31.44 31.48 31.52 31.56 31.60 31.64 31.67 31.70 31.72 31.74 31.75 31.75 31.74 31.72 31.69 31.64 31.57 31.49 31.39 31.26 31.12 30.96 30.84 30.86 30.90 30.94 31.00 31.05 31.11 31.17 31.22 31.28 31.35 31.42 31.49 31.56 31.63 31.71 31.81 31.90 32.00
28.80 28.91 29.03 29.13 29.24 29.35 29.45 29.56 29.65 29.75 29.83 29.92 30.00 30.07 30.15 30.21 30.28 30.37 30.45 30.54 30.62 30.70 30.78 30.85 30.92 30.99 31.05 31.11 31.17 31.23 31.28 31.33 31.38 31.43 31.48 31.52 31.57 31.61 31.65 31.69 31.73 31.76 31.80 31.83 31.85 31.88 31.89 31.89 31.88 31.86 31.83 31.78 31.71 31.63 31.53 31.40 31.26 31.11 31.01 31.03 31.08 31.13 31.18 31.23 31.28 31.34 31.39 31.46 31.52 31.58 31.64 31.72 31.80 31.88 31.96 32.06 32.16
28.81 28.92 29.04 29.14 29.26 29.36 29.47 29.58 29.67 29.77 29.86 29.95 30.04 30.11 30.19 30.26 30.36 30.46 30.55 30.64 30.72 30.80 30.88 30.95 31.03 31.10 31.17 31.22 31.28 31.34 31.40 31.45 31.50 31.55 31.60 31.65 31.70 31.74 31.78 31.82 31.86 31.91 31.94 31.97 31.99 32.02 32.02 32.02 32.02 32.01 31.97 31.93 31.86 31.78 31.68 31.56 31.42 31.27 31.20 31.22 31.28 31.32 31.37 31.41 31.47 31.52 31.58 31.63 31.69 31.76 31.83 31.89 31.97 32.04 32.13 32.23 32.33
28.82 28.93 29.05 29.16 29.27 29.38 29.49 29.60 29.70 29.80 29.89 29.98 30.08 30.15 30.25 30.34 30.45 30.55 30.64 30.73 30.82 30.90 30.99 31.06 31.13 31.21 31.28 31.33 31.40 31.46 31.52 31.58 31.62 31.67 31.72 31.77 31.82 31.87 31.91 31.95 31.99 32.04 32.07 32.10 32.12 32.15 32.16 32.17 32.16 32.15 32.12 32.07 32.02 31.93 31.83 31.72 31.58 31.45 31.40 31.42 31.48 31.52 31.57 31.61 31.66 31.72 31.77 31.83 31.88 31.94 32.01 32.08 32.15 32.23 32.32 32.41 32.51
28.82 28.94 29.06 29.17 29.29 29.39 29.51 29.62 29.72 29.82 29.92 30.02 30.11 30.21 30.32 30.42 30.53 30.64 30.73 30.83 30.91 31.00 31.09 31.16 31.24 31.31 31.38 31.44 31.51 31.57 31.63 31.69 31.74 31.79 31.85 31.90 31.95 31.99 32.04 32.08 32.13 32.17 32.20 32.23 32.27 32.29 32.30 32.31 32.30 32.29 32.27 32.22 32.17 32.10 32.01 31.89 31.76 31.64 31.61 31.64 31.68 31.73 31.77 31.83 31.87 31.92 31.98 32.03 32.09 32.14 32.21 32.27 32.35 32.42 32.51 32.61 32.71
28.83 28.95 29.07 29.18 29.30 29.41 29.52 29.64 29.74 29.85 29.95 30.05 30.17 30.28 30.40 30.50 30.62 30.72 30.82 30.92 31.01 31.10 31.18 31.27 31.34 31.42 31.49 31.55 31.62 31.68 31.75 31.81 31.87 31.91 31.98 32.03 32.08 32.12 32.17 32.22 32.26 32.30 32.33 32.37 32.40 32.42 32.44 32.45 32.45 32.44 32.42 32.39 32.33 32.26 32.18 32.07 31.96 31.84 31.83 31.86 31.91 31.95 32.00 32.04 32.09 32.14 32.20 32.24 32.30 32.36 32.42 32.49 32.55 32.63 32.71 32.81 32.93
28.83 28.95 29.07 29.18 29.30 29.43 29.53 29.65 29.76 29.87 30.00 30.11 30.24 30.35 30.47 30.59 30.70 30.81 30.91 31.01 31.10 31.19 31.28 31.37 31.44 31.52 31.59 31.67 31.73 31.79 31.86 31.92 31.98 32.04 32.09 32.15 32.20 32.25 32.29 32.34 32.38 32.42 32.47 32.50 32.53 32.56 32.58 32.59 32.59 32.59 32.58 32.54 32.49 32.43 32.36 32.26 32.16 32.06 32.06 32.09 32.13 32.18 32.22 32.27 32.32 32.37 32.42 32.47 32.53 32.59 32.65 32.71 32.78 32.85 32.94 33.04 33.15
28.83 28.95 29.07 29.20 29.31 29.44 29.55 29.67 29.80 29.92 30.06 30.18 30.31 30.44 30.55 30.67 30.79 30.89 31.00 31.09 31.19 31.29 31.37 31.46 31.55 31.62 31.70 31.77 31.84 31.90 31.97 32.03 32.09 32.15 32.21 32.26 32.31 32.37 32.41 32.47 32.51 32.56 32.59 32.64 32.67 32.70 32.72 32.74 32.74 32.74 32.72 32.70 32.66 32.61 32.54 32.45 32.36 32.28 32.29 32.33 32.38 32.42 32.47 32.51 32.56 32.61 32.66 32.72 32.77 32.83 32.89 32.96 33.03 33.10 33.19 33.29 33.40
28.84 28.95 29.08 29.21 29.33 29.46 29.59 29.72 29.86 29.99 30.12 30.26 30.38 30.51 30.62 30.75 30.86 30.97 31.08 31.19 31.28 31.38 31.47 31.56 31.64 31.73 31.80 31.87 31.95 32.02 32.08 32.15 32.20 32.26 32.33 32.39 32.44 32.49 32.54 32.59 32.63 32.69 32.73 32.76 32.80 32.83 32.86 32.87 32.89 32.89 32.88 32.86 32.83 32.78 32.72 32.65 32.57 32.51 32.53 32.57 32.62 32.66 32.71 32.76 32.81 32.86 32.92 32.97 33.02 33.09 33.15 33.21 33.29 33.36 33.45 33.55 33.67
28.85 28.98 29.11 29.24 29.38 29.51 29.65 29.79 29.92 30.06 30.19 30.32 30.46 30.58 30.71 30.82 30.94 31.06 31.16 31.27 31.38 31.47 31.56 31.66 31.74 31.82 31.90 31.98 32.05 32.12 32.19 32.26 32.32 32.38 32.44 32.50 32.55 32.61 32.66 32.72 32.76 32.81 32.86 32.89 32.94 32.97 33.00 33.01 33.03 33.04 33.03 33.02 32.99 32.96 32.91 32.84 32.78 32.74 32.77 32.82 32.86 32.91 32.96 33.01 33.06 33.12 33.17 33.23 33.29 33.36 33.42 33.49 33.57 33.65 33.73 33.83 33.96
28.90 29.03 29.17 29.30 29.44 29.58 29.71 29.85 29.98 30.12 30.26 30.39 30.52 30.66 30.78 30.90 31.02 31.14 31.25 31.35 31.46 31.56 31.65 31.75 31.84 31.92 32.00 32.08 32.16 32.23 32.30 32.37 32.43 32.49 32.55 32.62 32.67 32.73 32.78 32.83 32.89 32.93 32.98 33.02 33.06 33.10 33.13 33.15 33.17 33.19 33.19 33.17 33.16 33.13 33.09 33.03 32.99 32.98 33.01 33.05 33.10 33.15 33.21 33.26 33.31 33.38 33.44 33.50 33.58 33.63 33.71 33.78 33.86 33.94 34.03 34.13 34.26
28.95 29.09 29.22 29.36 29.49 29.64 29.78 29.91 30.05 30.18 30.32 30.46 30.59 30.72 30.86 30.97 31.10 31.21 31.33 31.44 31.54 31.65 31.75 31.83 31.93 32.02 32.10 32.17 32.25 32.33 32.40 32.47 32.54 32.60 32.67 32.73 32.78 32.85 32.90 32.95 33.00 33.06 33.10 33.15 33.19 33.23 33.27 33.30 33.31 33.33 33.34 33.34 33.32 33.30 33.27 33.23 33.19 33.21 33.25 33.30 33.34 33.39 33.45 33.51 33.57 33.64 33.71 33.78 33.85 33.93 34.01 34.09 34.17 34.26 34.35 34.46 34.58
29.02 29.15 29.28 29.42 29.56 29.69 29.84 29.98 30.11 30.26 30.40 30.53 30.67 30.80 30.92 31.05 31.17 31.29 31.41 31.52 31.63 31.74 31.83 31.93 32.02 32.11 32.19 32.28 32.36 32.44 32.51 32.58 32.65 32.72 32.78 32.84 32.90 32.96 33.02 33.07 33.12 33.18 33.23 33.28 33.33 33.36 33.40 33.43 33.46 33.48 33.49 33.49 33.49 33.47 33.45 33.42 33.40 33.43 33.47 33.52 33.58 33.64 33.69 33.75 33.82 33.90 33.98 34.05 34.15 34.23 34.31 34.40 34.49 34.59 34.70 34.81 34.94
29.07 29.21 29.35 29.48 29.62 29.76 29.90 30.04 30.18 30.33 30.46 30.60 30.73 30.87 31.00 31.12 31.25 31.38 31.49 31.61 31.71 31.82 31.92 32.02 32.11 32.20 32.29 32.38 32.45 32.53 32.61 32.68 32.75 32.82 32.89 32.95 33.01 33.07 33.13 33.19 33.24 33.30 33.35 33.40 33.45 33.49 33.53 33.56 33.59 33.61 33.63 33.65 33.65 33.64 33.62 33.61 33.60 33.64 33.69 33.74 33.80 33.86 33.92 34.00 34.07 34.15 34.24 34.35 34.43 34.53 34.62 34.72 34.83 34.93 35.05 34.84 35.33
29.14 29.28 29.40 29.54 29.68 29.82 29.96 30.11 30.25 30.39 30.53 30.66 30.80 30.94 31.07 31.20 31.33 31.45 31.57 31.69 31.79 31.91 32.01 32.10 32.20 32.30 32.38 32.47 32.55 32.63 32.71 32.78 32.85 32.92 32.99 33.05 33.12 33.18 33.24 33.31 33.36 33.42 33.47 33.52 33.57 33.62 33.66 33.70 33.73 33.76 33.78 33.80 33.80 33.80 33.80 33.79 33.81 33.85 33.91 33.95 34.01 34.07 34.15 34.22 34.31 34.40 34.51 34.62 34.73 34.84 34.94 35.05 35.16 35.28 35.41 35.57 35.74
29.20 29.33 29.47 29.61 29.74 29.88 30.03 30.17 30.31 30.46 30.59 30.73 30.88 31.01 31.14 31.28 31.40 31.53 31.64 31.76 31.88 31.99 32.09 32.19 32.29 32.38 32.47 32.56 32.65 32.73 32.81 32.88 32.96 33.03 33.10 33.16 33.23 33.29 33.35 33.42 33.47 33.53 33.59 33.65 33.69 33.74 33.78 33.83 33.87 33.90 33.92 33.95 33.96 33.97 33.96 33.97 34.00 34.05 34.11 34.17 34.23 34.29 34.36 34.44 34.53 34.64 34.77 34.90 35.02 35.15 35.25 35.37 35.50 35.63 35.78 35.94 35.99
29.26 29.40 29.54 29.67 29.81 29.95 30.09 30.23 30.38 30.52 30.66 30.81 30.95 31.08 31.22 31.34 31.48 31.61 31.72 31.84 31.96 32.07 32.18 32.28 32.38 32.47 32.57 32.66 32.74 32.83 32.91 32.98 33.06 33.13 33.20 33.27 33.34 33.40 33.46 33.53 33.59 33.64 33.70 33.76 33.81 33.86 33.91 33.95 34.00 34.03 34.07 34.09 34.11 34.13 34.13 34.14 34.18 34.24 34.31 34.37 34.43 34.50 34.57 34.65 34.75 34.88 35.04 35.19 35.33 35.46 35.58 35.70 35.83 35.98 36.14 36.32 36.53
29.33 29.47 29.59 29.73 29.88 30.02 30.15 30.30 30.45 30.58 30.73 30.88 31.01 31.15 31.29 31.42 31.55 31.67 31.80 31.92 32.03 32.15 32.26 32.36 32.46 32.56 32.66 32.75 32.84 32.92 32.99 33.08 33.16 33.23 33.30 33.37 33.44 33.51 33.58 33.63 33.70 33.76 33.81 33.87 33.93 33.99 34.04 34.08 34.13 34.16 34.20 34.24 34.26 34.29 34.30 34.32 34.37 34.43 34.49 34.57 34.63 34.70 34.78 34.85 34.95 35.11 35.31 35.49 35.64 35.76 35.89 36.02 36.15 36.27 36.49 36.68 36.89
29.40 29.53 29.66 29.80 29.94 30.08 30.22 30.37 30.51 30.65 30.80 30.95 31.08 31.22 31.35 31.49 31.63 31.75 31.88 32.00 32.11 32.23 32.34 32.44 32.55 32.65 32.75 32.84 32.92 33.01 33.09 33.17 33.25 33.33 33.40 33.47 33.54 33.61 33.68 33.74 33.81 33.87 33.93 33.99 34.05 34.10 34.16 34.21 34.26 34.30 34.35 34.38 34.41 34.44 34.46 34.49 34.55 34.62 34.68 34.76 34.84 34.92 35.00 35.08 35.17 35.37 35.47 35.83 35.95 36.07 36.00 36.33 36.48 36.64 36.82 37.02 37.24
29.46 29.59 29.73 29.87 30.01 30.15 30.29 30.44 30.57 30.72 30.87 31.01 31.15 31.29 31.43 31.56 31.70 31.82 31.95 32.08 32.19 32.31 32.42 32.52 32.63 32.73 32.83 32.93 33.01 33.10 33.18 33.26 33.35 33.42 33.50 33.57 33.64 33.71 33.78 33.85 33.91 33.97 34.04 34.10 34.17 34.22 34.28 34.33 34.38 34.43 34.48 34.51 34.56 34.59 34.62 34.65 34.72 34.79 34.88 34.95 35.03 35.13 35.22 35.33 35.44 35.41 35.90 36.03 36.24 36.35 36.48 36.62 36.78 36.95 37.14 37.34 37.57
29.53 29.66 29.80 29.94 30.08 30.21 30.36 30.51 30.64 30.79 30.94 31.07 31.22 31.36 31.50 31.64 31.77 31.90 32.03 32.15 32.27 32.39 32.50 32.61 32.71 32.82 32.92 33.01 33.10 33.19 33.27 33.35 33.44 33.52 33.59 33.67 33.74 33.82 33.88 33.95 34.02 34.09 34.15 34.21 34.28 34.34 34.40 34.45 34.51 34.57 34.61 34.66 34.70 34.75 34.79 34.83 34.89 34.97 35.05 35.14 35.24 35.35 35.45 35.59 35.72 35.80 36.20 36.37 36.49 36.62 36.75 36.90 37.06 37.24 37.43 37.65 37.76
29.60 29.73 29.87 30.01 30.14 30.28 30.43 30.57 30.71 30.86 31.01 31.14 31.29 31.43 31.57 31.71 31.84 31.97 32.10 32.23 32.34 32.46 32.58 32.69 32.79 32.90 33.00 33.10 33.19 33.28 33.37 33.45 33.53 33.61 33.68 33.76 33.83 33.91 33.98 34.05 34.12 34.19 34.25 34.32 34.39 34.45 34.52 34.58 34.64 34.69 34.75 34.79 34.84 34.89 34.94 34.99 35.06 35.14 35.23 35.33 35.43 35.55 35.68 35.77 35.90 36.07 36.39 36.55 36.70 36.84 36.99 37.15 37.33 37.51 37.72 37.92 37.42
29.67 29.81 29.94 30.08 30.22 30.35 30.50 30.64 30.79 30.93 31.08 31.22 31.36 31.50 31.65 31.78 31.92 32.04 32.17 32.30 32.42 32.54 32.66 32.77 32.87 32.98 33.08 33.18 33.27 33.36 33.45 33.54 33.62 33.70 33.77 33.85 33.92 34.00 34.08 34.15 34.22 34.29 34.36 34.42 34.50 34.57 34.63 34.69 34.75 34.82 34.87 34.93 34.98 35.04 35.09 35.15 35.22 35.31 35.41 35.51 35.62 35.75 35.80 35.86 35.93 36.33 36.57 36.74 36.89 37.05 37.22 37.39 37.57 37.77 37.96 38.19 38.41
29.75 29.88 30.01 30.15 30.29 30.42 30.57 30.71 30.86 31.00 31.14 31.29 31.44 31.57 31.72 31.85 31.99 32.12 32.25 32.38 32.50 32.61 32.73 32.85 32.96 33.06 33.16 33.26 33.35 33.45 33.53 33.62 33.70 33.78 33.87 33.94 34.02 34.09 34.17 34.24 34.32 34.39 34.47 34.53 34.61 34.68 34.74 34.81 34.87 34.94 35.00 35.07 35.13 35.19 35.25 35.32 35.38 35.48 35.58 35.69 35.81 35.94 35.98 36.07 36.15 36.40 36.70 36.91 37.10 37.26 37.44 37.62 37.81 38.00 38.22 38.43 38.65
29.83 29.96 30.08 30.22 30.36 30.50 30.64 30.78 30.93 31.08 31.21 31.36 31.51 31.64 31.79 31.93 32.06 32.19 32.33 32.45 32.57 32.70 32.81 32.92 33.03 33.14 33.24 33.34 33.43 33.53 33.62 33.70 33.78 33.88 33.95 34.03 34.11 34.19 34.26 34.33 34.41 34.49 34.56 34.64 34.71 34.77 34.85 34.92 35.00 35.07 35.14 35.20 35.27 35.34 35.40 35.48 35.55 35.64 35.75 35.86 35.98 36.08 36.23 36.29 36.37 36.42 36.54 37.04 37.28 37.46 37.64 37.83 38.03 38.23 38.44 38.65 38.87
29.90 30.03 30.17 30.29 30.43 30.57 30.72 30.86 31.00 31.14 31.29 31.43 31.57 31.72 31.85 32.00 32.14 32.26 32.40 32.53 32.64 32.77 32.89 33.00 33.11 33.22 33.32 33.42 33.51 33.60 33.69 33.78 33.88 33.96 34.03 34.12 34.19 34.27 34.35 34.43 34.50 34.58 34.66 34.73 34.81 34.88 34.96 35.03 35.11 35.19 35.26 35.33 35.41 35.48 35.56 35.63 35.71 35.81 35.91 36.03 36.16 36.29 36.43 36.54 36.61 36.64 36.68 36.97 37.46 37.65 37.84 38.03 38.23 38.44 38.65 38.85 39.07
