datasets/raw/temp/2019111620191116.grid
ncols 886
nrows 691
xllcenter 112.0000
yllcenter -44.5000
cellsize 0.0500
nodata_value 99999.90
[rows 544 to 577 of 691, columns 693 to 769 of 886]
12.73 14.76 16.67 18.61 17.52 20.14 17.23 18.80 20.64 15.43 15.04 14.44 19.07 18.12 17.02 15.33 14.47 17.74 19.25 19.47 21.09 20.78 20.35 20.58 18.39 14.92 16.78 17.06 18.16 20.57 19.77 17.91 18.68 19.20 21.83 19.48 19.09 20.02 18.50 16.86 17.91 18.61 18.13 17.38 17.78 17.91 17.86 18.82 17.84 19.70 20.07 18.22 19.34 20.58 19.40 20.90 20.43 20.21 20.19 20.89 20.20 20.12 20.20 20.12 20.24 19.68 19.83 19.64 19.73 19.55 19.42 19.30 19.17 19.06 18.94 18.84 18.72
15.97 11.79 15.75 18.05 14.25 19.11 18.70 19.07 21.10 16.42 18.50 16.18 20.45 21.00 19.64 15.87 17.52 18.20 19.02 20.97 20.76 21.73 21.34 19.52 20.98 17.22 16.91 18.96 19.81 18.86 20.31 19.03 18.68 18.34 21.07 20.59 21.00 17.19 17.39 17.74 19.03 18.00 18.53 17.36 17.33 16.46 17.59 17.50 17.54 19.33 20.87 19.95 21.02 19.27 20.98 20.19 20.52 19.92 20.17 19.80 20.51 20.00 20.29 20.40 20.23 20.01 19.83 19.59 19.35 19.22 19.11 19.01 18.91 18.81 18.70 18.60 18.50
15.07 13.09 13.82 16.21 14.66 19.64 19.75 18.48 19.71 19.13 19.21 15.36 19.32 18.36 17.19 19.72 18.73 15.65 17.19 19.18 19.21 19.56 21.89 20.65 21.50 20.61 18.41 18.57 19.86 18.45 19.72 18.50 18.64 18.83 21.41 19.86 17.72 18.71 18.34 18.29 17.77 20.02 18.43 17.93 16.60 17.21 17.13 17.34 18.74 19.05 20.68 20.18 19.96 20.49 20.78 20.67 20.02 19.78 19.82 20.09 19.67 19.77 19.98 19.91 18.82 19.14 19.31 19.28 19.07 18.94 18.83 18.74 18.64 18.55 18.47 18.37 18.28
16.01 13.95 11.60 16.12 18.36 20.40 19.61 19.93 20.39 19.88 15.71 18.16 18.33 21.46 18.69 21.10 19.99 16.16 15.93 17.08 17.57 19.06 21.14 20.69 21.40 20.45 19.59 20.46 19.93 19.30 20.82 18.79 19.41 18.50 20.95 19.26 19.13 19.81 20.12 18.17 19.62 20.76 19.05 18.08 16.06 20.51 17.99 17.98 20.18 17.83 20.60 20.81 19.56 19.39 18.08 19.85 19.68 20.45 19.83 19.51 19.97 20.16 19.83 19.08 18.67 18.79 18.75 19.00 18.82 18.68 18.57 18.48 18.39 18.31 18.22 18.14 18.05
16.88 13.32 11.38 13.51 15.27 18.02 15.64 18.27 18.69 21.64 19.18 17.05 20.76 19.35 19.98 21.35 20.61 16.38 16.52 17.50 19.70 19.08 19.76 19.97 20.92 20.81 19.12 20.08 18.55 20.28 20.89 20.11 18.86 19.20 20.79 19.90 20.40 19.51 18.62 19.15 20.27 19.55 17.74 18.90 17.91 20.47 18.94 20.52 19.54 20.10 20.17 20.92 18.39 17.81 19.99 19.59 20.30 20.33 19.09 19.96 19.89 19.61 19.14 18.98 17.88 18.41 18.76 18.73 18.57 18.44 18.32 18.23 18.14 18.06 17.98 17.91 17.83
17.41 13.92 12.31 14.97 14.70 15.46 17.92 13.32 15.19 18.95 19.90 18.59 21.52 20.70 20.51 21.27 19.65 18.77 20.53 20.04 19.59 19.30 20.57 20.28 20.67 20.33 19.87 20.16 20.60 18.95 20.54 20.21 18.55 21.18 20.00 19.68 19.28 19.26 19.34 18.97 20.25 19.65 18.87 18.30 18.76 20.09 19.87 19.90 18.96 19.22 19.89 20.22 18.91 19.76 18.82 19.47 19.74 19.64 20.11 19.37 19.69 19.43 18.95 18.69 18.24 18.10 18.47 18.46 18.31 18.19 18.09 17.99 17.91 17.83 17.75 17.68 17.61
17.55 14.74 17.44 14.54 12.05 13.96 14.68 13.91 13.70 18.17 21.32 20.93 20.73 20.68 20.00 20.64 19.25 19.29 19.32 20.05 20.52 18.38 19.71 20.12 20.94 18.92 18.71 20.23 19.75 19.42 20.50 20.88 20.17 20.05 19.94 19.73 18.99 19.78 20.27 19.62 19.55 17.87 17.60 18.52 19.93 18.67 19.80 19.57 20.02 19.70 20.44 19.91 19.53 19.67 19.50 19.30 19.63 19.51 19.41 19.18 19.14 19.19 19.12 18.91 18.37 18.11 18.15 18.20 18.07 17.95 17.85 17.76 17.68 17.60 17.52 17.45 17.39
15.39 17.41 17.96 13.45 17.13 14.90 17.63 15.18 18.65 18.84 19.98 20.75 20.43 19.97 21.05 21.36 20.50 19.56 18.75 19.84 19.98 20.18 19.50 20.12 20.39 20.74 20.83 20.09 20.06 19.65 19.83 18.87 19.23 20.28 18.83 19.56 19.09 18.52 19.88 18.74 18.88 17.81 16.64 19.31 18.34 19.68 20.01 19.37 20.10 20.11 20.23 20.12 19.61 19.35 18.77 19.44 19.39 18.74 18.72 18.97 18.50 18.57 18.56 18.61 18.42 18.22 18.06 17.94 17.83 17.72 17.62 17.54 17.45 17.38 17.31 17.24 17.18
19.07 14.77 17.12 15.06 17.49 19.01 16.50 18.45 17.48 19.56 18.21 18.47 19.84 19.14 21.13 19.95 20.19 19.39 19.68 18.60 20.15 20.78 19.80 19.67 19.88 19.68 20.67 19.75 19.78 19.30 19.49 19.20 19.65 19.75 20.25 19.57 19.30 19.04 19.52 19.55 19.46 19.16 18.46 19.14 18.16 19.87 19.57 18.54 19.75 19.92 19.63 19.87 19.40 19.19 19.13 19.25 19.04 18.76 18.41 18.27 18.65 18.49 18.52 18.33 18.15 17.97 17.82 17.70 17.60 17.50 17.40 17.32 17.24 17.17 17.10 17.04 16.97
19.09 17.70 16.95 17.46 18.92 19.05 18.51 19.62 18.64 19.21 19.76 18.45 19.36 19.92 20.69 19.65 19.95 19.37 20.17 19.82 20.33 20.53 20.29 19.90 19.69 20.47 20.13 19.76 19.78 19.54 19.39 19.70 19.41 18.94 19.85 19.59 19.36 18.87 19.05 19.06 19.15 19.08 19.16 18.52 19.07 19.61 18.91 19.21 19.07 19.38 19.53 19.39 19.15 18.93 18.75 18.59 18.75 18.72 18.03 18.14 18.31 18.38 18.24 18.07 17.91 17.74 17.61 17.49 17.39 17.29 17.19 17.12 17.03 16.97 16.90 16.83 16.77
19.53 17.22 18.49 18.65 18.27 19.58 19.59 18.13 18.86 20.06 20.11 19.18 18.84 20.13 20.58 20.25 19.96 19.44 19.60 20.62 20.53 20.56 19.76 20.26 20.47 19.85 19.85 19.44 19.20 19.15 19.58 19.37 19.48 19.46 19.40 19.62 19.56 19.28 19.44 18.75 19.21 19.15 19.00 18.92 19.21 19.36 19.05 19.39 19.35 19.36 19.00 18.89 18.93 18.75 18.75 18.53 18.11 18.25 18.26 17.98 18.28 18.13 17.98 17.82 17.68 17.53 17.40 17.28 17.18 17.08 17.00 16.92 16.84 16.77 16.71 16.64 16.58
19.52 18.05 17.63 19.19 19.16 19.70 17.57 19.71 19.66 20.19 18.71 19.25 20.13 20.47 20.69 20.22 20.51 20.45 19.19 20.58 20.33 20.01 20.21 20.07 20.26 19.44 19.32 19.39 19.56 19.82 19.38 19.40 19.32 19.35 19.29 19.10 19.04 19.17 19.28 19.11 19.21 18.97 18.88 18.92 19.05 18.83 19.15 19.14 19.01 18.96 18.63 18.63 18.68 18.41 18.40 18.33 18.20 18.22 18.28 18.15 18.01 17.87 17.73 17.59 17.45 17.33 17.21 17.09 16.99 16.90 16.81 16.73 16.66 16.58 16.52 16.46 16.39
17.51 19.27 18.77 17.31 19.86 20.14 20.30 20.41 20.23 20.07 20.03 20.11 20.05 20.15 20.37 20.43 20.55 20.50 20.44 20.37 20.29 20.02 20.21 20.00 19.99 19.25 19.36 19.40 19.54 19.38 19.26 19.13 19.20 19.18 19.18 19.11 19.08 19.02 18.94 18.92 18.85 18.95 18.93 18.93 18.91 18.90 18.89 18.86 18.82 18.76 18.70 18.61 18.52 18.43 18.37 18.29 18.20 18.10 18.00 17.88 17.76 17.63 17.51 17.38 17.24 17.12 17.01 16.91 16.81 16.71 16.63 16.56 16.48 16.41 16.35 16.28 16.23
17.19 19.24 19.22 18.61 19.11 19.79 20.07 20.35 20.30 19.96 19.80 19.99 20.09 20.09 19.98 20.01 20.02 20.07 20.08 20.08 20.12 20.05 19.95 19.84 19.59 19.22 19.17 18.89 19.12 19.27 19.22 19.16 19.09 19.02 18.95 18.89 18.84 18.78 18.74 18.71 18.69 18.66 18.65 18.63 18.61 18.60 18.57 18.54 18.50 18.45 18.38 18.31 18.21 18.14 18.07 18.00 17.92 17.83 17.73 17.63 17.52 17.40 17.28 17.16 17.04 16.93 16.83 16.73 16.63 16.55 16.46 16.38 16.31 16.24 16.17 16.11 16.05
17.81 19.10 19.39 19.44 19.82 19.92 20.04 20.14 20.14 19.98 19.88 19.87 19.99 19.93 20.01 19.92 19.80 19.77 19.70 19.71 19.78 19.78 19.68 19.59 19.48 19.35 19.22 19.11 19.06 19.02 18.97 18.91 18.85 18.79 18.72 18.65 18.60 18.54 18.50 18.47 18.43 18.40 18.37 18.35 18.32 18.31 18.27 18.24 18.20 18.15 18.09 18.02 17.95 17.88 17.81 17.74 17.67 17.58 17.49 17.39 17.29 17.18 17.07 16.96 16.85 16.75 16.65 16.55 16.46 16.38 16.29 16.22 16.15 16.08 16.02 15.95 15.89
18.54 19.01 19.21 19.36 19.69 19.84 19.96 19.92 20.02 19.95 19.76 19.79 19.85 19.78 19.77 19.73 19.70 19.68 19.63 19.58 19.62 19.57 19.47 19.34 19.26 19.14 19.02 18.93 18.86 18.80 18.75 18.69 18.63 18.57 18.50 18.43 18.38 18.32 18.27 18.23 18.19 18.15 18.12 18.09 18.06 18.03 18.01 17.96 17.92 17.87 17.82 17.75 17.69 17.63 17.56 17.49 17.42 17.35 17.26 17.17 17.07 16.98 16.87 16.77 16.67 16.58 16.48 16.39 16.30 16.21 16.14 16.07 16.00 15.92 15.86 15.80 15.74
18.72 19.05 19.24 19.38 19.54 19.64 19.77 19.80 19.78 19.85 19.72 19.70 19.73 19.66 19.65 19.68 19.62 19.56 19.51 19.48 19.32 19.35 19.26 19.16 19.05 18.95 18.84 18.76 18.68 18.61 18.55 18.49 18.42 18.36 18.30 18.23 18.16 18.10 18.05 18.00 17.95 17.91 17.88 17.85 17.81 17.78 17.75 17.71 17.67 17.62 17.57 17.52 17.45 17.39 17.33 17.27 17.20 17.12 17.05 16.96 16.88 16.78 16.69 16.59 16.50 16.41 16.32 16.23 16.15 16.06 15.98 15.91 15.84 15.78 15.71 15.65 15.59
18.64 18.82 18.97 19.16 19.27 19.40 19.55 19.61 19.63 19.62 19.61 19.61 19.59 19.57 19.55 19.51 19.46 19.41 19.35 19.27 19.22 19.14 19.06 18.97 18.87 18.78 18.68 18.59 18.51 18.44 18.37 18.31 18.24 18.17 18.10 18.04 17.97 17.90 17.84 17.78 17.73 17.69 17.65 17.60 17.57 17.54 17.50 17.46 17.42 17.38 17.34 17.28 17.23 17.17 17.11 17.06 16.99 16.91 16.84 16.76 16.68 16.60 16.50 16.42 16.33 16.24 16.16 16.07 15.99 15.91 15.84 15.77 15.70 15.63 15.57 15.51 15.44
18.61 18.76 18.94 18.93 19.10 19.21 19.20 19.32 19.46 19.40 19.40 19.39 19.38 19.36 19.34 19.30 19.23 19.18 19.12 19.09 19.02 18.96 18.87 18.79 18.70 18.61 18.52 18.43 18.35 18.28 18.20 18.14 18.06 17.99 17.92 17.84 17.78 17.71 17.65 17.59 17.53 17.48 17.43 17.39 17.35 17.31 17.27 17.24 17.20 17.16 17.11 17.06 17.02 16.96 16.91 16.85 16.78 16.72 16.64 16.58 16.50 16.42 16.33 16.26 16.17 16.09 16.01 15.93 15.85 15.78 15.70 15.63 15.56 15.50 15.43 15.37 15.31
18.62 18.72 18.78 18.90 18.94 19.02 19.13 19.16 19.20 19.19 19.17 19.18 19.17 19.15 19.11 19.09 19.04 19.01 18.96 18.90 18.84 18.77 18.70 18.62 18.53 18.45 18.37 18.29 18.20 18.13 18.05 17.97 17.89 17.82 17.75 17.67 17.60 17.53 17.46 17.39 17.34 17.29 17.23 17.18 17.14 17.10 17.06 17.02 16.98 16.94 16.90 16.85 16.81 16.76 16.71 16.65 16.59 16.53 16.47 16.40 16.32 16.25 16.17 16.10 16.02 15.94 15.86 15.78 15.71 15.64 15.57 15.50 15.43 15.36 15.30 15.24 15.18
18.15 18.37 18.40 18.30 18.04 17.86 18.16 18.36 18.50 18.59 18.56 18.65 18.78 18.83 18.89 18.88 18.86 18.82 18.77 18.72 18.66 18.60 18.53 18.46 18.38 18.30 18.22 18.14 18.06 17.98 17.90 17.82 17.74 17.66 17.58 17.51 17.43 17.36 17.29 17.22 17.16 17.09 17.04 16.99 16.94 16.90 16.86 16.82 16.78 16.74 16.71 16.66 16.62 16.57 16.53 16.47 16.41 16.36 16.30 16.23 16.16 16.09 16.02 15.95 15.87 15.80 15.73 15.65 15.58 15.51 15.43 15.37 15.31 15.24 15.18 15.13 15.12
17.81 17.32 17.37 17.80 17.72 17.89 17.84 18.07 18.24 18.41 18.49 18.47 18.63 18.69 18.73 18.70 18.67 18.63 18.59 18.54 18.49 18.43 18.37 18.30 18.23 18.16 18.07 18.00 17.92 17.84 17.76 17.68 17.59 17.51 17.43 17.35 17.28 17.19 17.12 17.04 16.98 16.92 16.86 16.80 16.75 16.71 16.67 16.62 16.59 16.55 16.51 16.48 16.43 16.39 16.35 16.29 16.25 16.19 16.13 16.08 16.01 15.94 15.88 15.80 15.74 15.66 15.59 15.52 15.45 15.38 15.31 15.25 15.19 15.14 15.11 15.15 15.23
16.80 17.21 17.12 16.62 17.16 17.50 17.70 18.12 18.35 18.23 18.37 18.44 18.43 18.55 18.54 18.51 18.49 18.45 18.41 18.37 18.33 18.27 18.22 18.15 18.08 18.02 17.94 17.87 17.79 17.71 17.62 17.54 17.46 17.38 17.30 17.21 17.13 17.04 16.96 16.89 16.82 16.75 16.68 16.63 16.58 16.53 16.49 16.45 16.41 16.37 16.33 16.30 16.26 16.23 16.18 16.13 16.08 16.03 15.98 15.93 15.86 15.80 15.74 15.66 15.60 15.53 15.47 15.40 15.33 15.26 15.19 15.15 15.12 15.14 15.22 15.30 15.40
16.66 15.85 16.35 16.83 17.17 17.48 17.59 17.90 18.03 18.16 18.29 18.32 18.37 18.36 18.35 18.33 18.31 18.28 18.25 18.21 18.17 18.12 18.06 18.01 17.94 17.88 17.81 17.73 17.66 17.58 17.49 17.41 17.33 17.24 17.15 17.07 16.98 16.90 16.82 16.74 16.66 16.60 16.53 16.46 16.41 16.36 16.32 16.28 16.24 16.21 16.17 16.13 16.09 16.06 16.02 15.97 15.93 15.89 15.83 15.78 15.72 15.66 15.60 15.54 15.47 15.41 15.34 15.28 15.23 15.18 15.14 15.19 15.25 15.32 15.39 15.47 15.55
14.23 16.02 16.88 17.25 17.09 17.45 17.83 17.93 18.00 18.09 18.16 18.19 18.19 18.18 18.17 18.16 18.14 18.11 18.09 18.06 18.01 17.97 17.92 17.87 17.81 17.75 17.69 17.61 17.54 17.46 17.38 17.29 17.21 17.11 17.03 16.94 16.85 16.77 16.68 16.59 16.52 16.45 16.38 16.31 16.26 16.21 16.16 16.11 16.07 16.05 16.01 15.98 15.94 15.91 15.87 15.82 15.78 15.74 15.69 15.64 15.59 15.53 15.47 15.41 15.37 15.31 15.26 15.23 15.25 15.29 15.33 15.39 15.45 15.50 15.56 15.61 15.66
15.93 16.61 16.94 17.21 17.15 17.29 17.73 17.87 17.86 17.99 18.01 18.01 18.01 18.01 18.00 17.99 17.98 17.96 17.93 17.91 17.87 17.84 17.79 17.74 17.69 17.63 17.57 17.50 17.42 17.34 17.26 17.18 17.09 17.00 16.91 16.82 16.73 16.64 16.55 16.46 16.38 16.31 16.23 16.17 16.11 16.05 16.00 15.96 15.93 15.89 15.86 15.82 15.79 15.76 15.72 15.69 15.65 15.62 15.57 15.53 15.48 15.44 15.39 15.37 15.37 15.38 15.40 15.42 15.45 15.49 15.54 15.58 15.62 15.66 15.70 15.73 15.76
17.10 17.24 17.00 17.22 17.31 17.48 17.64 17.74 17.79 17.82 17.83 17.84 17.85 17.85 17.85 17.83 17.83 17.81 17.80 17.77 17.74 17.70 17.67 17.62 17.56 17.52 17.45 17.38 17.32 17.23 17.16 17.07 16.98 16.89 16.80 16.71 16.61 16.51 16.43 16.33 16.25 16.18 16.10 16.04 15.98 15.94 15.90 15.86 15.82 15.79 15.76 15.73 15.70 15.67 15.65 15.63 15.61 15.60 15.59 15.58 15.58 15.57 15.56 15.57 15.58 15.60 15.61 15.63 15.65 15.69 15.71 15.73 15.76 15.79 15.80 15.82 15.84
17.15 17.21 17.29 17.29 17.35 17.43 17.55 17.61 17.63 17.65 17.67 17.68 17.69 17.69 17.69 17.69 17.69 17.67 17.65 17.63 17.61 17.58 17.54 17.50 17.45 17.41 17.34 17.28 17.21 17.14 17.05 16.97 16.88 16.79 16.69 16.60 16.50 16.40 16.32 16.24 16.15 16.09 16.02 15.98 15.97 15.96 15.95 15.94 15.93 15.91 15.91 15.89 15.88 15.86 15.85 15.83 15.83 15.81 15.80 15.80 15.79 15.79 15.79 15.79 15.79 15.80 15.80 15.81 15.83 15.83 15.84 15.86 15.86 15.87 15.88 15.89 15.89
17.12 17.14 17.19 17.29 17.30 17.38 17.41 17.44 17.47 17.49 17.51 17.53 17.54 17.54 17.55 17.55 17.54 17.54 17.53 17.51 17.49 17.46 17.43 17.40 17.35 17.30 17.25 17.18 17.12 17.05 16.97 16.89 16.79 16.70 16.61 16.50 16.42 16.33 16.26 16.22 16.20 16.18 16.18 16.17 16.16 16.16 16.15 16.15 16.14 16.14 16.12 16.11 16.10 16.08 16.07 16.05 16.03 16.03 16.01 15.99 15.99 15.98 15.97 15.96 15.95 15.95 15.95 15.94 15.95 15.94 15.95 15.94 15.94 15.94 15.93 15.93 15.92
17.03 17.04 17.10 17.15 17.19 17.23 17.26 17.29 17.32 17.34 17.37 17.39 17.40 17.40 17.41 17.42 17.42 17.41 17.40 17.40 17.37 17.35 17.33 17.30 17.25 17.21 17.16 17.10 17.03 16.96 16.88 16.80 16.71 16.63 16.54 16.46 16.42 16.41 16.38 16.37 16.37 16.36 16.37 16.37 16.36 16.35 16.35 16.34 16.33 16.31 16.30 16.30 16.28 16.26 16.24 16.23 16.20 16.19 16.17 16.15 16.13 16.12 16.10 16.09 16.08 16.06 16.06 16.04 16.03 16.02 16.01 16.00 15.99 15.98 15.97 15.95 15.93
16.87 16.92 16.96 17.00 17.04 17.08 17.12 17.15 17.17 17.20 17.23 17.24 17.26 17.27 17.29 17.29 17.29 17.29 17.29 17.28 17.27 17.25 17.23 17.20 17.17 17.13 17.08 17.02 16.97 16.90 16.82 16.74 16.67 16.62 16.58 16.55 16.55 16.53 16.53 16.52 16.52 16.51 16.52 16.51 16.51 16.50 16.49 16.49 16.47 16.46 16.44 16.43 16.41 16.39 16.37 16.35 16.33 16.30 16.28 16.26 16.24 16.22 16.20 16.18 16.17 16.14 16.13 16.10 16.09 16.07 16.06 16.04 16.01 16.00 15.98 15.96 15.93
16.72 16.76 16.81 16.86 16.89 16.94 16.97 17.01 17.04 17.07 17.09 17.12 17.13 17.15 17.16 17.17 17.18 17.18 17.19 17.18 17.17 17.16 17.14 17.12 17.09 17.05 17.00 16.96 16.89 16.84 16.77 16.72 16.69 16.67 16.66 16.64 16.64 16.64 16.63 16.63 16.62 16.62 16.62 16.62 16.61 16.61 16.59 16.59 16.57 16.56 16.54 16.53 16.50 16.48 16.46 16.44 16.41 16.39 16.36 16.34 16.32 16.29 16.27 16.24 16.21 16.19 16.17 16.15 16.12 16.10 16.07 16.05 16.02 16.00 15.98 15.95 15.93
16.57 16.62 16.66 16.71 16.76 16.80 16.84 16.88 16.91 16.93 16.97 16.99 17.01 17.03 17.05 17.06 17.07 17.08 17.07 17.08 17.07 17.07 17.06 17.04 17.01 16.98 16.94 16.90 16.84 16.80 16.77 16.74 16.73 16.72 16.71 16.70 16.70 16.70 16.70 16.70 16.70 16.69 16.69 16.68 16.68 16.67 16.66 16.65 16.64 16.62 16.60 16.58 16.56 16.54 16.51 16.49 16.47 16.44 16.41 16.39 16.36 16.33 16.31 16.27 16.24 16.22 16.19 16.16 16.13 16.11 16.08 16.05 16.02 15.99 15.96 15.93 15.90
16.42 16.47 16.53 16.58 16.62 16.67 16.71 16.75 16.78 16.81 16.84 16.86 16.89 16.91 16.93 16.95 16.96 16.97 16.98 16.99 16.98 16.98 16.98 16.96 16.94 16.91 16.88 16.84 16.80 16.78 16.77 16.75 16.74 16.75 16.74 16.73 16.73 16.74 16.73 16.73 16.73 16.73 16.72 16.73 16.72 16.71 16.69 16.68 16.66 16.65 16.63 16.62 16.60 16.56 16.54 16.51 16.49 16.46 16.43 16.40 16.37 16.34 16.31 16.28 16.25 16.22 16.19 16.16 16.13 16.10 16.07 16.03 16.00 15.97 15.93 15.91 15.87
