datasets/raw/temp/2019120120191201.grid
ncols 886
nrows 691
xllcenter 112.0000
yllcenter -44.5000
cellsize 0.0500
nodata_value 99999.90
[rows 612 to 645 of 691, columns 693 to 769 of 886]
14.30 14.27 14.23 14.21 14.19 14.18 14.17 14.18 14.19 14.22 14.25 14.30 14.35 14.41 14.49 14.56 14.64 14.72 14.81 14.88 14.95 15.01 15.07 15.11 15.14 15.16 15.18 15.18 15.17 15.18 15.21 15.25 15.31 15.37 15.43 15.49 15.54 15.59 15.64 15.67 15.71 15.74 15.77 15.79 15.80 15.82 15.84 15.84 15.85 15.86 15.82 15.67 15.50 15.33 15.18 15.04 14.91 14.80 14.70 14.60 14.53 14.45 14.38 14.32 14.27 14.22 14.18 14.13 14.10 14.07 14.04 14.01 13.98 13.95 13.93 13.90 13.88
14.30 14.26 14.23 14.20 14.19 14.17 14.17 14.18 14.20 14.22 14.25 14.30 14.35 14.42 14.49 14.56 14.64 14.72 14.80 14.88 14.95 15.01 15.07 15.11 15.14 15.16 15.17 15.16 15.14 15.14 15.17 15.23 15.30 15.38 15.45 15.52 15.58 15.63 15.68 15.72 15.77 15.79 15.82 15.84 15.86 15.88 15.89 15.90 15.91 15.91 15.89 15.77 15.59 15.40 15.24 15.09 14.95 14.83 14.72 14.62 14.53 14.45 14.38 14.31 14.25 14.21 14.16 14.11 14.08 14.04 14.02 13.98 13.95 13.92 13.89 13.87 13.84
14.28 14.25 14.22 14.20 14.18 14.18 14.17 14.18 14.20 14.23 14.27 14.31 14.37 14.42 14.49 14.56 14.64 14.72 14.80 14.88 14.95 15.02 15.07 15.12 15.15 15.17 15.17 15.16 15.13 15.10 15.13 15.23 15.32 15.41 15.48 15.56 15.63 15.69 15.73 15.78 15.82 15.85 15.88 15.90 15.93 15.93 15.95 15.96 15.96 15.97 15.96 15.86 15.68 15.48 15.31 15.14 14.99 14.86 14.74 14.63 14.53 14.45 14.38 14.31 14.24 14.19 14.14 14.10 14.05 14.02 13.98 13.96 13.92 13.89 13.87 13.84 13.82
14.28 14.25 14.21 14.20 14.18 14.17 14.18 14.20 14.22 14.24 14.29 14.33 14.38 14.45 14.52 14.59 14.66 14.74 14.81 14.90 14.96 15.03 15.09 15.14 15.17 15.20 15.20 15.16 15.17 15.13 15.16 15.26 15.37 15.46 15.54 15.61 15.68 15.74 15.79 15.84 15.88 15.91 15.94 15.96 15.97 15.99 16.00 16.01 16.01 16.02 16.01 15.96 15.77 15.56 15.37 15.19 15.04 14.89 14.76 14.64 14.55 14.46 14.37 14.30 14.23 14.18 14.13 14.08 14.03 14.00 13.96 13.93 13.90 13.87 13.84 13.81 13.78
14.27 14.23 14.21 14.19 14.19 14.18 14.20 14.22 14.24 14.28 14.33 14.37 14.42 14.49 14.55 14.62 14.69 14.77 14.85 14.92 14.99 15.06 15.12 15.17 15.22 15.24 15.08 14.97 15.08 15.14 15.28 15.35 15.43 15.52 15.60 15.66 15.73 15.80 15.85 15.90 15.94 15.97 16.00 16.02 16.04 16.05 16.06 16.07 16.06 16.07 16.06 16.02 15.85 15.63 15.42 15.24 15.08 14.92 14.78 14.66 14.55 14.46 14.37 14.29 14.22 14.17 14.12 14.07 14.02 13.98 13.95 13.91 13.87 13.85 13.81 13.78 13.76
14.27 14.23 14.20 14.18 14.19 14.19 14.21 14.24 14.28 14.33 14.37 14.42 14.48 14.54 14.61 14.67 14.74 14.82 14.89 14.96 14.78 15.10 15.17 15.22 15.27 15.30 15.14 14.84 15.03 15.22 15.29 15.40 15.53 15.61 15.67 15.73 15.80 15.86 15.92 15.96 16.00 16.03 16.06 16.09 16.10 16.10 16.12 16.11 16.12 16.12 16.11 16.08 15.91 15.69 15.48 15.29 15.11 14.95 14.80 14.68 14.57 14.46 14.38 14.30 14.23 14.16 14.11 14.05 14.01 13.96 13.92 13.89 13.86 13.82 13.80 13.76 13.73
14.26 14.22 14.19 14.19 14.19 14.21 14.24 14.28 14.33 14.38 14.43 14.49 14.55 14.61 14.67 14.74 14.80 14.88 14.96 14.98 14.98 15.06 15.16 15.15 15.19 15.32 15.33 15.24 15.31 15.41 15.19 15.26 15.60 15.70 15.75 15.81 15.88 15.94 15.99 16.04 16.08 16.11 16.13 16.14 16.16 16.17 16.17 16.17 16.17 16.17 16.16 16.13 15.98 15.75 15.53 15.33 15.13 14.97 14.82 14.69 14.57 14.47 14.38 14.29 14.22 14.15 14.10 14.04 13.99 13.95 13.91 13.87 13.84 13.80 13.77 13.74 13.71
14.28 14.23 14.19 14.18 14.20 14.24 14.29 14.34 14.40 14.45 14.51 14.57 14.63 14.69 14.72 14.83 14.89 14.96 14.95 14.84 14.92 14.74 14.89 14.93 15.16 15.26 15.20 15.41 15.18 15.50 15.50 15.46 15.52 15.80 15.84 15.90 15.97 16.02 16.08 16.12 16.15 16.18 16.20 16.21 16.22 16.23 16.23 16.23 16.23 16.22 16.21 16.18 16.04 15.80 15.57 15.36 15.16 14.99 14.84 14.70 14.57 14.47 14.37 14.29 14.21 14.15 14.09 14.03 13.98 13.94 13.90 13.86 13.82 13.78 13.76 13.72 13.69
14.29 14.24 14.19 14.18 14.21 14.28 14.34 14.30 14.22 14.54 14.60 14.66 14.62 14.57 14.81 14.93 14.99 14.97 15.04 14.92 14.83 14.58 14.73 14.66 14.73 14.94 13.79 15.39 15.45 15.31 15.59 15.58 15.65 15.71 15.95 16.02 16.08 16.13 16.17 16.20 16.23 16.25 16.27 16.28 16.29 16.29 16.29 16.29 16.28 16.28 16.27 16.24 16.10 15.85 15.62 15.39 15.20 15.01 14.86 14.71 14.59 14.48 14.37 14.29 14.21 14.14 14.08 14.02 13.97 13.93 13.88 13.84 13.81 13.77 13.73 13.70 13.67
14.33 14.27 14.21 14.20 14.05 14.09 14.05 14.18 14.01 14.36 14.16 14.38 14.47 14.79 14.64 14.54 15.03 14.97 15.02 14.92 14.15 14.15 14.24 14.96 14.89 14.96 15.37 15.06 15.08 15.44 15.71 15.84 16.01 16.10 16.12 16.15 16.20 16.24 16.27 16.30 16.32 16.33 16.35 16.36 16.36 16.36 16.36 16.35 16.35 16.34 16.33 16.29 16.14 15.90 15.65 15.42 15.22 15.03 14.87 14.72 14.59 14.48 14.38 14.28 14.20 14.14 14.07 14.02 13.96 13.91 13.87 13.82 13.79 13.76 13.72 13.69 13.65
14.05 14.30 14.06 14.31 14.10 13.76 14.12 14.02 14.19 14.56 13.84 14.27 14.42 14.57 14.85 14.22 14.99 15.00 14.77 14.97 15.06 14.59 14.56 14.15 14.95 15.19 15.17 14.19 15.38 15.11 15.31 15.66 15.89 16.27 16.29 16.31 16.33 16.36 16.38 16.39 16.41 16.42 16.43 16.43 16.43 16.44 16.43 16.43 16.41 16.40 16.39 16.35 16.19 15.93 15.68 15.44 15.24 15.05 14.88 14.74 14.60 14.48 14.38 14.29 14.20 14.13 14.07 14.00 13.95 13.90 13.86 13.82 13.78 13.74 13.70 13.67 13.63
13.84 13.73 14.22 14.36 14.51 14.46 13.77 14.17 13.86 14.27 13.98 13.94 13.55 14.79 14.57 14.29 14.70 14.67 14.53 14.79 15.05 14.04 14.79 14.60 14.22 14.74 13.34 11.88 14.94 15.37 15.72 15.85 16.19 16.46 16.46 16.47 16.47 16.48 16.48 16.49 16.50 16.51 16.51 16.52 16.51 16.51 16.50 16.50 16.48 16.47 16.46 16.41 16.24 15.97 15.72 15.48 15.27 15.07 14.90 14.74 14.60 14.49 14.38 14.29 14.20 14.13 14.05 14.00 13.94 13.90 13.85 13.80 13.77 13.73 13.69 13.66 13.62
13.89 12.69 13.93 14.30 14.52 14.61 14.56 14.41 14.42 14.36 14.17 13.65 13.98 13.73 14.38 13.06 14.52 14.61 14.90 13.62 13.95 14.41 13.88 12.95 13.13 13.52 12.81 11.62 13.90 15.58 15.80 15.73 16.35 16.64 16.63 16.62 16.61 16.61 16.60 16.60 16.60 16.60 16.60 16.60 16.59 16.59 16.58 16.57 16.56 16.55 16.53 16.49 16.29 16.01 15.75 15.51 15.29 15.08 14.91 14.76 14.62 14.49 14.38 14.29 14.20 14.12 14.05 13.99 13.94 13.88 13.84 13.79 13.75 13.71 13.68 13.64 13.61
13.46 13.54 12.71 13.80 14.45 14.52 14.84 14.71 13.01 12.59 14.69 14.38 13.79 11.89 12.95 13.14 14.20 14.02 14.01 10.55 13.48 14.28 14.50 14.50 11.55 13.99 13.99 14.28 15.13 15.98 15.47 16.26 16.47 16.74 16.80 16.76 16.73 16.71 16.71 16.70 16.70 16.69 16.68 16.68 16.68 16.66 16.65 16.65 16.64 16.63 16.61 16.56 16.35 16.07 15.79 15.54 15.31 15.11 14.93 14.77 14.62 14.49 14.38 14.29 14.20 14.12 14.05 13.99 13.93 13.88 13.83 13.79 13.75 13.71 13.66 13.63 13.60
13.87 13.72 12.82 13.32 14.44 14.71 14.83 14.67 15.08 14.13 13.62 13.58 12.37 10.79 12.37 11.99 11.90 10.99 11.05 9.18 13.18 14.44 11.71 13.48 13.09 13.42 15.48 15.52 14.63 15.60 16.17 16.42 16.89 16.57 16.93 16.88 16.84 16.83 16.80 16.79 16.79 16.78 16.77 16.77 16.77 16.76 16.75 16.73 16.73 16.71 16.70 16.65 16.42 16.12 15.83 15.57 15.34 15.14 14.95 14.78 14.63 14.50 14.38 14.29 14.20 14.11 14.05 13.98 13.92 13.87 13.82 13.77 13.73 13.69 13.66 13.62 13.58
14.05 13.32 13.18 13.58 14.35 13.96 14.19 14.18 15.25 15.30 13.84 13.07 12.89 13.46 12.93 11.64 11.32 12.49 11.27 10.96 10.31 10.93 10.94 11.39 11.30 12.35 11.92 12.13 14.58 16.01 15.96 16.59 16.54 17.01 17.02 16.97 16.94 16.92 16.90 16.89 16.88 16.88 16.86 16.86 16.85 16.85 16.83 16.83 16.82 16.81 16.79 16.74 16.49 16.18 15.89 15.62 15.38 15.16 14.97 14.80 14.64 14.51 14.39 14.30 14.20 14.12 14.05 13.98 13.91 13.86 13.82 13.76 13.72 13.68 13.64 13.61 13.57
14.09 13.44 13.24 13.41 14.24 14.13 14.00 14.42 14.54 15.75 15.66 14.41 13.61 13.84 9.99 8.51 10.55 11.11 13.18 11.76 10.41 13.53 9.24 11.94 14.64 13.99 14.32 13.21 15.96 16.60 15.89 15.59 16.70 17.09 17.06 17.04 17.02 17.00 16.99 16.98 16.97 16.96 16.96 16.95 16.95 16.93 16.93 16.92 16.92 16.91 16.89 16.83 16.58 16.26 15.95 15.68 15.42 15.20 15.00 14.82 14.66 14.52 14.40 14.29 14.21 14.12 14.04 13.97 13.91 13.86 13.80 13.76 13.72 13.67 13.63 13.59 13.56
12.69 13.75 13.90 13.99 14.51 14.60 14.65 14.42 14.38 14.88 15.48 15.68 14.52 13.69 12.44 10.95 12.94 12.31 11.74 13.17 10.28 13.30 13.87 14.51 13.74 15.20 15.21 14.65 15.58 16.35 16.85 16.96 16.86 17.09 17.11 17.09 17.09 17.08 17.07 17.06 17.06 17.04 17.05 17.04 17.03 17.03 17.03 17.02 17.00 17.00 16.99 16.93 16.68 16.35 16.02 15.73 15.47 15.24 15.03 14.85 14.68 14.54 14.41 14.30 14.20 14.11 14.04 13.97 13.90 13.85 13.79 13.75 13.71 13.67 13.63 13.59 13.54
13.82 13.88 14.17 14.30 14.63 14.67 14.77 15.10 14.30 15.09 14.95 15.74 15.74 14.71 13.80 13.53 13.42 13.87 12.30 10.99 9.79 10.55 13.00 14.90 14.14 15.08 15.53 15.79 16.06 16.52 15.74 16.51 17.04 17.13 17.15 17.16 17.15 17.15 17.14 17.14 17.13 17.12 17.12 17.12 17.12 17.11 17.11 17.10 17.10 17.09 17.09 17.04 16.80 16.45 16.11 15.81 15.54 15.29 15.07 14.88 14.70 14.56 14.43 14.31 14.21 14.12 14.04 13.96 13.91 13.84 13.79 13.74 13.70 13.65 13.62 13.58 13.54
13.62 13.75 14.36 14.39 14.43 14.82 14.85 15.16 15.01 15.55 15.00 15.09 15.84 15.47 14.83 12.32 13.96 12.44 11.50 8.27 6.82 7.96 13.71 14.54 9.38 13.86 15.13 16.12 14.87 13.22 13.74 15.26 15.57 17.21 17.21 17.21 17.22 17.21 17.21 17.20 17.20 17.20 17.20 17.20 17.19 17.20 17.19 17.19 17.18 17.18 17.18 17.14 16.92 16.55 16.20 15.89 15.60 15.34 15.11 14.91 14.73 14.58 14.44 14.32 14.21 14.12 14.03 13.97 13.90 13.83 13.78 13.74 13.69 13.64 13.60 13.57 13.53
14.00 13.96 13.81 13.46 14.62 14.69 14.92 15.04 15.17 15.38 15.36 15.73 15.61 15.57 15.18 14.48 14.33 12.93 11.67 11.66 7.29 6.83 7.43 13.24 14.59 14.83 15.89 16.37 16.22 16.16 16.06 15.78 14.33 16.04 17.28 17.27 17.27 17.27 17.27 17.27 17.27 17.27 17.27 17.27 17.27 17.26 17.27 17.27 17.27 17.26 17.26 17.23 17.04 16.67 16.30 15.97 15.66 15.40 15.16 14.94 14.76 14.60 14.46 14.33 14.21 14.12 14.04 13.96 13.89 13.84 13.78 13.73 13.68 13.63 13.59 13.55 13.52
13.36 9.34 11.63 11.06 12.27 14.83 15.05 15.07 15.30 15.35 15.62 15.43 15.72 15.77 15.66 15.42 14.21 13.26 12.60 13.94 12.04 11.62 12.67 13.85 15.73 16.22 16.38 15.12 12.08 12.09 13.71 13.83 16.60 17.35 17.32 17.31 17.31 17.31 17.31 17.32 17.32 17.32 17.32 17.33 17.33 17.33 17.33 17.33 17.33 17.33 17.33 17.31 17.17 16.80 16.41 16.05 15.73 15.45 15.20 14.97 14.79 14.61 14.47 14.34 14.23 14.13 14.04 13.96 13.89 13.83 13.77 13.72 13.67 13.62 13.58 13.53 13.50
12.90 11.00 12.46 11.85 13.41 14.84 15.01 15.26 15.34 15.65 15.71 15.68 15.55 15.77 15.95 15.49 15.27 15.69 14.97 14.52 13.13 12.73 13.30 15.66 16.48 15.07 14.57 12.33 12.50 13.83 14.26 14.50 16.50 17.38 17.36 17.35 17.35 17.35 17.36 17.36 17.36 17.36 17.37 17.38 17.37 17.38 17.38 17.38 17.38 17.38 17.39 17.38 17.30 16.92 16.50 16.14 15.81 15.51 15.25 15.02 14.81 14.64 14.48 14.35 14.23 14.13 14.04 13.96 13.88 13.82 13.76 13.71 13.66 13.61 13.56 13.52 13.48
9.20 7.27 8.84 8.45 10.16 14.55 15.24 15.43 15.56 15.66 15.77 15.85 14.95 15.81 15.91 15.98 15.94 15.88 13.81 14.10 15.53 15.70 16.08 15.91 14.89 10.61 12.96 13.47 15.90 14.82 13.53 16.03 17.18 17.40 17.38 17.37 17.37 17.38 17.38 17.39 17.40 17.40 17.40 17.41 17.41 17.41 17.42 17.42 17.43 17.42 17.43 17.42 17.36 17.02 16.61 16.22 15.87 15.56 15.29 15.05 14.83 14.66 14.49 14.35 14.23 14.13 14.04 13.95 13.88 13.81 13.75 13.69 13.65 13.60 13.55 13.51 13.47
7.74 9.56 9.23 8.68 9.36 13.32 14.84 15.55 15.68 15.77 15.83 15.99 15.89 15.98 15.25 15.96 16.03 16.03 15.88 15.75 16.23 16.36 16.44 15.77 15.15 16.13 16.35 16.44 13.10 15.03 15.99 15.78 16.84 17.40 17.38 17.38 17.38 17.39 17.39 17.40 17.41 17.42 17.42 17.43 17.43 17.43 17.44 17.44 17.45 17.45 17.45 17.45 17.40 17.12 16.70 16.29 15.93 15.61 15.33 15.08 14.85 14.67 14.50 14.36 14.24 14.13 14.03 13.95 13.87 13.80 13.74 13.68 13.64 13.58 13.54 13.50 13.46
7.59 9.65 9.56 9.47 8.94 7.95 8.60 13.04 15.39 14.89 15.27 15.93 16.12 16.23 16.21 16.17 16.21 16.01 14.77 14.78 13.73 14.70 16.04 15.73 16.05 15.33 14.98 15.36 15.50 16.36 16.53 16.46 17.14 17.37 17.37 17.38 17.39 17.39 17.40 17.42 17.42 17.42 17.43 17.43 17.44 17.44 17.44 17.45 17.45 17.45 17.46 17.46 17.43 17.20 16.78 16.35 15.98 15.65 15.36 15.10 14.87 14.68 14.51 14.36 14.23 14.12 14.02 13.93 13.86 13.79 13.73 13.68 13.62 13.57 13.53 13.48 13.44
9.72 9.67 9.55 8.80 8.52 9.47 9.58 10.66 10.94 15.65 14.28 15.39 16.09 15.30 16.37 16.32 15.92 16.16 15.93 15.02 13.88 12.86 13.61 11.90 11.01 13.49 15.58 16.68 15.99 16.93 15.44 14.98 17.28 16.97 17.37 17.38 17.39 17.39 17.41 17.41 17.41 17.42 17.42 17.42 17.43 17.43 17.44 17.44 17.45 17.45 17.45 17.45 17.43 17.25 16.83 16.40 16.02 15.67 15.37 15.12 14.88 14.68 14.51 14.36 14.23 14.11 14.01 13.93 13.85 13.77 13.72 13.66 13.61 13.55 13.51 13.47 13.43
9.77 9.51 9.45 9.06 8.03 10.00 10.08 10.05 12.94 13.78 12.72 13.36 15.88 14.63 15.61 14.42 16.17 16.37 16.24 14.42 13.74 13.46 13.80 12.55 12.28 14.11 15.70 16.32 16.85 17.03 17.18 17.46 17.37 17.19 17.40 17.38 17.39 17.39 17.40 17.40 17.40 17.40 17.41 17.41 17.41 17.41 17.41 17.42 17.42 17.42 17.43 17.43 17.43 17.30 16.87 16.44 16.04 15.69 15.39 15.12 14.88 14.68 14.50 14.35 14.21 14.10 14.00 13.91 13.84 13.77 13.70 13.65 13.59 13.54 13.50 13.45 13.41
9.18 9.06 9.21 9.36 9.78 10.09 10.13 9.74 13.72 11.71 11.28 9.49 15.50 16.07 15.71 14.93 16.53 16.38 16.32 14.55 13.72 13.98 13.43 13.32 12.58 15.53 16.04 17.39 17.53 17.09 17.50 17.34 17.41 17.44 17.40 17.39 17.38 17.38 17.38 17.38 17.37 17.37 17.38 17.38 17.38 17.37 17.38 17.38 17.38 17.39 17.39 17.39 17.39 17.30 16.89 16.44 16.04 15.69 15.38 15.11 14.88 14.67 14.49 14.34 14.21 14.09 13.99 13.90 13.82 13.75 13.69 13.63 13.58 13.52 13.48 13.44 13.40
8.97 10.46 10.00 10.42 10.59 9.73 9.57 9.82 11.75 11.50 10.82 10.66 13.01 16.02 16.17 16.21 15.84 16.63 16.28 15.53 14.96 14.80 12.82 14.10 12.99 15.50 16.95 17.37 17.65 17.12 17.56 17.44 16.89 17.45 17.42 17.39 17.37 17.36 17.34 17.34 17.34 17.33 17.33 17.33 17.33 17.33 17.33 17.33 17.33 17.33 17.34 17.34 17.34 17.27 16.87 16.43 16.04 15.67 15.36 15.09 14.86 14.65 14.48 14.32 14.19 14.07 13.97 13.88 13.80 13.73 13.67 13.61 13.56 13.50 13.46 13.42 13.38
9.47 10.27 11.02 10.31 11.07 11.36 11.55 12.19 9.90 11.45 11.59 11.63 12.03 15.34 16.35 16.39 16.54 16.65 16.47 15.93 14.63 14.94 13.28 13.79 13.46 14.75 16.76 17.02 17.54 17.67 17.62 17.55 17.23 16.87 17.41 17.37 17.35 17.33 17.31 17.30 17.29 17.29 17.28 17.28 17.27 17.27 17.26 17.26 17.27 17.27 17.27 17.28 17.28 17.22 16.84 16.40 16.00 15.65 15.34 15.06 14.84 14.63 14.45 14.29 14.16 14.05 13.95 13.86 13.78 13.71 13.65 13.59 13.54 13.49 13.44 13.40 13.36
10.55 10.52 13.05 11.03 11.77 11.88 11.56 11.01 10.53 11.62 11.57 11.64 12.07 15.21 16.15 16.49 16.63 16.43 16.52 15.39 14.50 15.87 15.20 15.34 14.76 14.39 15.82 16.64 17.21 17.65 17.59 17.53 17.47 16.00 17.38 17.35 17.32 17.29 17.27 17.25 17.24 17.23 17.22 17.21 17.20 17.20 17.20 17.20 17.19 17.20 17.19 17.20 17.20 17.13 16.78 16.34 15.95 15.60 15.30 15.03 14.79 14.60 14.42 14.27 14.14 14.02 13.92 13.83 13.75 13.69 13.63 13.57 13.51 13.47 13.43 13.37 13.33
10.54 10.88 12.31 13.73 12.70 13.00 12.97 11.12 11.97 12.26 11.60 11.59 12.11 14.02 14.72 16.18 15.48 15.88 16.20 15.40 16.14 16.29 15.40 13.67 13.91 15.05 15.66 16.55 17.67 17.62 17.56 17.50 17.45 17.20 16.25 17.30 17.27 17.24 17.22 17.20 17.18 17.17 17.15 17.14 17.13 17.13 17.12 17.12 17.11 17.11 17.10 17.10 17.10 17.05 16.70 16.27 15.89 15.54 15.25 14.98 14.75 14.56 14.38 14.24 14.11 14.00 13.90 13.81 13.73 13.67 13.60 13.54 13.49 13.45 13.40 13.36 13.31
11.26 11.56 13.55 14.57 13.89 13.49 13.90 12.68 12.67 12.55 11.72 11.95 13.09 14.36 14.36 14.92 15.71 15.32 15.58 15.15 14.03 15.13 14.35 14.44 13.96 14.67 16.13 17.54 17.63 17.58 17.51 17.46 17.41 16.09 17.30 17.26 17.22 17.18 17.16 17.13 17.11 17.09 17.08 17.06 17.05 17.04 17.03 17.02 17.02 17.01 17.01 17.01 17.01 16.95 16.59 16.18 15.80 15.47 15.18 14.92 14.70 14.51 14.34 14.20 14.07 13.96 13.87 13.78 13.70 13.63 13.58 13.52 13.47 13.42 13.38 13.33 13.29
