datasets/raw/temp/2019100920191009.grid
ncols 886
nrows 691
xllcenter 112.0000
yllcenter -44.5000
cellsize 0.0500
nodata_value 99999.90
[rows 170 to 203 of 691, columns 539 to 615 of 886]
40.14 40.15 40.19 40.23 40.29 40.37 40.45 40.54 40.61 40.53 40.45 40.34 40.23 40.14 40.02 39.92 39.82 39.69 39.57 39.44 39.31 39.22 39.12 39.02 38.92 38.86 38.80 38.64 38.58 38.57 38.56 38.56 38.60 38.64 38.80 38.92 39.02 39.12 39.15 39.24 39.27 39.33 39.41 39.45 39.53 39.56 39.61 39.69 39.74 39.77 39.80 39.84 39.85 39.87 39.90 39.92 39.94 39.95 39.96 39.96 39.99 39.98 39.99 39.98 40.00 40.01 40.01 39.92 39.89 39.91 39.87 39.47 39.68 39.40 38.87 39.02 38.87
39.98 40.01 40.05 40.09 40.17 40.25 40.35 40.42 40.39 40.28 40.16 40.04 39.94 39.83 39.72 39.64 39.51 39.44 39.41 39.20 39.10 39.01 38.92 38.84 38.76 38.72 38.67 38.64 38.60 38.57 38.58 38.58 38.55 38.59 38.75 38.83 38.98 39.02 39.05 39.14 39.22 39.24 39.30 39.36 39.42 39.47 39.54 39.59 39.64 39.68 39.73 39.75 39.76 39.79 39.83 39.85 39.86 39.88 39.90 39.91 39.90 39.92 39.94 39.93 39.94 39.95 39.97 39.95 39.93 39.89 39.80 39.77 39.76 39.23 38.94 39.07 38.94
39.72 39.87 39.96 40.02 40.05 40.13 40.22 40.28 40.23 40.08 39.94 39.76 39.70 39.61 39.50 39.38 39.27 39.26 39.17 38.97 38.90 38.82 38.74 38.68 38.63 38.60 38.56 38.49 38.49 38.39 38.39 38.44 38.48 38.65 38.73 38.83 38.88 38.91 38.98 39.07 39.11 39.16 39.22 39.28 39.33 39.37 39.45 39.51 39.54 39.59 39.64 39.68 39.68 39.72 39.75 39.76 39.77 39.80 39.82 39.84 39.85 39.85 39.89 39.88 39.88 39.90 39.91 39.90 39.90 39.75 39.72 39.84 39.74 39.51 39.44 38.81 39.01
39.64 39.72 39.86 39.87 39.96 40.03 40.13 40.13 40.03 39.87 39.70 39.55 39.49 39.36 39.25 39.19 39.08 39.08 38.92 38.79 38.69 38.62 38.54 38.54 38.52 38.47 38.46 38.40 38.31 38.34 38.30 38.32 38.43 38.62 38.69 38.74 38.79 38.84 38.90 38.98 39.06 39.12 39.15 39.20 39.27 39.29 39.37 39.42 39.48 39.51 39.56 39.59 39.62 39.65 39.68 39.70 39.72 39.74 39.76 39.77 39.78 39.79 39.82 39.82 39.85 39.85 39.83 39.83 39.87 39.81 39.81 39.72 39.46 39.54 39.26 39.29 39.01
39.47 39.69 39.69 39.83 39.91 39.99 39.98 39.99 39.85 39.66 39.51 39.36 39.26 39.17 39.08 38.99 38.93 38.82 38.70 38.63 38.51 38.41 38.41 38.34 38.40 38.36 38.37 38.36 38.28 38.28 38.25 38.29 38.48 38.59 38.62 38.68 38.72 38.77 38.83 38.91 38.97 39.03 39.07 39.11 39.19 39.23 39.30 39.35 39.41 39.44 39.47 39.50 39.55 39.58 39.60 39.62 39.66 39.69 39.69 39.71 39.73 39.73 39.74 39.75 39.76 39.76 39.76 39.77 39.80 39.77 39.74 39.60 39.39 39.56 39.37 39.27 39.11
39.57 39.62 39.59 39.69 39.83 39.89 39.89 39.82 39.68 39.50 39.34 39.21 39.10 38.99 38.92 38.82 38.78 38.70 38.56 38.49 38.39 38.32 38.30 38.27 38.30 38.28 38.27 38.29 38.27 38.24 38.29 38.38 38.41 38.53 38.57 38.62 38.66 38.70 38.75 38.84 38.88 38.96 39.00 39.03 39.10 39.15 39.23 39.27 39.33 39.35 39.39 39.43 39.48 39.49 39.53 39.55 39.58 39.61 39.63 39.65 39.67 39.67 39.66 39.68 39.72 39.68 39.68 39.69 39.70 39.71 39.68 39.65 39.53 39.58 39.52 38.88 39.23
39.44 39.54 39.51 39.59 39.79 39.78 39.78 39.70 39.45 39.34 39.18 39.06 38.94 38.85 38.79 38.70 38.65 38.58 38.44 38.38 38.30 38.13 38.17 38.20 38.21 38.19 38.17 38.21 38.23 38.23 38.21 38.31 38.42 38.44 38.50 38.55 38.58 38.64 38.69 38.77 38.81 38.88 38.92 38.98 39.01 39.07 39.13 39.20 39.25 39.28 39.32 39.37 39.40 39.43 39.46 39.48 39.51 39.53 39.54 39.57 39.59 39.61 39.62 39.63 39.65 39.63 39.65 39.63 39.64 39.63 39.63 39.59 39.54 39.58 39.56 39.42 39.19
39.55 39.33 39.64 39.72 39.67 39.68 39.61 39.42 39.31 39.03 39.01 38.94 38.83 38.73 38.63 38.43 38.52 38.48 38.38 38.29 38.24 38.13 38.12 38.15 38.14 38.14 38.09 38.12 38.15 38.16 38.20 38.30 38.37 38.40 38.44 38.48 38.52 38.57 38.64 38.69 38.74 38.79 38.82 38.90 38.95 39.01 39.03 39.11 39.16 39.20 39.23 39.29 39.33 39.35 39.39 39.42 39.43 39.45 39.47 39.49 39.51 39.50 39.53 39.55 39.57 39.58 39.59 39.58 39.60 39.57 39.57 39.56 39.46 39.53 39.51 39.36 39.16
39.49 39.63 39.53 39.28 39.55 39.53 39.43 39.31 39.12 38.97 38.74 38.45 38.67 38.60 38.49 38.42 38.40 38.35 38.27 38.19 38.15 38.12 38.09 38.07 38.11 38.07 38.03 38.06 38.06 38.09 38.18 38.26 38.32 38.33 38.38 38.42 38.47 38.50 38.56 38.61 38.67 38.72 38.77 38.83 38.89 38.95 38.98 39.03 39.08 39.11 39.16 39.21 39.24 39.28 39.31 39.33 39.37 39.38 39.41 39.42 39.44 39.46 39.46 39.50 39.51 39.52 39.53 39.54 39.54 39.53 39.53 39.50 39.52 39.49 39.35 39.36 39.22
39.46 39.30 39.44 39.34 39.21 39.32 39.24 39.17 38.78 38.72 38.76 38.44 38.50 38.46 38.39 38.30 38.27 38.25 38.24 38.15 38.07 38.03 38.02 38.02 38.04 38.01 38.00 37.99 37.99 38.03 38.12 38.16 38.27 38.28 38.33 38.35 38.40 38.45 38.47 38.54 38.60 38.68 38.71 38.77 38.82 38.87 38.92 38.95 39.02 39.05 39.08 39.12 39.16 39.19 39.23 39.27 39.29 39.31 39.34 39.34 39.36 39.38 39.40 39.41 39.44 39.43 39.45 39.46 39.47 39.45 39.45 39.45 39.44 39.42 39.33 39.35 39.18
39.00 39.13 38.89 38.83 39.13 39.17 39.12 38.86 38.30 38.55 38.38 38.12 38.38 38.32 38.15 38.21 38.19 38.12 38.09 38.04 38.00 37.98 37.97 37.97 37.97 37.96 37.96 37.90 37.95 37.97 38.04 38.09 38.21 38.24 38.28 38.33 38.33 38.37 38.44 38.47 38.54 38.60 38.63 38.70 38.74 38.80 38.85 38.88 38.94 38.97 39.00 39.05 39.07 39.12 39.17 39.18 39.21 39.24 39.26 39.26 39.28 39.28 39.32 39.34 39.35 39.35 39.37 39.36 39.37 39.39 39.36 39.39 39.38 39.35 39.32 39.27 39.20
39.17 39.10 39.04 38.85 38.99 38.97 38.93 38.32 38.03 37.99 38.24 37.87 38.15 38.01 38.08 38.07 38.06 38.01 37.97 37.95 37.92 37.89 37.91 37.90 37.91 37.90 37.86 37.84 37.84 37.92 37.98 38.04 38.07 38.20 38.24 38.26 38.29 38.33 38.40 38.42 38.48 38.53 38.56 38.64 38.70 38.73 38.78 38.81 38.87 38.91 38.90 38.97 39.02 39.05 39.08 39.11 39.14 39.16 39.15 39.18 39.21 39.22 39.26 39.27 39.28 39.30 39.30 39.29 39.28 39.30 39.32 39.31 39.28 39.23 39.20 39.20 39.10
38.80 39.02 38.59 38.64 38.35 38.68 37.98 38.05 37.97 38.21 38.16 37.34 38.00 37.99 37.93 38.01 37.95 37.93 37.90 37.89 37.88 37.85 37.83 37.83 37.84 37.83 37.78 37.78 37.79 37.84 37.94 38.01 38.06 38.16 38.15 38.21 38.27 38.28 38.32 38.38 38.42 38.45 38.51 38.55 38.62 38.66 38.72 38.74 38.78 38.83 38.84 38.89 38.92 38.98 38.99 39.03 39.05 39.08 39.09 39.11 39.15 39.16 39.19 39.21 39.21 39.19 39.23 39.22 39.21 39.22 39.22 39.24 39.23 39.19 39.19 39.16 39.12
38.61 38.79 38.47 37.81 38.16 38.27 37.74 37.93 37.95 37.96 37.38 37.30 37.77 37.73 37.63 37.87 37.87 37.87 37.80 37.82 37.85 37.80 37.77 37.75 37.79 37.77 37.71 37.73 37.76 37.86 37.93 37.89 37.99 38.08 38.11 38.14 38.17 38.24 38.25 38.28 38.34 38.38 38.43 38.46 38.56 38.58 38.62 38.67 38.71 38.74 38.79 38.80 38.84 38.88 38.93 38.95 38.98 39.01 39.00 39.05 39.07 39.06 39.10 39.12 39.12 39.11 39.11 39.12 39.12 39.12 39.13 39.13 39.14 39.12 39.08 39.05 38.98
38.37 38.31 38.07 37.70 37.73 38.04 37.66 37.78 37.48 37.45 37.38 37.37 37.44 37.36 37.75 37.78 37.81 37.73 37.70 37.73 37.74 37.74 37.74 37.69 37.72 37.72 37.71 37.69 37.69 37.85 37.83 37.86 37.93 37.99 38.08 38.09 38.11 38.16 38.17 38.21 38.28 38.31 38.36 38.40 38.45 38.49 38.57 38.59 38.63 38.65 38.70 38.77 38.78 38.82 38.85 38.88 38.91 38.90 38.94 38.97 38.98 39.00 38.98 39.01 39.04 39.05 39.06 39.07 39.08 39.06 39.04 39.04 39.03 39.04 38.99 38.98 38.86
38.08 38.17 38.03 37.59 37.59 37.31 37.33 37.42 37.45 37.45 37.08 37.45 37.11 37.10 37.34 37.62 37.72 37.64 37.70 37.66 37.76 37.76 37.68 37.68 37.66 37.66 37.63 37.68 37.78 37.77 37.82 37.77 37.80 37.85 37.96 38.07 38.07 38.08 38.13 38.16 38.20 38.24 38.28 38.33 38.38 38.43 38.46 38.51 38.56 38.62 38.64 38.66 38.70 38.74 38.77 38.81 38.81 38.84 38.87 38.91 38.90 38.90 38.92 38.93 38.95 38.97 38.99 39.00 38.99 39.00 38.97 38.98 38.96 38.95 38.93 38.93 38.90
38.00 37.62 37.38 36.78 36.72 36.64 36.96 37.05 37.20 37.05 37.11 36.85 37.11 37.05 37.28 37.52 37.57 37.58 37.69 37.70 37.73 37.63 37.63 37.62 37.61 37.60 37.58 37.65 37.72 37.64 37.70 37.64 37.63 37.71 37.88 37.94 38.01 38.03 38.06 38.10 38.12 38.17 38.18 38.25 38.32 38.36 38.38 38.40 38.46 38.52 38.60 38.64 38.65 38.68 38.71 38.75 38.77 38.78 38.82 38.84 38.84 38.84 38.83 38.88 38.89 38.92 38.93 38.93 38.94 38.92 38.94 38.91 38.91 38.91 38.89 38.86 38.85
37.74 37.66 37.17 37.23 36.76 36.85 37.04 37.02 36.94 36.82 36.81 36.67 36.92 37.18 37.36 37.49 37.58 37.63 37.64 37.62 37.63 37.59 37.58 37.58 37.56 37.53 37.52 37.55 37.65 37.63 37.63 37.61 37.54 37.67 37.81 37.85 37.91 37.98 38.01 38.04 38.05 38.10 38.11 38.18 38.22 38.30 38.31 38.38 38.37 38.44 38.48 38.55 38.59 38.62 38.66 38.70 38.72 38.74 38.76 38.78 38.82 38.79 38.77 38.80 38.83 38.84 38.85 38.86 38.85 38.86 38.87 38.88 38.88 38.86 38.84 38.83 38.81
37.60 37.38 37.05 37.05 36.94 36.61 36.80 36.92 36.41 36.81 37.01 36.71 36.53 37.00 37.56 37.57 37.54 37.57 37.58 37.63 37.57 37.51 37.57 37.52 37.52 37.47 37.41 37.47 37.54 37.61 37.53 37.56 37.54 37.47 37.67 37.67 37.84 37.91 37.95 37.96 38.00 38.04 38.05 38.08 38.14 38.21 38.24 38.32 38.30 38.36 38.41 38.45 38.51 38.56 38.58 38.62 38.65 38.65 38.67 38.69 38.70 38.73 38.73 38.75 38.75 38.75 38.77 38.80 38.79 38.79 38.78 38.79 38.79 38.75 38.75 38.74 38.70
37.29 37.05 36.99 36.75 36.54 36.47 36.64 36.33 36.45 36.60 37.02 37.02 36.93 36.68 37.20 37.50 37.48 37.46 37.50 37.54 37.50 37.53 37.56 37.48 37.49 37.42 37.27 37.35 37.46 37.53 37.40 37.44 37.44 37.44 37.47 37.63 37.75 37.83 37.87 37.89 37.94 37.95 37.99 38.04 38.08 38.14 38.18 38.24 38.21 38.28 38.34 38.37 38.42 38.45 38.47 38.53 38.56 38.61 38.61 38.63 38.67 38.68 38.69 38.69 38.68 38.69 38.74 38.73 38.74 38.72 38.71 38.70 38.72 38.67 38.64 38.63 38.59
37.08 36.71 36.78 36.78 36.29 36.26 36.27 36.39 36.75 37.09 36.68 37.02 36.87 36.89 37.08 37.32 37.50 37.40 37.33 37.51 37.43 37.52 37.56 37.46 37.45 37.39 37.27 37.36 37.37 37.48 37.43 37.30 37.44 37.48 37.48 37.57 37.63 37.69 37.71 37.77 37.88 37.93 37.94 37.98 38.02 38.04 38.12 38.17 38.20 38.25 38.29 38.32 38.36 38.40 38.41 38.49 38.52 38.53 38.54 38.61 38.63 38.65 38.67 38.67 38.68 38.68 38.69 38.68 38.67 38.68 38.67 38.63 38.67 38.62 38.61 38.56 38.53
36.78 36.50 36.28 36.39 36.41 36.01 36.02 36.48 36.57 36.70 37.17 36.25 36.90 36.87 37.18 37.19 37.35 37.26 37.39 37.25 37.41 37.40 37.50 37.47 37.43 37.36 37.23 37.26 37.33 37.41 37.38 37.35 37.40 37.39 37.51 37.56 37.57 37.58 37.68 37.73 37.77 37.83 37.89 37.92 37.96 37.99 38.02 38.10 38.12 38.16 38.22 38.25 38.28 38.33 38.33 38.37 38.44 38.48 38.52 38.53 38.57 38.59 38.60 38.62 38.61 38.62 38.63 38.64 38.61 38.60 38.57 38.56 38.57 38.57 38.56 38.53 38.47
36.53 36.39 36.34 36.16 36.10 36.00 36.22 36.39 36.65 36.61 36.71 36.46 36.67 36.70 36.79 37.06 37.23 37.19 37.25 37.04 37.35 37.34 37.47 37.44 37.40 37.26 37.12 37.21 37.24 37.33 37.33 37.25 37.18 37.33 37.44 37.47 37.51 37.57 37.61 37.64 37.70 37.74 37.81 37.87 37.87 37.92 37.97 38.03 38.07 38.11 38.15 38.19 38.21 38.23 38.29 38.33 38.36 38.39 38.44 38.46 38.51 38.52 38.54 38.57 38.56 38.56 38.57 38.56 38.55 38.54 38.56 38.51 38.47 38.47 38.47 38.44 38.38
36.37 36.06 36.06 36.04 35.86 36.02 36.01 35.78 36.28 36.34 36.04 36.16 36.64 36.71 36.47 36.73 37.00 36.93 36.94 37.03 37.19 37.30 37.42 37.37 37.34 37.23 37.09 37.21 37.16 37.30 37.23 37.17 37.22 37.31 37.38 37.40 37.46 37.50 37.52 37.59 37.61 37.67 37.75 37.81 37.85 37.87 37.90 37.95 38.01 38.05 38.09 38.11 38.14 38.18 38.24 38.26 38.31 38.34 38.35 38.40 38.44 38.49 38.50 38.48 38.49 38.49 38.50 38.49 38.47 38.45 38.46 38.46 38.43 38.41 38.43 38.38 38.33
35.98 35.91 35.90 35.82 36.11 35.96 36.20 36.08 36.43 36.56 36.16 35.85 36.26 36.37 36.19 36.71 36.58 36.88 36.49 36.62 37.05 37.19 37.23 37.25 37.29 37.22 37.09 37.11 37.13 37.23 37.14 37.12 37.18 37.26 37.32 37.38 37.39 37.42 37.45 37.51 37.53 37.59 37.68 37.76 37.80 37.85 37.85 37.87 37.97 38.00 38.04 38.07 38.09 38.13 38.18 38.19 38.25 38.27 38.32 38.35 38.41 38.42 38.46 38.44 38.44 38.44 38.45 38.44 38.42 38.42 38.41 38.38 38.36 38.36 38.33 38.30 38.29
35.83 35.59 35.49 35.76 35.99 35.80 36.23 36.26 36.08 36.08 35.96 35.91 35.93 36.16 36.11 36.53 36.22 36.61 36.04 36.20 37.00 36.90 37.14 37.20 37.22 37.14 37.05 37.12 37.16 37.15 37.02 37.07 37.10 37.23 37.26 37.31 37.32 37.35 37.39 37.44 37.48 37.51 37.59 37.70 37.75 37.77 37.85 37.89 37.93 37.98 38.01 38.03 38.07 38.11 38.14 38.17 38.20 38.23 38.27 38.30 38.35 38.38 38.40 38.40 38.39 38.41 38.41 38.41 38.39 38.38 38.36 38.34 38.31 38.29 38.25 38.24 38.16
35.48 35.33 35.64 35.75 35.35 35.85 36.05 35.90 35.75 35.75 35.57 35.46 35.59 36.01 35.97 36.19 36.54 35.99 36.04 36.32 36.79 36.95 36.87 36.94 37.11 36.93 36.99 37.06 37.07 37.05 36.99 37.01 37.13 37.16 37.18 37.24 37.23 37.27 37.33 37.38 37.40 37.44 37.53 37.60 37.69 37.73 37.77 37.83 37.90 37.96 38.01 38.01 38.05 38.08 38.11 38.14 38.17 38.20 38.24 38.27 38.30 38.31 38.33 38.38 38.36 38.36 38.37 38.38 38.35 38.33 38.31 38.29 38.26 38.22 38.22 38.24 38.18
35.45 35.21 35.30 35.48 35.26 35.78 35.96 35.67 35.66 35.72 35.65 35.58 35.64 35.74 35.78 36.17 36.35 35.97 35.92 36.46 36.34 36.71 36.25 36.92 37.04 36.87 36.85 36.91 36.98 36.94 36.97 37.02 37.08 37.09 37.13 37.14 37.16 37.20 37.25 37.30 37.31 37.40 37.45 37.54 37.60 37.69 37.73 37.77 37.83 37.92 37.97 38.02 38.03 38.08 38.10 38.13 38.16 38.19 38.21 38.25 38.26 38.29 38.29 38.34 38.35 38.33 38.33 38.32 38.30 38.29 38.26 38.24 38.22 38.20 38.20 38.21 38.16
35.24 35.17 35.09 35.17 35.51 35.63 35.89 35.73 35.81 35.65 35.50 35.51 35.75 35.31 35.58 35.59 36.16 35.90 36.17 36.48 36.49 36.62 36.43 36.82 36.90 36.70 36.73 36.82 36.85 36.84 36.98 36.98 36.99 37.04 37.06 37.07 37.07 37.11 37.15 37.21 37.26 37.32 37.40 37.44 37.55 37.67 37.69 37.74 37.80 37.85 37.96 38.00 38.03 38.08 38.11 38.15 38.16 38.19 38.20 38.25 38.24 38.27 38.27 38.28 38.32 38.33 38.29 38.28 38.27 38.25 38.25 38.22 38.20 38.18 38.19 38.17 38.11
35.14 35.09 35.08 35.11 35.07 35.40 35.70 35.32 35.62 35.48 35.13 35.04 35.45 35.69 35.49 35.97 36.17 35.75 36.11 36.08 36.29 36.28 36.56 36.75 36.80 36.51 36.59 36.67 36.71 36.81 36.87 36.89 36.93 36.97 36.98 36.98 36.99 37.03 37.11 37.13 37.17 37.27 37.33 37.40 37.48 37.62 37.65 37.72 37.76 37.83 37.92 38.01 38.06 38.07 38.11 38.16 38.17 38.19 38.22 38.22 38.24 38.24 38.24 38.25 38.28 38.29 38.26 38.28 38.26 38.24 38.23 38.21 38.18 38.16 38.13 38.11 38.05
35.07 35.00 34.97 35.04 35.09 35.41 35.30 35.00 35.42 35.32 35.20 35.32 35.60 35.59 35.58 35.59 36.12 35.97 36.31 35.48 36.21 36.50 36.55 36.61 36.67 36.50 36.49 36.59 36.65 36.75 36.76 36.80 36.85 36.89 36.88 36.94 36.92 36.92 37.03 37.04 37.12 37.19 37.25 37.37 37.48 37.59 37.64 37.68 37.77 37.83 37.90 38.00 38.05 38.11 38.13 38.16 38.20 38.25 38.28 38.31 38.26 38.29 38.27 38.27 38.28 38.30 38.25 38.26 38.23 38.20 38.17 38.18 38.15 38.11 38.09 38.11 38.08
34.94 34.85 34.85 34.93 35.03 35.21 35.30 35.12 35.23 34.72 35.10 34.83 35.46 35.53 35.24 35.71 35.80 36.16 36.28 36.27 36.31 36.45 36.42 36.52 36.53 36.41 36.38 36.45 36.59 36.62 36.66 36.70 36.76 36.80 36.77 36.80 36.83 36.89 36.95 37.02 37.07 37.12 37.24 37.32 37.48 37.56 37.64 37.71 37.77 37.84 37.92 38.00 38.05 38.10 38.20 38.20 38.24 38.27 38.31 38.32 38.33 38.31 38.33 38.32 38.29 38.28 38.29 38.25 38.24 38.21 38.14 38.14 38.09 38.14 38.13 38.08 38.03
34.86 34.71 34.86 34.79 34.77 34.69 35.03 34.82 34.89 34.51 34.96 35.06 35.25 34.88 35.24 35.59 35.88 35.99 35.76 36.08 35.33 36.29 36.18 36.43 36.39 36.30 36.23 36.38 36.48 36.49 36.54 36.60 36.63 36.65 36.67 36.71 36.73 36.80 36.87 36.94 37.00 37.08 37.20 37.24 37.45 37.54 37.63 37.72 37.80 37.86 37.94 38.01 38.07 38.13 38.18 38.29 38.29 38.33 38.35 38.33 38.33 38.32 38.30 38.30 38.26 38.21 38.21 38.24 38.22 38.19 38.18 38.13 38.12 38.03 37.95 37.98 37.95
34.66 34.75 34.74 34.72 34.64 34.38 34.83 34.56 34.73 34.76 34.76 34.49 35.17 35.30 35.56 35.72 35.72 35.68 35.65 35.63 36.07 36.09 36.11 36.22 36.23 36.03 36.14 36.30 36.32 36.38 36.39 36.45 36.45 36.54 36.56 36.56 36.64 36.72 36.77 36.83 36.88 37.07 37.14 37.21 37.43 37.52 37.61 37.69 37.81 37.90 37.97 38.03 38.10 38.17 38.21 38.19 38.35 38.39 38.38 38.36 38.36 38.36 38.35 38.36 38.29 38.23 38.21 38.15 38.11 38.13 38.14 38.10 38.05 38.00 37.99 37.95 37.88
