datasets/raw/temp/2019110520191105.grid
ncols 886
nrows 691
xllcenter 112.0000
yllcenter -44.5000
cellsize 0.0500
nodata_value 99999.90
[rows 102 to 135 of 691, columns 616 to 692 of 886]
36.93 36.89 36.94 36.91 36.86 36.76 36.77 36.65 36.58 36.59 36.49 36.61 36.62 36.63 36.67 36.57 36.57 36.45 36.24 36.27 36.23 36.12 36.04 35.92 35.81 35.65 35.61 35.42 35.24 35.05 34.90 34.69 34.45 34.16 33.92 33.60 33.32 33.06 32.86 32.49 31.82 31.96 31.76 31.34 31.70 31.76 31.62 31.60 31.45 31.16 31.29 31.16 31.05 30.93 30.82 30.72 30.61 30.52 30.43 30.34 30.24 30.16 30.07 30.00 29.96 29.93 29.89 29.85 29.82 29.77 29.73 29.68 29.62 29.57 29.51 29.45 29.38
37.05 37.07 36.99 36.99 36.89 36.90 36.82 36.71 36.64 36.57 36.40 36.70 36.76 36.67 36.70 36.66 36.62 36.25 36.25 36.36 36.31 36.16 36.10 35.98 35.82 35.73 35.62 35.43 35.30 35.14 34.97 34.76 34.52 34.22 33.85 33.61 33.48 33.16 32.88 32.67 32.28 32.18 31.80 31.15 31.74 31.18 31.69 31.59 31.24 31.43 31.30 31.17 31.05 30.94 30.83 30.72 30.62 30.53 30.44 30.35 30.26 30.17 30.09 30.02 29.97 29.93 29.89 29.85 29.80 29.76 29.72 29.66 29.60 29.55 29.49 29.43 29.36
37.11 37.16 37.07 37.02 36.94 36.92 36.85 36.80 36.72 36.62 36.49 36.72 36.71 36.78 36.76 36.69 36.60 36.40 36.39 36.38 36.34 36.24 36.17 35.98 35.95 35.80 35.67 35.49 35.34 35.13 35.03 34.82 34.58 34.37 34.09 33.84 33.54 33.28 32.98 32.71 32.31 32.01 31.38 31.39 31.16 30.70 30.73 31.23 31.01 31.43 31.30 31.18 31.06 30.95 30.84 30.73 30.64 30.54 30.45 30.36 30.27 30.19 30.11 30.03 29.98 29.93 29.89 29.85 29.80 29.75 29.70 29.64 29.58 29.52 29.47 29.40 29.34
37.29 37.22 37.13 37.18 37.14 37.01 37.02 36.92 36.92 36.80 36.69 36.58 36.64 36.78 36.78 36.70 36.19 36.18 36.38 36.42 36.34 36.31 36.08 36.01 36.01 35.92 35.72 35.55 35.41 35.18 35.07 34.88 34.58 34.41 34.18 33.93 33.61 33.32 33.08 32.83 32.56 31.68 31.26 30.89 30.50 30.38 31.26 31.47 31.21 30.79 31.30 31.18 31.06 30.95 30.84 30.74 30.65 30.56 30.46 30.38 30.29 30.21 30.13 30.05 30.00 29.95 29.89 29.84 29.79 29.74 29.68 29.62 29.57 29.51 29.45 29.38 29.32
37.38 37.34 37.31 37.28 37.13 37.12 37.10 37.07 37.03 36.94 36.87 36.81 36.75 36.68 36.77 36.78 36.64 36.07 36.38 36.48 36.33 36.37 36.20 35.95 36.11 35.94 35.79 35.62 35.50 35.30 35.11 34.92 34.64 34.45 34.16 33.77 33.61 33.22 32.82 31.90 32.47 32.11 31.62 30.69 30.88 31.33 31.50 31.50 31.37 31.13 31.29 31.18 31.06 30.95 30.84 30.75 30.66 30.56 30.48 30.39 30.31 30.22 30.14 30.07 30.01 29.95 29.90 29.84 29.79 29.73 29.67 29.61 29.55 29.49 29.43 29.36 29.30
37.47 37.40 37.34 37.29 37.20 37.21 37.18 37.20 37.15 37.08 36.94 36.97 36.89 36.78 36.61 36.73 36.69 35.99 36.43 36.49 36.46 36.40 36.26 36.23 36.16 35.93 35.73 35.72 35.54 35.32 35.17 34.93 34.68 34.47 34.19 33.76 33.15 33.23 32.81 31.96 32.30 32.17 31.43 30.97 31.39 31.28 30.83 30.13 31.20 31.03 31.29 31.16 31.05 30.95 30.85 30.75 30.66 30.57 30.48 30.40 30.32 30.24 30.17 30.09 30.02 29.96 29.90 29.84 29.78 29.72 29.65 29.60 29.54 29.48 29.41 29.34 29.28
37.54 37.48 37.42 37.42 37.38 37.36 37.27 37.23 37.08 37.08 36.94 36.89 36.86 36.78 36.64 36.64 36.56 35.98 36.54 36.54 36.50 36.47 36.24 36.20 36.21 35.89 35.84 35.79 35.59 35.35 35.16 34.95 34.73 34.53 34.24 33.81 33.32 32.59 32.88 32.30 32.16 31.93 31.33 30.54 29.83 31.68 31.54 31.43 31.50 30.09 31.27 31.16 31.04 30.94 30.84 30.75 30.66 30.58 30.49 30.42 30.33 30.26 30.18 30.10 30.04 29.96 29.89 29.83 29.77 29.71 29.65 29.59 29.52 29.46 29.39 29.33 29.26
37.59 37.55 37.49 37.46 37.39 37.31 37.24 37.18 37.12 37.15 37.05 36.94 36.84 36.81 36.73 36.60 36.47 36.35 36.57 36.49 36.52 36.45 36.33 36.22 36.18 35.51 35.92 35.80 35.65 35.38 35.08 35.02 34.81 34.44 34.14 33.79 33.28 32.26 32.37 32.17 30.61 31.78 30.61 31.74 31.57 29.72 31.57 31.58 31.53 31.37 31.25 31.14 31.02 30.93 30.84 30.75 30.66 30.59 30.50 30.43 30.35 30.27 30.19 30.12 30.05 29.97 29.90 29.83 29.76 29.70 29.64 29.57 29.50 29.44 29.38 29.31 29.24
37.56 37.51 37.51 37.51 37.37 37.31 37.29 37.27 37.27 37.03 37.05 37.07 36.91 36.77 36.75 36.46 35.93 36.17 36.45 36.47 36.40 36.43 36.25 36.27 36.19 35.75 35.91 35.94 35.65 35.39 35.17 35.07 34.76 34.51 34.02 33.82 32.82 33.05 32.48 32.02 30.75 31.61 30.79 31.43 31.56 31.46 31.06 31.06 31.32 31.01 31.21 31.11 31.01 30.92 30.83 30.74 30.67 30.58 30.51 30.43 30.35 30.28 30.21 30.13 30.05 29.97 29.90 29.83 29.75 29.69 29.62 29.55 29.49 29.43 29.36 29.29 29.22
37.66 37.59 37.61 37.57 37.45 37.44 37.40 37.29 37.15 37.16 37.12 37.02 36.92 36.92 36.74 36.35 35.94 36.07 36.37 36.09 36.38 36.37 36.28 36.18 36.04 36.12 36.03 35.84 35.60 35.33 35.30 35.03 34.72 34.46 33.99 33.56 32.58 32.49 31.13 31.64 30.62 30.42 31.40 30.92 30.84 31.39 31.36 31.36 31.30 31.25 31.18 31.08 30.99 30.91 30.82 30.74 30.66 30.59 30.51 30.44 30.36 30.29 30.21 30.14 30.05 29.98 29.89 29.82 29.75 29.68 29.61 29.54 29.48 29.41 29.34 29.27 29.20
37.73 37.69 37.65 37.59 37.54 37.52 37.45 37.34 37.31 37.23 37.16 37.03 36.85 36.77 36.51 36.15 36.17 36.27 36.26 35.98 36.30 36.35 36.29 36.31 36.23 35.99 35.17 35.57 35.62 35.45 35.16 34.95 34.70 34.31 33.81 32.93 32.53 31.97 30.83 30.74 30.36 30.20 31.01 30.68 30.27 30.42 30.66 30.24 31.12 30.94 31.04 31.05 30.96 30.89 30.80 30.73 30.65 30.58 30.50 30.44 30.36 30.29 30.21 30.14 30.06 29.97 29.89 29.82 29.75 29.68 29.61 29.54 29.47 29.39 29.32 29.26 29.18
37.79 37.73 37.70 37.67 37.65 37.57 37.52 37.49 37.35 37.33 37.18 37.15 36.76 36.46 36.56 36.61 36.63 36.62 36.55 36.37 36.25 36.37 36.39 36.27 36.10 35.49 35.16 34.88 35.51 35.38 35.11 34.84 34.47 34.14 33.41 33.48 33.24 31.61 31.28 30.19 30.62 29.53 30.26 31.00 30.56 29.93 30.29 30.26 30.30 30.77 30.54 31.02 30.94 30.86 30.79 30.71 30.65 30.57 30.51 30.43 30.36 30.29 30.21 30.14 30.06 29.97 29.89 29.82 29.74 29.67 29.59 29.53 29.45 29.38 29.31 29.24 29.17
37.86 37.83 37.79 37.74 37.67 37.59 37.60 37.54 37.45 37.37 37.34 37.05 36.92 36.82 36.66 36.90 36.94 36.90 36.80 36.65 36.34 36.15 36.28 36.06 35.90 35.46 35.42 35.10 35.37 35.09 34.89 34.65 34.29 33.03 33.29 32.93 33.07 32.11 32.08 31.46 29.80 29.11 30.32 30.95 30.59 30.35 30.22 30.63 30.11 29.95 28.06 30.99 30.91 30.84 30.77 30.70 30.63 30.57 30.50 30.42 30.36 30.29 30.21 30.14 30.06 29.98 29.89 29.81 29.74 29.66 29.58 29.51 29.44 29.36 29.30 29.22 29.15
37.90 37.87 37.83 37.76 37.72 37.69 37.65 37.60 37.54 37.46 37.25 37.14 37.14 36.97 37.01 36.95 37.07 36.87 36.74 36.60 36.46 36.08 36.52 36.37 35.75 36.13 35.62 34.57 35.08 34.96 34.58 33.78 33.74 33.71 33.19 32.20 32.46 32.23 32.10 31.29 30.67 29.52 30.47 30.60 30.44 29.95 29.88 30.05 29.85 29.00 29.58 28.38 30.89 30.82 30.75 30.69 30.62 30.56 30.49 30.42 30.36 30.28 30.21 30.14 30.06 29.98 29.90 29.81 29.73 29.66 29.59 29.51 29.43 29.36 29.29 29.21 29.14
37.95 37.93 37.88 37.84 37.80 37.72 37.67 37.59 37.51 37.46 37.35 37.24 37.21 37.05 37.15 37.14 37.08 36.78 36.40 36.64 36.43 36.46 36.53 36.09 35.92 36.09 35.35 34.89 34.91 34.35 34.43 33.89 32.41 32.89 33.11 31.93 31.62 31.87 31.90 31.34 30.24 29.61 30.05 29.99 29.79 30.16 29.82 29.25 28.72 29.31 27.68 30.86 30.87 30.80 30.74 30.68 30.62 30.55 30.48 30.42 30.35 30.28 30.21 30.14 30.06 29.99 29.90 29.82 29.74 29.66 29.58 29.51 29.43 29.36 29.28 29.20 29.13
37.98 37.94 37.87 37.85 37.77 37.72 37.71 37.63 37.55 37.55 37.44 37.35 37.36 37.31 37.35 37.24 37.08 36.82 36.62 36.65 36.52 36.65 36.41 35.92 35.71 35.41 35.27 33.86 34.00 34.05 33.41 33.12 32.29 31.71 31.82 30.77 30.85 30.39 31.64 31.25 30.10 29.71 29.88 30.14 29.85 29.53 30.01 29.61 28.24 29.16 27.58 30.57 30.86 30.79 30.74 30.67 30.61 30.54 30.48 30.41 30.35 30.28 30.21 30.15 30.07 30.00 29.91 29.83 29.74 29.67 29.58 29.50 29.43 29.35 29.27 29.20 29.11
38.01 37.96 37.92 37.87 37.85 37.80 37.72 37.70 37.66 37.54 37.53 37.50 37.51 37.39 37.30 37.31 37.13 36.62 36.70 36.79 36.75 36.78 36.63 36.47 36.33 35.76 35.62 34.76 34.18 33.52 33.98 33.42 32.55 31.59 31.22 31.42 30.79 30.36 29.97 29.94 30.53 29.64 29.95 29.32 30.16 29.41 28.96 28.58 28.62 28.07 29.47 30.90 30.85 30.79 30.73 30.67 30.61 30.55 30.49 30.42 30.36 30.29 30.22 30.16 30.09 30.01 29.93 29.85 29.76 29.68 29.59 29.51 29.43 29.35 29.27 29.19 29.11
38.00 37.99 37.95 37.90 37.89 37.82 37.77 37.73 37.65 37.61 37.63 37.53 37.41 37.40 37.27 37.22 37.26 37.14 36.94 36.97 36.91 36.84 36.62 36.61 36.52 36.35 35.59 35.63 34.99 34.60 33.58 33.21 33.15 32.27 31.31 31.08 30.71 30.51 30.53 30.10 30.19 29.71 30.32 29.64 30.05 29.86 29.28 28.65 29.08 28.79 30.30 29.99 30.22 30.80 30.74 30.68 30.63 30.57 30.51 30.44 30.38 30.31 30.23 30.16 30.10 30.03 29.96 29.87 29.78 29.69 29.61 29.52 29.44 29.35 29.27 29.18 29.10
38.05 38.00 37.99 37.95 37.90 37.85 37.78 37.74 37.73 37.72 37.74 37.60 37.48 37.40 37.31 37.18 37.12 37.02 37.09 37.03 36.83 36.77 36.59 36.31 36.32 36.38 36.16 35.64 35.21 34.00 34.08 33.65 32.72 32.39 31.00 30.80 31.12 31.12 30.75 30.21 29.78 29.70 29.66 29.22 27.91 29.80 29.28 29.57 29.71 29.57 29.89 27.79 28.23 30.83 30.77 30.71 30.66 30.60 30.53 30.47 30.40 30.33 30.26 30.20 30.13 30.05 29.98 29.90 29.82 29.73 29.64 29.54 29.45 29.36 29.27 29.18 29.09
38.11 38.12 38.06 38.07 37.97 38.01 37.95 37.91 37.79 37.72 37.66 37.56 37.42 37.38 37.28 37.23 36.95 37.01 37.02 36.89 36.87 36.69 36.52 36.42 35.77 36.24 35.29 35.20 35.28 34.83 34.26 33.60 32.85 33.13 32.58 32.07 31.49 30.96 30.68 30.19 30.05 29.50 29.33 29.34 29.91 29.98 29.62 30.19 29.58 29.60 29.80 28.63 28.29 30.79 30.81 30.75 30.69 30.63 30.57 30.51 30.44 30.36 30.30 30.22 30.15 30.09 30.01 29.94 29.86 29.77 29.67 29.57 29.47 29.37 29.28 29.18 29.09
38.17 38.10 38.06 38.03 37.97 37.96 37.86 37.85 37.80 37.68 37.69 37.57 37.48 37.37 37.28 37.12 37.02 36.88 36.96 36.88 36.70 36.59 36.39 36.18 36.13 35.90 35.48 34.81 35.20 34.66 34.40 33.85 33.08 32.68 32.38 31.99 31.18 30.66 30.84 30.61 30.19 29.63 29.81 29.14 29.22 29.36 29.56 30.07 30.08 30.56 29.40 28.36 28.27 30.51 30.86 30.80 30.75 30.68 30.62 30.55 30.48 30.41 30.33 30.26 30.18 30.12 30.04 29.97 29.89 29.81 29.71 29.61 29.50 29.40 29.29 29.20 29.09
38.21 38.17 38.11 38.07 38.02 37.96 37.92 37.88 37.84 37.78 37.67 37.58 37.49 37.43 37.33 37.24 37.02 36.89 36.78 36.72 36.48 36.62 35.87 36.33 36.07 35.80 35.05 34.37 34.22 34.45 34.00 33.42 32.65 32.58 31.85 31.86 31.24 30.90 30.81 30.63 30.42 29.92 29.72 27.86 27.37 28.76 29.80 30.36 29.27 30.13 30.60 28.12 28.95 30.98 30.92 30.87 30.81 30.75 30.68 30.61 30.53 30.46 30.38 30.30 30.23 30.15 30.07 30.00 29.93 29.85 29.76 29.65 29.54 29.43 29.32 29.21 29.11
38.22 38.18 38.22 38.14 38.08 38.03 38.00 37.92 37.86 37.79 37.67 37.56 37.54 37.38 37.31 37.19 37.09 36.90 36.77 36.73 36.62 36.67 36.53 36.39 35.88 35.97 35.10 33.79 34.67 34.31 33.82 33.05 32.69 32.66 31.40 31.33 31.48 31.22 30.75 30.66 30.46 29.82 28.97 27.18 26.28 27.56 27.83 29.60 29.48 30.14 31.05 30.05 30.58 31.05 31.00 30.95 30.89 30.83 30.75 30.67 30.59 30.50 30.43 30.34 30.27 30.19 30.11 30.03 29.95 29.88 29.80 29.70 29.57 29.45 29.34 29.23 29.12
38.26 38.22 38.18 38.13 38.14 38.08 38.00 37.91 37.88 37.79 37.72 37.58 37.53 37.46 37.37 37.26 37.12 36.96 36.92 36.81 36.69 36.64 36.60 36.36 36.15 36.06 35.60 34.63 34.28 34.19 33.88 32.94 32.48 32.10 32.09 29.81 31.42 31.29 30.93 30.05 30.32 29.89 29.86 27.50 26.63 27.06 28.21 29.34 30.03 29.94 31.12 31.18 30.96 30.02 31.08 31.04 30.99 30.91 30.83 30.74 30.65 30.56 30.47 30.39 30.30 30.23 30.14 30.06 29.99 29.91 29.83 29.74 29.62 29.49 29.37 29.25 29.13
38.28 38.23 38.19 38.14 38.13 38.12 38.04 37.97 37.91 37.82 37.72 37.66 37.56 37.49 37.42 37.33 37.09 37.07 36.95 36.93 36.79 36.67 36.63 36.46 36.17 36.08 35.72 34.81 34.39 34.13 33.50 33.47 32.99 32.44 31.64 30.74 31.38 31.20 31.19 29.36 29.66 30.07 29.30 28.17 27.28 27.92 28.62 29.44 27.47 30.69 31.19 30.31 31.22 31.20 31.17 31.15 31.08 31.00 30.90 30.80 30.71 30.61 30.53 30.43 30.35 30.26 30.18 30.10 30.02 29.94 29.86 29.77 29.67 29.54 29.40 29.27 29.14
38.32 38.24 38.21 38.16 38.11 38.13 38.08 38.01 37.96 37.86 37.79 37.69 37.56 37.58 37.39 37.32 37.12 37.13 37.00 36.88 36.70 36.78 36.70 36.50 36.30 36.11 35.72 34.85 34.36 34.44 33.39 33.69 32.58 32.68 31.82 31.08 31.45 31.89 31.00 30.15 29.23 29.88 29.35 29.21 28.92 28.42 29.90 28.57 27.23 28.85 31.04 30.42 30.88 31.23 31.23 31.26 31.18 31.07 30.96 30.86 30.75 30.66 30.57 30.48 30.39 30.30 30.22 30.13 30.05 29.96 29.87 29.79 29.70 29.58 29.44 29.30 29.17
38.30 38.27 38.22 38.18 38.13 38.10 38.07 38.09 37.99 37.91 37.80 37.76 37.68 37.62 37.52 37.41 37.19 37.13 37.05 36.96 36.96 36.79 36.58 36.33 36.27 36.15 35.75 35.30 35.13 34.85 34.34 33.93 33.96 32.39 32.52 32.44 32.72 32.29 31.47 31.65 30.02 29.66 29.94 29.90 30.74 30.67 30.39 28.39 27.37 26.96 28.57 31.00 31.32 31.23 31.23 31.29 31.22 31.12 31.01 30.90 30.81 30.70 30.62 30.52 30.42 30.33 30.25 30.16 30.06 29.98 29.89 29.80 29.71 29.61 29.47 29.33 29.19
38.33 38.29 38.26 38.21 38.15 38.12 38.05 38.04 37.97 37.98 37.92 37.79 37.73 37.65 37.54 37.42 37.31 37.27 37.14 36.99 36.97 36.77 36.58 36.37 36.13 36.13 35.77 35.42 34.46 35.08 34.80 34.19 34.37 34.00 33.29 33.24 32.81 32.35 32.30 31.98 31.56 31.23 31.40 30.33 30.97 30.08 30.41 29.14 26.81 26.95 30.04 31.37 31.26 31.20 31.16 31.21 31.20 31.12 31.04 30.94 30.84 30.74 30.65 30.56 30.46 30.36 30.27 30.18 30.09 29.99 29.90 29.81 29.72 29.63 29.51 29.36 29.21
38.35 38.30 38.28 38.23 38.18 38.13 38.10 38.01 37.93 37.89 37.83 37.80 37.77 37.72 37.61 37.50 37.42 37.26 37.23 37.03 36.93 36.74 36.50 36.38 36.10 35.87 35.89 35.69 35.37 34.94 34.70 34.70 34.21 34.09 33.64 33.34 32.80 32.20 32.04 31.57 30.98 31.40 31.83 31.63 31.40 31.15 30.35 29.56 28.80 27.55 27.99 30.65 31.33 31.20 31.18 31.21 31.19 31.15 31.07 30.98 30.88 30.78 30.69 30.59 30.50 30.39 30.29 30.20 30.11 30.00 29.90 29.82 29.71 29.62 29.51 29.39 29.23
38.41 38.35 38.30 38.25 38.18 38.12 38.07 37.99 37.95 37.87 37.83 37.79 37.65 37.62 37.54 37.49 37.42 37.24 37.22 37.08 36.96 36.77 36.60 36.37 36.09 35.76 35.16 35.18 35.32 35.11 34.67 34.56 34.37 34.18 33.89 33.52 33.06 33.15 33.05 32.74 32.15 32.32 32.15 31.84 31.43 31.39 30.87 30.98 30.80 29.67 28.54 30.23 30.23 30.31 31.32 31.29 31.24 31.18 31.10 31.01 30.92 30.82 30.72 30.62 30.52 30.41 30.31 30.22 30.11 30.01 29.92 29.82 29.71 29.62 29.52 29.40 29.25
38.42 38.36 38.31 38.26 38.17 38.11 38.05 38.00 37.96 37.85 37.78 37.82 37.68 37.62 37.51 37.37 37.29 37.26 37.07 37.04 36.91 36.76 36.59 36.39 36.14 35.90 35.65 35.22 35.13 34.98 34.73 34.03 34.10 34.06 34.17 33.92 33.71 33.45 33.13 32.99 32.74 32.43 32.21 31.90 31.16 30.74 31.34 31.21 30.99 29.89 29.58 30.42 30.50 31.15 30.30 31.40 31.32 31.24 31.15 31.06 30.95 30.85 30.75 30.65 30.54 30.44 30.33 30.23 30.12 30.01 29.91 29.80 29.71 29.60 29.50 29.39 29.26
38.43 38.39 38.32 38.24 38.14 38.10 38.05 37.99 37.94 37.84 37.76 37.75 37.76 37.60 37.43 37.30 37.28 37.16 37.12 36.98 36.87 36.77 36.62 36.42 36.15 35.97 35.73 35.16 35.10 34.90 33.96 34.16 34.18 34.24 34.10 33.88 33.89 33.48 33.49 33.19 32.45 32.33 31.66 31.34 31.01 31.29 30.37 30.97 31.13 30.79 29.72 30.64 30.48 30.24 28.43 31.26 31.41 31.31 31.20 31.10 30.98 30.88 30.78 30.67 30.56 30.45 30.34 30.23 30.11 30.00 29.90 29.79 29.69 29.58 29.48 29.37 29.25
38.43 38.39 38.35 38.28 38.20 38.13 38.07 37.98 37.89 37.83 37.77 37.66 37.76 37.57 37.44 37.28 37.22 37.05 36.98 36.95 36.79 36.71 36.59 36.37 36.15 35.94 35.68 35.10 34.93 34.49 34.64 34.33 34.36 34.10 34.01 33.71 33.79 33.79 33.45 33.43 33.24 32.92 32.70 31.83 30.84 31.68 30.97 30.40 31.44 31.19 30.88 30.78 30.11 30.19 30.31 30.01 31.06 31.38 31.26 31.13 31.02 30.91 30.80 30.69 30.58 30.46 30.35 30.23 30.11 29.99 29.88 29.78 29.66 29.55 29.45 29.34 29.23
38.44 38.38 38.36 38.29 38.21 38.14 38.08 37.99 37.92 37.80 37.73 37.66 37.68 37.63 37.46 37.32 37.02 37.07 36.92 36.89 36.76 36.68 36.50 36.31 36.17 35.92 35.59 35.13 34.84 34.40 34.57 34.17 33.63 33.88 33.91 33.59 33.92 33.60 33.11 33.13 33.17 33.07 32.15 32.10 32.28 31.09 30.93 30.95 31.07 31.39 31.30 31.07 30.53 30.45 30.18 30.30 30.04 30.56 31.30 31.17 31.05 30.93 30.82 30.70 30.60 30.47 30.34 30.22 30.10 29.98 29.86 29.75 29.64 29.52 29.42 29.31 29.20
