datasets/raw/temp/2019101720191017.grid
ncols 886
nrows 691
xllcenter 112.0000
yllcenter -44.5000
cellsize 0.0500
nodata_value 99999.90
[rows 374 to 407 of 691, columns 231 to 307 of 886]
28.67 28.63 28.91 28.87 28.97 29.27 29.37 29.37 29.19 29.47 29.53 29.51 29.57 29.51 29.48 29.45 29.51 29.49 29.49 29.44 29.34 29.10 29.14 29.07 29.08 29.16 29.17 29.22 29.23 29.43 29.49 29.46 29.45 29.43 29.48 29.53 29.50 29.48 29.48 29.45 29.43 29.50 29.51 29.49 29.61 29.58 29.71 29.52 29.24 29.19 29.19 29.18 29.17 29.12 29.09 28.88 28.74 28.70 28.61 28.59 28.49 28.55 28.54 28.50 28.50 28.46 28.45 28.48 28.48 28.44 28.48 28.42 28.41 28.37 28.59 28.69 28.51
28.97 28.92 29.06 29.05 29.07 29.30 29.34 29.40 29.45 29.49 29.54 29.53 29.45 29.23 29.24 29.16 29.40 29.47 29.42 29.42 29.18 29.16 29.18 29.02 29.14 29.16 29.11 29.23 29.45 29.46 29.47 29.45 29.45 29.51 29.50 29.48 29.46 29.45 29.44 29.44 29.39 29.52 29.43 29.46 29.60 29.60 29.64 29.49 29.36 29.34 29.21 29.24 29.09 29.13 29.04 29.06 29.00 28.93 28.96 28.89 28.73 28.57 28.50 28.46 28.44 28.40 28.33 28.35 28.42 28.41 28.46 28.41 28.53 28.53 28.49 28.49 28.60
28.96 29.06 29.11 29.17 29.21 29.26 29.22 29.12 29.30 29.33 29.33 29.29 29.02 28.87 28.91 28.90 29.06 29.34 29.37 29.36 29.40 29.33 29.18 29.08 29.04 29.14 29.12 29.35 29.48 29.45 29.51 29.51 29.48 29.47 29.47 29.45 29.42 29.40 29.40 29.40 29.38 29.37 29.47 29.41 29.43 29.55 29.54 29.18 29.29 29.37 29.24 29.23 29.32 29.13 29.03 28.97 29.08 28.99 28.92 28.90 28.94 28.82 28.85 28.77 28.74 28.61 28.36 28.36 28.38 28.30 28.30 28.48 28.50 28.44 28.44 28.55 28.44
29.07 29.12 29.15 29.19 29.13 28.97 29.01 29.03 29.15 28.91 29.01 29.14 28.79 28.78 28.83 28.85 28.95 29.07 29.08 29.30 29.32 29.35 29.24 29.14 29.03 29.07 29.17 29.28 29.44 29.45 29.48 29.46 29.45 29.44 29.42 29.39 29.39 29.39 29.37 29.34 29.38 29.44 29.62 29.37 29.32 29.33 29.22 29.13 29.12 29.15 29.04 29.06 29.12 29.27 29.24 29.19 29.02 28.87 29.00 28.96 28.95 28.93 28.89 28.92 28.71 28.83 28.75 28.68 28.66 28.60 28.60 28.77 28.63 28.52 28.49 28.59 28.44
29.08 29.07 29.08 28.90 28.80 28.89 28.94 29.00 28.98 28.76 28.75 28.89 28.74 28.65 28.73 28.82 28.97 29.01 29.05 29.15 29.30 29.29 29.14 29.06 28.93 29.14 29.21 29.35 29.42 29.44 29.44 29.43 29.38 29.40 29.39 29.36 29.36 29.35 29.35 29.35 29.32 29.32 29.32 29.34 29.45 29.42 29.17 29.09 29.11 29.13 29.03 28.99 29.00 29.05 29.04 29.19 29.04 29.04 29.09 29.08 29.05 29.06 29.02 29.03 29.05 28.97 28.95 28.92 28.86 28.83 28.81 28.76 28.75 28.66 28.66 28.41 28.27
28.99 28.79 28.99 28.81 28.62 28.87 28.73 28.97 28.80 28.81 28.70 28.82 28.62 28.72 28.73 28.93 29.04 29.10 29.17 29.25 29.28 29.18 29.00 28.94 28.97 28.94 29.22 29.36 29.42 29.45 29.40 29.39 29.40 29.38 29.42 29.39 29.34 29.33 29.33 29.33 29.29 29.26 29.24 29.34 29.47 29.23 29.28 29.33 29.36 29.37 29.23 29.20 29.26 29.28 29.26 29.25 29.25 29.22 29.24 29.16 29.14 29.16 29.09 29.07 29.10 29.05 29.00 28.99 28.95 28.91 28.88 28.83 28.82 28.81 28.77 28.73 28.68
28.76 28.79 28.87 28.64 28.66 28.72 28.76 28.93 28.66 28.77 28.63 28.64 28.68 28.83 28.72 28.69 28.83 28.90 29.12 29.11 29.22 29.06 28.84 28.84 28.89 29.07 29.25 29.37 29.38 29.39 29.36 29.37 29.40 29.38 29.40 29.35 29.34 29.31 29.27 29.29 29.25 29.27 29.28 29.38 29.53 29.46 29.54 29.66 29.64 29.60 29.45 29.40 29.35 29.32 29.27 29.24 29.25 29.17 29.17 29.15 29.12 29.16 29.11 29.05 29.05 29.04 28.95 28.97 28.98 28.92 28.83 28.87 28.84 28.78 28.84 28.72 28.66
28.55 28.48 28.69 28.70 28.68 28.60 28.64 28.84 28.66 28.50 28.56 28.67 28.64 28.79 28.92 28.93 29.05 29.05 29.06 29.07 29.21 29.01 28.99 28.97 29.03 29.13 29.27 29.37 29.41 29.43 29.36 29.34 29.40 29.37 29.36 29.30 29.31 29.30 29.31 29.30 29.25 29.28 29.49 29.61 29.70 29.68 29.54 29.69 29.60 29.68 29.45 29.40 29.32 29.30 29.27 29.20 29.18 29.13 29.19 29.14 29.13 29.11 29.09 28.99 29.06 29.03 29.00 28.87 28.94 28.91 28.86 28.85 28.79 28.73 28.76 28.76 28.72
28.47 28.57 28.55 28.67 28.49 28.42 28.67 28.83 28.67 28.46 28.35 28.51 28.69 28.87 28.82 28.68 28.77 28.76 28.91 29.10 29.21 29.10 28.98 28.92 28.88 29.07 29.22 29.31 29.32 29.36 29.32 29.32 29.30 29.33 29.28 29.29 29.24 29.26 29.27 29.42 29.55 29.62 29.60 29.59 29.61 29.64 29.68 29.62 29.51 29.64 29.52 29.35 29.29 29.24 29.25 29.17 29.13 29.11 29.13 29.15 29.09 29.05 29.03 28.96 28.97 28.94 28.94 28.88 28.88 28.87 28.87 28.79 28.77 28.73 28.72 28.72 28.63
28.60 28.35 28.52 28.56 28.50 28.48 28.78 28.65 28.61 28.55 28.52 28.58 28.81 28.67 28.58 28.73 28.67 28.74 28.76 28.98 29.19 29.20 29.15 29.14 29.00 29.07 29.08 29.38 29.33 29.31 29.30 29.28 29.30 29.27 29.24 29.28 29.31 29.28 29.36 29.62 29.64 29.59 29.56 29.52 29.50 29.46 29.45 29.61 29.56 29.62 29.54 29.36 29.31 29.37 29.23 29.15 29.14 29.14 29.12 29.09 29.03 29.06 28.97 28.96 28.94 28.91 28.88 28.85 28.77 28.76 28.80 28.74 28.75 28.72 28.68 28.68 28.54
28.60 28.59 28.38 28.50 28.48 28.61 28.71 28.47 28.56 28.41 28.53 28.54 28.70 28.57 28.62 28.61 28.64 28.61 28.64 28.95 29.11 29.14 29.20 29.25 29.27 29.29 29.12 29.41 29.45 29.36 29.26 29.25 29.23 29.22 29.23 29.22 29.25 29.49 29.61 29.60 29.57 29.55 29.48 29.50 29.54 29.52 29.48 29.47 29.60 29.51 29.53 29.38 29.48 29.45 29.25 29.15 29.13 29.11 29.06 29.06 29.00 28.95 28.92 28.90 28.85 28.85 28.80 28.79 28.73 28.70 28.68 28.77 28.64 28.69 28.61 28.59 28.48
28.64 28.37 28.34 28.23 28.54 28.33 28.54 28.51 28.39 28.57 28.58 28.57 28.55 28.55 28.59 28.61 28.74 28.73 28.77 28.83 28.99 29.09 29.08 29.05 29.11 29.12 29.31 29.34 29.37 29.29 29.26 29.22 29.20 29.22 29.23 29.32 29.48 29.62 29.58 29.56 29.54 29.51 29.60 29.54 29.51 29.48 29.45 29.43 29.56 29.47 29.41 29.48 29.44 29.40 29.22 29.13 29.08 29.03 29.01 28.96 28.95 28.93 28.82 28.82 28.81 28.76 28.72 28.70 28.66 28.63 28.71 28.70 28.59 28.51 28.41 28.43 28.40
28.49 28.36 28.36 28.28 28.43 28.39 28.40 28.36 28.51 28.54 28.46 28.45 28.54 28.59 28.60 28.75 28.74 28.81 28.86 28.90 28.93 29.01 28.89 28.88 28.89 28.97 29.15 29.30 29.38 29.31 29.22 29.21 29.21 29.25 29.43 29.54 29.61 29.64 29.61 29.59 29.58 29.54 29.57 29.55 29.50 29.48 29.39 29.40 29.36 29.31 29.39 29.23 29.21 29.15 29.14 29.05 29.02 28.94 28.93 28.91 28.87 28.83 28.81 28.79 28.76 28.80 28.65 28.66 28.64 28.67 28.55 28.49 28.44 28.48 28.50 28.49 28.45
28.21 28.28 28.25 28.25 28.33 28.32 28.21 28.41 28.31 28.46 28.42 28.35 28.46 28.54 28.65 28.65 28.58 28.48 28.65 28.72 28.91 28.78 28.68 28.56 28.56 28.82 28.97 29.32 29.40 29.25 29.29 29.22 29.28 29.49 29.62 29.67 29.69 29.66 29.64 29.58 29.50 29.52 29.53 29.50 29.46 29.45 29.40 29.34 29.28 29.27 29.36 29.35 29.20 29.15 29.24 29.03 28.95 28.94 28.87 28.87 28.84 28.74 28.75 28.77 28.71 28.81 28.61 28.54 28.68 28.46 28.42 28.38 28.52 28.44 28.26 28.23 28.17
28.26 28.29 28.16 28.25 28.27 28.24 28.18 28.23 28.27 28.35 28.31 28.21 28.45 28.53 28.60 28.50 28.61 28.62 28.60 28.72 28.86 28.66 28.32 28.32 28.37 28.73 29.04 29.29 29.37 29.24 29.26 29.41 29.54 29.57 29.69 29.66 29.68 29.62 29.65 29.58 29.55 29.52 29.47 29.45 29.43 29.35 29.32 29.28 29.24 29.19 29.23 29.43 29.28 29.29 28.98 29.00 28.96 28.87 28.84 28.81 28.76 28.71 28.70 28.62 28.60 28.61 28.49 28.44 28.39 28.34 28.33 28.32 28.24 28.19 28.12 28.06 28.10
28.43 28.18 28.36 28.35 28.29 28.33 28.20 28.18 28.34 28.14 28.19 28.37 28.37 28.39 28.36 28.43 28.48 28.56 28.67 28.65 28.73 28.69 28.55 28.38 28.56 28.82 29.10 29.24 29.37 29.30 29.46 29.52 29.55 29.64 29.61 29.61 29.57 29.62 29.57 29.54 29.49 29.45 29.41 29.39 29.36 29.32 29.28 29.27 29.23 29.17 29.11 29.17 29.27 29.20 28.95 28.89 28.87 28.83 28.78 28.76 28.69 28.64 28.65 28.56 28.50 28.44 28.40 28.32 28.31 28.28 28.29 28.16 28.12 28.09 28.02 27.95 27.92
28.30 28.33 28.34 28.33 28.34 28.31 28.27 28.17 28.32 28.36 28.17 28.36 28.36 28.38 28.14 28.37 28.50 28.56 28.43 28.69 28.57 28.49 28.29 28.44 28.77 28.91 29.16 29.20 29.36 29.39 29.52 29.53 29.57 29.58 29.59 29.61 29.56 29.55 29.54 29.53 29.46 29.42 29.39 29.35 29.32 29.28 29.23 29.21 29.19 29.12 29.06 29.02 29.18 29.14 29.08 28.94 28.78 28.86 28.84 28.66 28.61 28.56 28.63 28.52 28.40 28.36 28.28 28.22 28.18 28.20 28.09 28.04 28.01 27.96 27.94 27.87 27.77
28.48 28.45 28.29 28.28 28.27 28.24 28.10 28.34 28.40 28.40 28.30 28.27 28.18 28.13 28.13 28.27 28.44 28.46 28.53 28.55 28.66 28.49 28.43 28.68 28.75 29.05 29.13 29.28 29.41 29.42 29.47 29.50 29.54 29.59 29.55 29.58 29.56 29.53 29.50 29.47 29.42 29.41 29.38 29.33 29.29 29.25 29.20 29.15 29.12 29.08 29.03 29.01 28.99 29.04 29.11 28.95 28.76 28.71 28.65 28.62 28.56 28.51 28.44 28.38 28.33 28.30 28.29 28.21 28.11 28.08 28.02 27.96 27.93 27.91 27.80 27.75 27.72
28.24 28.19 28.36 28.29 28.33 28.29 28.14 28.29 28.35 28.42 28.36 28.35 28.26 28.36 28.30 28.23 28.30 28.38 28.48 28.43 28.50 28.69 28.78 28.93 29.03 29.06 29.19 29.27 29.36 29.40 29.45 29.48 29.57 29.57 29.54 29.54 29.54 29.44 29.48 29.44 29.41 29.38 29.33 29.32 29.27 29.21 29.19 29.13 29.08 29.04 28.98 29.00 28.85 28.81 28.87 28.75 28.70 28.62 28.58 28.54 28.50 28.42 28.36 28.31 28.25 28.18 28.12 28.08 28.04 27.97 27.95 27.89 27.81 27.77 27.72 27.66 27.64
28.06 28.12 28.11 28.21 28.15 28.02 28.08 28.20 28.32 28.36 28.42 28.46 28.55 28.50 28.45 28.35 28.22 28.36 28.48 28.50 28.64 28.86 28.92 29.00 29.13 29.13 29.19 29.33 29.38 29.40 29.42 29.45 29.48 29.56 29.54 29.54 29.52 29.50 29.47 29.43 29.39 29.34 29.31 29.27 29.24 29.19 29.16 29.09 29.04 28.99 28.97 28.92 28.83 28.82 28.75 28.68 28.63 28.58 28.50 28.45 28.41 28.33 28.28 28.20 28.16 28.07 28.03 27.97 27.92 27.84 27.75 27.77 27.65 27.68 27.59 27.53 27.52
28.29 28.27 28.26 28.16 28.15 28.22 28.03 28.25 28.18 28.43 28.30 28.44 28.34 28.46 28.60 28.70 28.71 28.77 28.80 28.83 28.73 28.86 28.94 29.02 29.09 29.10 29.13 29.09 29.41 29.41 29.43 29.44 29.48 29.53 29.52 29.50 29.49 29.46 29.43 29.38 29.35 29.30 29.25 29.23 29.19 29.14 29.10 29.01 28.97 28.93 28.92 28.84 28.78 28.69 28.65 28.60 28.54 28.49 28.43 28.38 28.31 28.22 28.16 28.10 28.08 27.97 27.91 27.89 27.82 27.77 27.64 27.66 27.62 27.52 27.47 27.44 27.39
28.15 28.16 28.27 28.13 28.33 28.25 28.05 28.02 28.19 28.29 28.36 28.38 28.52 28.71 28.73 28.79 28.87 28.85 28.91 28.94 28.97 28.97 29.00 29.05 29.02 29.13 29.09 29.19 29.45 29.44 29.44 29.45 29.50 29.50 29.49 29.47 29.47 29.42 29.40 29.35 29.32 29.27 29.24 29.20 29.08 29.05 29.00 28.97 28.91 28.86 28.82 28.77 28.70 28.65 28.57 28.50 28.44 28.38 28.33 28.28 28.18 28.12 28.06 28.00 27.92 27.85 27.74 27.77 27.76 27.63 27.53 27.48 27.45 27.43 27.41 27.30 27.29
28.00 27.98 28.10 28.26 28.20 28.11 28.15 28.31 28.33 28.50 28.62 28.72 28.65 28.69 28.69 28.80 28.95 28.93 29.01 29.02 29.03 29.00 29.04 29.05 29.02 29.08 29.10 29.28 29.44 29.46 29.46 29.49 29.52 29.51 29.47 29.45 29.45 29.38 29.37 29.30 29.27 29.22 29.17 29.11 29.07 29.01 28.97 28.90 28.86 28.81 28.75 28.70 28.63 28.52 28.45 28.40 28.36 28.28 28.22 28.14 28.10 28.04 27.93 27.87 27.79 27.71 27.66 27.60 27.55 27.47 27.44 27.39 27.34 27.24 27.22 27.19 27.20
28.24 28.36 28.44 28.43 28.43 28.21 28.37 28.54 28.62 28.67 28.71 28.72 28.65 28.72 28.76 28.89 28.90 28.93 28.97 29.00 29.00 29.02 29.05 29.06 29.00 29.17 29.19 29.29 29.46 29.50 29.48 29.51 29.48 29.46 29.45 29.45 29.38 29.36 29.32 29.22 29.20 29.13 29.10 29.02 29.04 28.97 28.88 28.84 28.81 28.73 28.65 28.64 28.49 28.43 28.37 28.31 28.24 28.17 28.12 28.04 27.97 27.89 27.83 27.76 27.66 27.59 27.52 27.46 27.42 27.34 27.29 27.27 27.20 27.21 27.12 27.11 27.10
28.55 28.68 28.57 28.50 28.50 28.31 28.44 28.62 28.67 28.55 28.70 28.80 28.86 28.83 28.83 28.88 28.88 28.89 29.01 29.01 29.04 29.04 29.04 29.09 29.25 29.30 29.28 29.34 29.47 29.50 29.49 29.48 29.46 29.45 29.41 29.40 29.36 29.33 29.29 29.17 29.15 29.11 29.09 29.01 28.93 28.89 28.81 28.77 28.73 28.66 28.58 28.51 28.36 28.31 28.25 28.19 28.11 28.05 28.00 27.90 27.83 27.92 27.69 27.65 27.57 27.46 27.37 27.32 27.28 27.23 27.19 27.15 27.09 27.04 27.02 26.99 26.98
28.66 28.68 28.68 28.67 28.57 28.54 28.51 28.63 28.69 28.75 28.76 28.83 28.84 28.85 28.86 28.86 28.89 28.93 29.01 29.02 29.02 29.03 29.02 29.20 29.28 29.28 29.29 29.39 29.47 29.51 29.49 29.46 29.44 29.41 29.43 29.34 29.28 29.29 29.26 29.21 29.10 29.08 29.02 28.99 28.91 28.83 28.75 28.68 28.64 28.57 28.49 28.38 28.26 28.18 28.10 28.02 27.95 27.89 27.81 27.79 27.70 27.63 27.53 27.49 27.49 27.36 27.27 27.21 27.21 27.12 27.09 27.04 26.98 26.92 26.91 26.87 26.85
28.68 28.54 28.56 28.52 28.51 28.58 28.56 28.58 28.74 28.67 28.76 28.81 28.81 28.82 28.88 28.91 28.91 28.95 29.01 29.01 29.01 29.12 29.21 29.22 29.27 29.34 29.39 29.40 29.49 29.48 29.46 29.44 29.42 29.36 29.38 29.33 29.28 29.20 29.18 29.17 29.14 29.02 28.95 28.89 28.80 28.75 28.68 28.60 28.55 28.47 28.37 28.23 28.17 28.07 28.01 27.94 27.86 27.77 27.70 27.66 27.59 27.51 27.45 27.37 27.29 27.22 27.16 27.11 27.09 27.10 27.02 26.93 26.89 26.85 26.82 26.82 26.78
28.52 28.50 28.60 28.45 28.40 28.56 28.44 28.54 28.69 28.76 28.79 28.79 28.80 28.83 28.83 28.90 28.91 28.96 29.00 29.03 29.10 29.18 29.19 29.31 29.39 29.42 29.47 29.49 29.47 29.46 29.44 29.42 29.39 29.37 29.34 29.31 29.23 29.12 29.12 29.10 29.02 28.96 28.88 28.81 28.72 28.66 28.60 28.53 28.45 28.36 28.20 28.13 28.06 27.97 27.91 27.81 27.75 27.65 27.61 27.55 27.45 27.38 27.33 27.26 27.18 27.11 27.05 27.00 26.96 26.97 26.96 26.83 26.82 26.77 26.72 26.73 26.72
28.50 28.47 28.45 28.39 28.44 28.50 28.49 28.63 28.64 28.76 28.77 28.78 28.79 28.80 28.84 28.89 28.99 28.97 28.98 29.01 29.19 29.21 29.25 29.38 29.45 29.49 29.48 29.47 29.50 29.48 29.45 29.40 29.38 29.35 29.32 29.24 29.19 29.11 29.07 29.01 28.95 28.89 28.81 28.73 28.64 28.58 28.52 28.43 28.35 28.22 28.11 28.02 27.95 27.88 27.80 27.71 27.64 27.58 27.49 27.45 27.34 27.28 27.22 27.15 27.10 27.09 27.03 26.93 26.88 26.88 26.86 26.82 26.77 26.71 26.68 26.67 26.69
28.41 28.44 28.44 28.50 28.41 28.47 28.66 28.65 28.74 28.69 28.73 28.77 28.80 28.80 28.86 28.93 28.95 28.98 29.07 29.13 29.17 29.27 29.37 29.46 29.48 29.48 29.47 29.47 29.56 29.47 29.43 29.39 29.36 29.32 29.27 29.13 29.14 29.09 29.03 28.97 28.90 28.83 28.74 28.65 28.57 28.49 28.42 28.33 28.22 28.11 28.03 27.92 27.86 27.77 27.70 27.62 27.55 27.47 27.39 27.35 27.25 27.20 27.13 27.07 27.04 26.95 26.93 26.85 26.80 26.76 26.71 26.73 26.70 26.68 26.61 26.60 26.63
28.41 28.56 28.58 28.48 28.52 28.57 28.68 28.67 28.74 28.75 28.74 28.83 28.81 28.79 28.91 28.91 28.94 29.04 29.17 29.15 29.25 29.34 29.39 29.48 29.48 29.47 29.45 29.51 29.51 29.43 29.39 29.35 29.30 29.25 29.17 29.12 29.08 29.05 28.99 28.92 28.84 28.76 28.67 28.58 28.50 28.43 28.34 28.23 28.13 28.03 27.97 27.83 27.78 27.71 27.62 27.52 27.45 27.36 27.28 27.25 27.21 27.10 27.02 26.98 26.87 26.84 26.80 26.77 26.73 26.63 26.64 26.61 26.61 26.56 26.52 26.50 26.51
28.27 28.38 28.41 28.36 28.41 28.57 28.66 28.68 28.74 28.73 28.76 28.79 28.83 28.80 28.90 28.95 29.05 29.13 29.19 29.35 29.35 29.35 29.43 29.48 29.49 29.45 29.45 29.46 29.44 29.41 29.37 29.34 29.24 29.16 29.13 29.08 29.04 28.99 28.93 28.86 28.78 28.71 28.62 28.54 28.45 28.37 28.28 28.17 28.07 27.97 27.88 27.79 27.68 27.61 27.52 27.45 27.36 27.29 27.21 27.18 27.09 27.00 26.90 26.84 26.76 26.72 26.68 26.64 26.61 26.59 26.56 26.54 26.51 26.47 26.47 26.44 26.49
28.37 28.49 28.37 28.23 28.46 28.66 28.59 28.74 28.83 28.80 28.72 28.82 28.83 28.88 28.89 28.99 29.10 29.19 29.33 29.35 29.34 29.39 29.45 29.49 29.49 29.45 29.43 29.41 29.40 29.38 29.35 29.33 29.17 29.12 29.09 29.03 28.98 28.93 28.87 28.81 28.74 28.66 28.58 28.49 28.41 28.31 28.22 28.12 28.02 27.94 27.80 27.73 27.62 27.54 27.45 27.37 27.30 27.23 27.14 27.07 26.98 26.93 26.83 26.77 26.67 26.62 26.60 26.55 26.48 26.45 26.44 26.41 26.40 26.41 26.43 26.39 26.41
28.43 28.37 28.32 28.37 28.51 28.58 28.66 28.74 28.77 28.80 28.81 28.85 28.86 28.87 28.89 29.02 29.09 29.28 29.31 29.36 29.42 29.46 29.47 29.50 29.47 29.43 29.41 29.39 29.37 29.33 29.30 29.25 29.14 29.09 29.04 28.99 28.94 28.88 28.81 28.75 28.68 28.61 28.53 28.45 28.37 28.27 28.17 28.06 27.97 27.88 27.75 27.67 27.58 27.48 27.41 27.33 27.28 27.19 27.10 27.03 26.96 26.86 26.75 26.68 26.59 26.55 26.52 26.47 26.41 26.41 26.35 26.35 26.33 26.29 26.30 26.30 26.30
