datasets/raw/temp/2019111520191115.grid
ncols 886
nrows 691
xllcenter 112.0000
yllcenter -44.5000
cellsize 0.0500
nodata_value 99999.90
[rows 170 to 203 of 691, columns 616 to 692 of 886]
39.70 39.79 39.75 39.95 39.99 39.71 39.90 39.66 39.67 39.59 39.61 39.51 39.44 39.06 38.71 38.78 38.40 38.18 37.71 37.21 36.65 36.30 36.45 36.98 37.38 37.34 36.52 37.00 36.55 35.65 35.72 35.71 35.71 35.22 35.10 34.70 34.31 33.85 33.38 33.59 33.35 33.21 33.12 33.02 32.85 32.72 32.64 32.56 32.28 32.20 31.71 31.39 31.06 30.57 30.31 30.08 29.74 29.27 29.13 29.48 29.37 31.17 31.16 31.00 30.86 30.71 29.01 29.85 30.25 30.09 29.93 29.77 29.62 29.47 29.34 29.20 29.08
39.43 39.71 39.76 39.91 40.04 39.65 39.89 39.82 39.64 39.55 39.61 39.32 39.29 38.71 38.70 38.70 38.55 37.85 37.62 37.10 36.55 36.14 36.77 37.17 37.13 37.26 37.27 37.06 36.78 36.54 35.82 35.93 35.71 35.57 35.19 34.84 34.59 34.10 34.02 33.86 33.77 33.57 33.38 33.29 33.12 32.94 32.91 32.84 32.45 32.26 31.83 31.58 31.14 30.62 30.27 30.12 29.82 29.43 29.05 29.38 31.03 31.22 30.53 30.90 30.88 30.78 28.88 29.00 30.38 30.21 30.08 29.91 29.77 29.62 29.48 29.35 29.23
39.69 39.51 39.67 39.68 40.00 39.58 39.78 39.81 39.63 39.67 39.66 39.55 39.40 38.96 38.90 38.55 38.26 38.22 37.61 37.15 36.52 36.11 36.47 36.78 36.89 37.25 37.10 37.04 36.93 36.28 36.36 36.09 35.84 35.68 35.42 35.17 34.77 34.51 34.28 34.20 34.00 33.76 33.67 33.46 33.29 33.08 33.08 32.68 32.17 32.24 31.99 31.61 31.26 30.89 30.45 30.02 29.75 29.55 29.06 29.32 29.76 29.53 31.26 31.27 31.17 31.04 30.86 30.75 30.60 30.37 30.26 30.09 29.94 29.80 29.46 29.53 29.41
39.54 39.61 39.66 39.60 39.96 39.51 39.74 39.61 39.61 39.52 39.63 39.48 39.46 39.19 38.89 38.54 38.13 37.86 37.55 37.00 36.58 36.67 36.68 36.18 36.68 37.04 37.04 36.96 36.77 36.64 36.45 36.19 36.02 35.63 35.56 35.30 35.02 34.75 34.63 34.43 34.29 34.16 33.92 33.57 33.45 33.38 33.37 32.97 32.50 32.52 32.17 31.75 31.54 31.08 30.51 30.04 29.68 29.31 29.17 29.14 29.37 28.96 30.25 31.29 31.27 31.20 31.11 30.99 30.81 30.62 30.47 30.30 30.15 30.00 29.60 29.73 29.60
39.72 39.74 39.57 39.80 39.90 39.84 39.62 39.54 39.38 39.51 39.60 39.50 39.32 39.12 38.63 38.24 38.16 38.01 37.70 37.72 37.17 37.15 36.67 35.98 36.84 37.02 37.03 36.92 36.69 36.56 36.51 36.28 36.01 35.81 35.56 35.33 35.08 34.90 34.86 34.71 34.47 34.43 34.07 33.90 33.62 33.72 33.28 32.90 32.78 32.78 32.32 31.69 31.97 31.54 31.54 30.88 30.36 30.30 29.27 29.14 29.37 29.17 31.36 31.70 31.49 31.38 31.33 31.18 31.02 30.88 30.70 30.54 30.38 30.22 30.07 29.93 29.62
39.53 39.67 39.43 39.61 39.87 39.72 39.61 39.32 39.53 39.55 39.51 39.57 39.25 39.15 39.02 38.53 38.62 38.56 38.39 38.07 37.02 36.69 36.43 36.23 36.82 37.03 36.98 36.92 36.57 36.14 36.34 36.30 36.05 35.82 35.30 35.28 35.02 34.82 34.92 34.80 34.74 34.55 34.11 34.22 34.10 33.72 33.19 32.69 33.09 32.54 32.57 32.34 32.12 31.89 31.50 31.32 31.04 30.61 30.06 29.59 29.11 31.03 31.85 31.80 31.34 31.18 30.92 31.41 31.27 31.11 30.94 30.77 30.60 30.45 30.30 30.15 29.61
39.69 39.46 39.56 39.52 39.73 39.61 39.41 39.27 39.44 39.47 39.50 39.39 39.45 39.13 38.92 38.67 38.65 38.51 38.31 37.18 37.20 36.35 36.24 36.26 36.92 37.00 36.84 36.84 36.62 36.27 36.24 36.26 36.01 35.67 35.36 35.26 34.89 34.98 34.95 34.43 34.70 34.69 34.55 34.31 34.04 33.68 33.40 33.32 33.23 32.85 32.94 32.58 32.48 32.30 31.98 31.67 31.43 31.10 30.99 30.47 29.85 29.70 31.02 31.76 31.67 31.77 31.72 31.62 31.51 31.36 31.18 31.01 30.84 30.68 30.52 30.38 30.23
40.04 39.74 39.31 39.32 39.45 39.43 39.41 39.47 39.20 39.52 39.22 38.94 39.30 39.30 38.74 39.04 38.66 38.33 38.09 37.12 36.31 36.06 36.46 37.00 37.07 36.95 36.88 36.76 36.62 36.24 35.82 36.23 36.07 35.59 35.24 35.06 35.08 34.63 34.80 34.56 34.63 34.56 34.58 34.48 34.27 33.88 33.26 33.50 33.60 33.18 32.99 32.93 32.51 32.62 32.25 31.94 31.83 31.76 31.40 30.47 30.13 29.69 29.27 29.64 30.59 31.39 31.47 31.74 31.72 31.60 31.43 31.25 31.08 30.91 30.75 30.54 30.44
40.05 39.76 39.44 39.15 39.05 39.24 39.21 39.10 39.19 39.20 39.08 38.96 38.97 38.95 38.93 38.68 38.45 37.78 37.81 37.25 36.68 36.15 36.20 36.79 36.79 36.81 36.78 36.56 36.64 36.19 36.23 35.76 35.98 35.86 35.42 35.23 35.00 34.76 34.62 34.48 34.47 34.67 34.44 34.45 34.48 33.83 33.74 33.97 33.61 33.06 33.37 33.19 32.90 32.90 32.58 32.17 32.16 32.08 31.90 31.51 30.72 30.08 29.53 29.39 29.06 29.84 29.51 30.33 31.39 31.78 31.67 31.49 31.31 31.13 30.96 30.80 30.63
40.07 39.75 39.65 39.44 39.31 39.27 39.20 39.10 39.31 39.05 39.24 39.30 38.91 38.86 38.58 38.26 38.03 38.02 37.69 37.15 36.89 36.46 36.44 36.31 36.51 36.40 36.80 36.65 36.36 36.19 35.80 35.32 35.27 35.86 35.72 35.45 35.20 35.03 34.73 34.49 34.70 34.68 34.37 34.50 34.54 34.44 34.29 34.03 33.76 33.69 33.45 33.47 33.28 33.08 32.81 32.65 32.46 32.38 32.25 31.85 31.20 30.85 30.27 29.61 29.22 29.48 29.19 28.05 28.45 31.71 31.85 31.72 31.53 31.35 31.17 30.99 30.82
40.24 39.98 39.84 39.96 39.63 39.64 39.36 39.26 39.02 39.17 39.17 39.13 38.81 38.78 38.80 38.59 38.22 37.84 37.36 37.26 37.15 36.72 36.29 36.24 36.03 35.98 36.71 35.36 35.61 36.07 35.57 35.80 35.94 35.83 35.67 35.53 35.31 35.12 34.83 34.85 34.74 34.72 34.55 34.60 34.52 34.45 34.30 33.41 33.98 33.97 33.74 33.70 33.51 33.16 33.03 32.95 32.92 32.50 32.45 31.98 31.18 30.89 30.64 29.95 30.42 29.41 28.85 28.72 29.14 30.46 31.53 31.82 31.75 31.56 31.38 31.19 31.01
40.13 40.15 40.10 39.84 39.71 39.48 39.52 39.44 39.23 39.03 39.01 39.18 39.19 38.92 38.47 38.36 38.29 37.82 37.82 37.60 37.19 36.94 36.27 36.39 36.68 36.62 36.23 36.17 35.02 36.00 35.82 35.99 35.93 35.82 35.57 35.46 35.31 35.11 34.90 34.74 34.87 34.76 34.72 34.63 34.52 34.46 34.34 34.07 34.16 33.96 33.87 33.93 33.68 33.56 33.30 32.53 33.04 32.93 32.97 31.98 31.24 31.73 31.24 31.30 30.54 29.40 28.51 29.48 29.64 29.22 29.41 30.98 31.88 31.76 31.57 31.38 31.19
40.15 40.00 40.03 39.94 39.74 39.61 39.63 39.53 39.33 38.78 38.75 39.11 38.95 38.84 38.79 38.45 38.01 37.99 37.65 37.52 37.27 36.89 36.41 36.20 36.35 35.35 35.80 36.24 35.99 35.86 35.74 36.01 35.92 35.74 35.56 35.38 35.34 34.86 34.93 34.72 34.58 34.93 34.90 34.83 34.41 34.53 34.19 34.02 34.11 34.03 33.91 34.15 33.93 33.83 33.33 33.32 33.54 33.24 33.30 32.90 32.65 32.58 32.09 32.03 30.57 29.95 29.34 30.82 31.01 30.67 28.81 30.23 30.79 31.88 31.76 31.56 31.36
40.14 40.09 39.95 39.92 39.85 39.70 39.66 39.39 39.15 39.13 38.75 38.50 38.75 38.90 38.78 38.35 38.39 37.90 37.78 37.66 37.13 37.00 36.57 36.44 36.29 35.58 36.13 35.75 36.12 35.85 35.89 35.94 35.83 35.69 35.53 35.39 35.36 35.01 34.79 34.80 34.82 34.95 34.91 34.71 34.55 34.66 34.26 34.22 34.11 34.07 33.72 34.29 34.30 34.17 33.97 33.82 33.72 33.20 33.41 33.35 33.14 32.74 32.22 31.21 30.32 30.46 30.74 30.98 30.86 31.03 29.83 28.86 29.07 31.93 31.90 31.74 31.55
40.15 40.11 40.07 39.99 39.90 39.75 39.64 39.45 39.22 39.18 38.90 38.88 38.52 38.88 38.72 38.58 38.24 37.90 38.05 37.78 36.95 36.95 36.71 36.68 36.36 35.43 35.57 35.66 36.01 35.95 35.82 35.91 35.80 35.68 35.54 35.43 35.37 35.14 34.68 35.03 34.96 34.98 34.99 34.62 34.65 34.68 34.31 34.40 34.45 34.46 34.33 34.30 34.29 34.34 34.36 34.18 33.65 33.29 33.46 33.49 33.26 32.94 32.15 31.81 31.41 30.99 30.89 31.85 31.24 31.24 30.50 29.66 29.39 31.80 32.07 31.89 31.58
40.16 40.12 40.08 40.02 39.90 39.83 39.74 39.56 39.59 39.28 38.95 38.89 38.46 38.82 38.75 38.63 38.38 38.09 38.06 37.34 37.19 36.96 36.88 36.80 36.42 35.75 35.74 36.04 35.73 35.78 35.76 35.92 35.69 35.54 35.53 35.42 35.29 35.20 34.90 35.14 35.18 35.12 34.92 34.84 34.85 34.51 34.22 34.42 34.47 34.53 34.58 34.69 34.59 34.32 34.35 34.29 33.86 33.61 33.65 33.46 33.67 33.11 32.94 32.76 32.02 31.55 31.98 31.77 31.59 31.51 31.30 30.51 29.62 30.98 32.09 31.89 31.75
40.21 40.15 40.07 39.99 39.95 39.87 39.74 39.66 39.56 39.25 39.17 38.54 38.51 38.66 38.41 38.38 38.50 38.19 38.12 37.60 37.23 37.27 36.80 36.69 36.42 36.09 36.01 35.83 35.80 35.54 35.50 35.80 35.69 35.31 35.28 35.43 34.93 34.44 34.72 35.15 35.04 34.83 34.79 34.90 34.76 34.47 34.57 34.64 34.69 34.63 34.85 34.49 34.70 34.61 34.49 34.25 33.99 33.55 33.58 33.01 33.58 33.60 33.32 32.69 32.85 32.68 32.63 32.29 32.19 31.91 31.62 31.27 30.02 30.32 31.23 32.15 31.98
40.21 40.16 40.12 39.96 39.93 39.85 39.76 39.66 39.34 39.44 39.12 38.97 38.19 38.13 38.38 37.97 38.33 38.06 37.75 37.76 37.46 37.31 36.94 36.51 36.23 35.89 35.40 35.55 35.61 35.37 35.24 35.72 35.35 35.60 35.52 35.37 34.78 34.39 35.16 35.29 34.94 34.77 34.83 34.97 34.71 34.51 34.95 34.51 35.07 35.01 34.85 34.75 34.78 34.68 34.21 33.03 34.14 34.14 33.96 33.89 34.05 33.94 33.54 33.39 33.27 33.14 32.90 32.67 32.19 31.73 31.34 31.62 30.62 31.15 32.41 32.28 31.19
40.23 40.19 40.10 39.98 39.80 39.81 39.73 39.45 39.50 39.29 38.98 38.40 38.56 37.77 38.13 37.99 38.24 37.85 37.58 37.80 37.61 37.18 36.63 36.30 36.04 35.43 35.61 35.54 35.30 35.18 34.89 35.63 35.00 35.12 35.36 34.05 34.66 35.37 35.11 35.33 35.42 35.14 35.10 34.77 35.01 35.13 34.52 35.08 34.83 34.92 34.98 34.94 34.72 34.61 34.12 34.24 34.62 34.58 34.45 34.27 34.27 34.07 33.96 33.75 33.56 33.21 32.96 32.72 32.59 31.78 32.02 31.64 31.55 31.34 30.43 31.80 31.32
40.18 40.13 40.02 39.84 39.74 39.66 39.61 39.46 39.19 39.15 38.87 38.13 37.92 37.53 37.74 37.65 37.86 37.68 37.59 37.57 37.24 36.97 36.74 36.20 35.70 34.92 35.03 35.26 35.36 35.43 35.55 35.18 35.47 35.03 35.06 35.07 35.62 35.64 35.41 35.59 35.50 35.47 35.34 34.95 34.95 35.16 34.64 34.90 35.01 35.11 35.04 34.98 34.88 34.60 34.95 34.57 34.69 34.69 34.75 34.49 34.52 34.45 34.19 34.09 33.80 33.58 33.12 32.78 32.63 32.27 32.43 32.27 32.05 31.42 30.84 30.51 32.31
40.15 40.07 40.02 39.90 39.81 39.71 39.55 39.37 39.21 39.05 38.66 38.26 38.47 37.92 37.51 37.33 37.21 37.33 36.96 36.99 36.66 36.96 36.00 35.41 35.90 35.45 35.22 35.28 35.03 35.23 35.21 35.04 34.89 35.20 35.42 35.55 35.81 35.64 35.70 35.15 35.47 35.52 35.59 35.35 35.04 34.98 34.96 35.13 35.23 35.18 34.97 34.84 34.89 34.97 35.31 35.16 35.11 34.92 34.90 34.87 34.77 34.67 34.50 34.23 34.01 33.65 33.41 32.86 32.81 32.67 32.72 32.61 31.74 31.75 31.19 31.06 32.46
40.15 40.07 40.05 39.94 39.71 39.62 39.48 39.38 39.41 39.23 39.18 39.04 38.65 38.25 37.62 37.17 36.80 36.57 36.65 36.49 36.56 36.38 35.88 35.38 35.28 34.92 35.13 34.50 35.07 34.96 34.82 34.74 34.97 35.17 35.70 35.49 35.72 35.59 35.69 35.54 35.65 35.78 35.74 35.29 35.08 34.98 35.07 35.08 35.21 35.32 35.03 35.25 35.45 35.54 35.82 35.58 35.20 35.25 35.23 35.05 35.02 34.85 34.69 34.36 34.17 33.79 33.64 33.34 33.45 33.16 32.81 32.94 32.26 32.02 31.62 31.20 30.45
40.14 40.07 39.98 39.92 39.86 39.79 39.64 39.48 39.37 39.10 38.79 38.70 38.67 38.36 37.60 37.17 36.82 36.41 36.32 36.14 36.00 35.75 35.73 35.55 35.20 34.60 35.22 35.00 35.04 34.77 34.67 34.88 34.72 35.37 35.43 34.83 35.48 35.61 35.81 35.84 35.78 35.65 35.48 35.25 35.09 34.96 35.21 35.02 35.33 35.21 35.08 35.14 35.33 35.67 35.66 35.86 35.63 35.54 35.46 35.39 35.28 35.09 35.05 34.58 34.40 34.23 34.10 33.87 33.70 33.59 33.44 33.16 32.95 32.80 31.48 31.77 32.10
40.14 40.09 40.03 40.02 39.88 39.74 39.49 39.44 39.31 39.18 38.89 39.22 39.03 38.49 38.22 37.92 37.58 36.96 36.58 36.34 36.06 35.65 35.57 35.78 35.51 35.92 35.69 35.48 35.14 34.92 35.09 35.48 35.56 35.67 36.05 36.08 35.95 35.68 35.83 35.73 35.63 35.73 35.55 35.14 34.95 34.98 35.10 35.13 35.24 35.14 35.17 35.34 35.49 35.81 36.19 36.18 36.04 35.85 35.78 35.58 35.42 35.24 35.19 34.80 34.74 34.62 34.52 34.20 34.16 33.97 33.72 33.22 32.80 33.18 32.93 31.86 31.93
40.16 40.13 40.10 40.01 39.91 39.86 39.72 39.50 39.38 39.18 39.09 39.43 38.68 38.99 38.70 38.45 37.88 37.17 36.79 36.66 36.21 35.94 36.40 36.36 36.37 36.25 36.01 35.73 35.37 35.15 35.21 35.62 35.92 35.84 35.94 35.95 35.72 35.85 35.86 35.67 35.68 35.63 35.52 35.11 34.86 34.99 34.85 35.14 35.33 35.33 35.52 35.80 36.10 36.02 36.18 36.23 36.18 36.03 35.96 35.82 35.72 35.50 35.57 35.16 35.05 34.98 34.84 34.67 34.48 34.17 33.96 33.70 33.63 33.52 33.00 32.72 32.08
40.18 40.07 40.08 40.02 39.96 39.84 39.68 39.56 39.50 39.47 39.42 39.51 38.92 38.13 38.05 37.97 37.42 36.97 37.01 36.73 36.31 36.72 36.66 36.74 36.59 36.25 36.00 35.54 35.44 35.22 35.24 35.96 35.61 35.93 35.75 35.76 35.48 35.77 35.21 35.48 35.58 35.52 35.35 34.98 34.62 34.73 34.89 35.24 35.21 35.38 35.46 35.56 35.83 36.11 36.37 36.53 36.37 36.24 36.05 35.97 35.81 35.74 35.70 35.57 35.52 35.28 35.17 34.97 34.72 34.52 34.24 34.07 33.92 33.64 33.41 33.20 32.74
40.18 40.10 40.03 39.96 39.87 39.85 39.77 39.65 39.59 39.61 39.46 39.38 39.27 37.89 38.10 37.59 37.48 37.25 37.07 36.84 36.66 36.75 36.95 36.72 36.68 36.25 35.93 35.63 35.37 35.20 35.23 35.89 35.93 35.48 35.58 35.76 35.43 35.11 35.10 35.47 35.42 35.25 35.15 34.79 34.66 34.70 35.13 35.04 35.17 35.22 35.57 35.74 36.03 36.35 36.64 36.54 36.41 36.36 36.22 36.12 36.05 35.97 35.86 35.70 35.65 35.59 35.46 35.23 35.05 34.90 34.67 34.34 34.29 34.20 33.70 33.71 33.48
40.24 40.10 40.10 40.08 40.03 39.94 39.85 39.71 39.79 39.60 39.41 39.33 39.15 39.11 38.86 38.67 38.56 38.40 37.40 37.17 36.95 36.92 37.01 37.17 36.27 36.49 36.22 35.85 35.53 35.56 35.50 35.70 35.67 35.41 35.75 35.50 35.08 34.95 35.24 35.27 35.04 34.62 34.88 34.74 34.77 35.00 35.22 34.94 35.15 35.25 35.69 35.97 36.24 36.45 36.57 36.69 36.61 36.56 36.45 36.31 36.31 36.21 36.09 36.02 35.90 35.75 35.72 35.62 35.47 35.16 34.96 34.75 34.47 34.52 34.28 33.95 33.74
40.21 40.19 40.15 40.10 40.08 40.00 39.86 39.83 39.72 39.59 39.57 39.49 39.28 39.26 39.02 38.91 38.70 38.44 37.41 37.76 37.39 36.93 37.53 37.09 36.67 36.60 36.18 36.06 36.04 35.64 35.39 35.51 35.49 35.56 35.33 35.12 34.79 35.02 35.23 35.16 35.04 34.95 34.99 35.03 35.03 35.07 34.86 34.97 35.20 35.41 35.68 36.01 36.23 36.49 36.80 36.91 36.84 36.79 36.59 36.53 36.51 36.42 36.31 36.25 36.07 36.06 35.95 35.83 35.75 35.59 35.41 35.10 34.93 34.78 34.62 34.18 34.08
40.35 40.28 40.21 40.09 40.09 40.05 39.88 39.93 39.84 39.71 39.68 39.47 39.45 39.31 39.20 39.02 38.81 38.61 38.46 38.75 38.15 37.73 37.52 37.58 37.21 36.69 36.66 36.19 36.05 35.96 35.56 35.31 35.26 35.37 34.85 34.91 34.83 35.24 35.39 35.28 35.19 35.19 35.03 35.16 35.02 35.01 34.86 35.12 35.35 35.57 35.81 36.02 36.27 36.63 36.91 37.02 36.99 36.94 36.84 36.79 36.70 36.62 36.55 36.50 36.21 36.02 36.08 36.00 35.95 35.87 35.78 35.49 35.33 35.20 34.87 34.46 34.47
40.38 40.25 40.17 40.19 40.04 39.98 39.95 39.90 39.89 39.82 39.61 39.60 39.52 39.39 39.23 39.13 38.95 38.95 39.11 38.83 38.70 38.16 37.47 37.63 37.55 37.30 36.85 36.56 36.23 36.39 35.90 35.68 35.59 35.38 35.54 35.30 34.94 35.45 35.57 35.51 35.25 35.32 35.29 35.09 34.90 34.92 35.09 35.26 35.35 35.62 35.93 36.16 36.42 36.72 36.93 37.19 37.11 37.09 37.05 36.98 36.98 36.89 36.80 36.58 36.13 36.21 36.36 36.23 36.20 36.05 36.03 35.88 35.72 35.45 34.97 34.78 34.78
40.30 40.26 40.28 40.13 40.08 40.01 40.00 40.02 39.95 39.74 39.76 39.65 39.55 39.51 39.38 39.30 39.14 39.30 39.03 38.77 38.62 38.21 37.83 37.71 38.32 37.47 36.95 37.14 36.88 36.42 36.03 35.97 35.99 36.02 35.91 35.63 35.53 35.96 35.96 35.62 35.51 35.33 35.24 35.07 35.22 35.14 35.24 35.37 35.69 35.75 35.94 36.24 36.51 36.86 37.11 37.25 37.29 37.41 37.27 37.20 37.17 37.06 36.97 36.67 36.63 36.52 36.34 36.48 36.43 36.28 36.25 36.07 35.88 35.84 35.42 34.75 35.02
40.33 40.24 40.18 40.13 40.08 40.10 40.10 39.99 39.95 39.88 39.76 39.73 39.77 39.63 39.57 39.42 39.38 39.39 39.30 39.15 39.08 39.19 38.19 38.73 37.76 37.51 37.40 37.20 36.80 36.53 36.35 36.23 36.20 36.21 36.14 36.01 35.70 35.80 36.16 35.96 35.77 35.68 35.49 35.53 35.51 35.36 35.52 35.60 35.82 36.04 36.18 36.47 36.58 36.85 37.02 37.29 37.48 37.40 37.39 37.37 37.34 37.20 37.10 36.98 36.75 36.58 36.52 36.53 36.56 36.33 36.40 36.28 36.25 36.12 35.91 35.75 35.30
40.26 40.24 40.21 40.16 40.18 40.17 40.06 39.99 39.82 39.85 39.81 39.88 39.84 39.71 39.74 39.61 39.49 39.52 39.46 39.54 39.17 38.92 38.98 39.12 38.84 38.29 38.38 37.86 37.44 37.45 37.06 36.60 36.38 36.38 36.33 36.21 35.74 36.02 36.42 36.51 36.10 35.79 35.80 35.61 35.71 35.74 35.72 35.81 36.04 35.96 36.18 36.25 36.35 36.46 36.98 37.35 37.53 37.42 37.35 37.45 37.34 37.40 37.37 37.28 37.13 36.99 36.67 36.81 36.75 36.71 36.67 36.63 36.49 36.30 36.14 35.93 35.82
