datasets/raw/temp/2019110520191105.grid
ncols 886
nrows 691
xllcenter 112.0000
yllcenter -44.5000
cellsize 0.0500
nodata_value 99999.90
[rows 0 to 33 of 691, columns 231 to 307 of 886]
30.28 30.30 30.32 30.33 30.35 30.37 30.39 30.40 30.41 30.44 30.45 30.46 30.48 30.49 30.51 30.52 30.54 30.55 30.56 30.57 30.58 30.59 30.60 30.61 30.61 30.62 30.62 30.62 30.62 30.62 30.61 30.61 30.60 30.59 30.59 30.58 30.57 30.57 30.56 30.55 30.54 30.52 30.51 30.49 30.48 30.46 30.45 30.43 30.41 30.39 30.37 30.36 30.33 30.32 30.29 30.28 30.25 30.24 30.21 30.20 30.17 30.16 30.13 30.12 30.10 30.08 30.06 30.05 30.03 30.01 29.99 29.98 29.96 29.95 29.93 29.93 29.91
30.28 30.30 30.31 30.34 30.35 30.37 30.39 30.40 30.42 30.44 30.45 30.47 30.49 30.50 30.51 30.52 30.55 30.56 30.56 30.58 30.59 30.60 30.61 30.62 30.62 30.62 30.63 30.63 30.64 30.63 30.63 30.63 30.62 30.62 30.62 30.61 30.61 30.60 30.58 30.58 30.56 30.55 30.54 30.52 30.51 30.49 30.48 30.46 30.45 30.42 30.40 30.39 30.36 30.35 30.32 30.31 30.28 30.27 30.24 30.23 30.20 30.19 30.16 30.15 30.12 30.11 30.10 30.07 30.06 30.04 30.02 30.00 29.99 29.97 29.96 29.94 29.93
30.29 30.30 30.31 30.33 30.35 30.37 30.39 30.41 30.42 30.44 30.46 30.47 30.49 30.51 30.52 30.53 30.55 30.56 30.57 30.59 30.60 30.61 30.61 30.63 30.63 30.64 30.64 30.64 30.64 30.65 30.64 30.65 30.64 30.64 30.64 30.63 30.62 30.62 30.61 30.60 30.59 30.58 30.57 30.55 30.54 30.52 30.51 30.49 30.48 30.45 30.44 30.42 30.40 30.38 30.36 30.34 30.32 30.30 30.28 30.26 30.24 30.22 30.20 30.17 30.16 30.14 30.12 30.11 30.08 30.07 30.05 30.03 30.01 30.00 29.99 29.97 29.95
30.28 30.30 30.32 30.33 30.36 30.37 30.39 30.41 30.43 30.44 30.45 30.48 30.49 30.51 30.53 30.54 30.55 30.57 30.58 30.59 30.61 30.62 30.62 30.64 30.64 30.64 30.66 30.66 30.67 30.67 30.66 30.67 30.67 30.66 30.66 30.66 30.66 30.65 30.63 30.63 30.62 30.61 30.60 30.59 30.57 30.55 30.54 30.52 30.51 30.49 30.47 30.45 30.44 30.42 30.40 30.38 30.35 30.34 30.31 30.30 30.27 30.25 30.23 30.21 30.20 30.17 30.16 30.13 30.12 30.09 30.08 30.05 30.04 30.03 30.00 29.99 29.97
30.28 30.30 30.32 30.33 30.35 30.37 30.39 30.40 30.43 30.44 30.46 30.48 30.50 30.51 30.53 30.55 30.56 30.58 30.59 30.60 30.62 30.63 30.63 30.65 30.66 30.66 30.67 30.68 30.68 30.69 30.69 30.69 30.69 30.68 30.69 30.68 30.68 30.67 30.66 30.66 30.65 30.64 30.63 30.62 30.60 30.59 30.57 30.56 30.54 30.53 30.51 30.49 30.47 30.45 30.43 30.41 30.39 30.37 30.35 30.33 30.31 30.28 30.27 30.25 30.23 30.21 30.18 30.17 30.14 30.13 30.11 30.08 30.07 30.04 30.03 30.02 29.99
30.28 30.29 30.32 30.33 30.35 30.38 30.39 30.41 30.43 30.45 30.46 30.49 30.50 30.52 30.54 30.55 30.57 30.59 30.60 30.61 30.63 30.64 30.65 30.67 30.67 30.68 30.69 30.69 30.71 30.71 30.71 30.72 30.71 30.72 30.71 30.71 30.71 30.70 30.70 30.69 30.68 30.67 30.66 30.65 30.64 30.62 30.61 30.59 30.57 30.56 30.55 30.52 30.51 30.49 30.47 30.45 30.43 30.40 30.39 30.37 30.34 30.33 30.30 30.28 30.26 30.24 30.22 30.20 30.18 30.16 30.13 30.12 30.10 30.07 30.06 30.03 30.02
30.28 30.29 30.31 30.33 30.35 30.38 30.39 30.41 30.43 30.45 30.47 30.48 30.51 30.52 30.55 30.56 30.58 30.60 30.61 30.62 30.64 30.65 30.66 30.68 30.69 30.70 30.71 30.71 30.73 30.73 30.73 30.74 30.74 30.74 30.74 30.73 30.73 30.73 30.73 30.72 30.71 30.70 30.70 30.68 30.67 30.66 30.65 30.63 30.62 30.59 30.58 30.56 30.55 30.53 30.51 30.49 30.46 30.45 30.42 30.40 30.39 30.36 30.34 30.32 30.29 30.28 30.26 30.23 30.21 30.18 30.17 30.15 30.12 30.10 30.08 30.06 30.04
30.27 30.29 30.31 30.33 30.35 30.37 30.39 30.41 30.43 30.46 30.47 30.49 30.51 30.53 30.55 30.57 30.59 30.61 30.62 30.64 30.66 30.67 30.68 30.70 30.71 30.72 30.73 30.73 30.75 30.75 30.76 30.76 30.76 30.77 30.76 30.77 30.76 30.76 30.76 30.76 30.74 30.73 30.73 30.71 30.71 30.70 30.68 30.67 30.65 30.64 30.62 30.60 30.58 30.57 30.55 30.52 30.51 30.48 30.46 30.45 30.42 30.40 30.38 30.35 30.34 30.32 30.29 30.27 30.24 30.22 30.20 30.17 30.15 30.13 30.11 30.08 30.06
30.26 30.29 30.30 30.33 30.35 30.37 30.39 30.41 30.43 30.46 30.48 30.49 30.52 30.54 30.56 30.58 30.60 30.62 30.63 30.65 30.67 30.68 30.70 30.71 30.72 30.74 30.75 30.75 30.77 30.77 30.78 30.78 30.79 30.79 30.80 30.79 30.79 30.79 30.78 30.78 30.77 30.77 30.76 30.75 30.74 30.73 30.71 30.71 30.70 30.67 30.66 30.64 30.63 30.60 30.59 30.57 30.54 30.53 30.51 30.48 30.46 30.45 30.42 30.40 30.38 30.35 30.33 30.31 30.28 30.26 30.24 30.20 30.18 30.16 30.13 30.11 30.09
30.26 30.28 30.30 30.32 30.35 30.37 30.40 30.41 30.43 30.46 30.48 30.50 30.53 30.54 30.57 30.59 30.61 30.63 30.65 30.67 30.68 30.70 30.72 30.73 30.75 30.76 30.76 30.78 30.79 30.80 30.80 30.81 30.82 30.82 30.82 30.82 30.83 30.82 30.82 30.82 30.82 30.80 30.80 30.79 30.78 30.77 30.76 30.74 30.73 30.71 30.70 30.69 30.66 30.65 30.62 30.61 30.59 30.58 30.55 30.53 30.50 30.48 30.46 30.44 30.41 30.39 30.37 30.34 30.32 30.29 30.26 30.24 30.22 30.19 30.16 30.14 30.11
30.25 30.28 30.30 30.32 30.35 30.37 30.40 30.42 30.44 30.47 30.48 30.51 30.53 30.55 30.58 30.60 30.61 30.64 30.66 30.68 30.70 30.71 30.73 30.74 30.76 30.77 30.78 30.80 30.81 30.82 30.83 30.84 30.84 30.84 30.85 30.85 30.86 30.85 30.85 30.85 30.85 30.84 30.84 30.82 30.82 30.81 30.80 30.79 30.77 30.76 30.75 30.73 30.71 30.69 30.67 30.66 30.63 30.61 30.60 30.57 30.55 30.53 30.51 30.48 30.46 30.43 30.40 30.38 30.36 30.33 30.30 30.27 30.25 30.22 30.19 30.16 30.14
30.25 30.28 30.30 30.31 30.35 30.37 30.40 30.42 30.44 30.47 30.49 30.52 30.54 30.56 30.59 30.61 30.63 30.65 30.67 30.69 30.71 30.73 30.75 30.76 30.78 30.79 30.81 30.82 30.84 30.84 30.85 30.86 30.87 30.88 30.88 30.89 30.88 30.89 30.89 30.89 30.88 30.88 30.87 30.87 30.86 30.85 30.84 30.83 30.82 30.80 30.79 30.78 30.75 30.74 30.72 30.70 30.68 30.66 30.64 30.62 30.60 30.58 30.54 30.52 30.50 30.48 30.44 30.42 30.40 30.36 30.34 30.31 30.28 30.26 30.22 30.19 30.16
30.24 30.27 30.29 30.32 30.35 30.37 30.40 30.42 30.45 30.47 30.49 30.52 30.54 30.56 30.59 30.61 30.64 30.66 30.68 30.70 30.72 30.75 30.76 30.78 30.80 30.81 30.83 30.84 30.86 30.87 30.88 30.89 30.90 30.90 30.92 30.92 30.91 30.92 30.92 30.92 30.92 30.92 30.92 30.91 30.90 30.89 30.88 30.88 30.86 30.85 30.84 30.82 30.81 30.79 30.77 30.75 30.73 30.71 30.69 30.67 30.64 30.62 30.59 30.57 30.55 30.51 30.49 30.46 30.44 30.41 30.38 30.35 30.32 30.29 30.25 30.22 30.19
30.24 30.27 30.29 30.32 30.35 30.37 30.40 30.42 30.45 30.48 30.50 30.53 30.55 30.58 30.60 30.62 30.65 30.67 30.70 30.72 30.74 30.76 30.77 30.80 30.81 30.84 30.85 30.87 30.88 30.89 30.91 30.91 30.93 30.93 30.94 30.95 30.95 30.95 30.96 30.96 30.96 30.96 30.95 30.95 30.94 30.94 30.92 30.92 30.91 30.89 30.88 30.87 30.85 30.83 30.82 30.80 30.78 30.76 30.74 30.71 30.69 30.67 30.64 30.62 30.59 30.56 30.54 30.51 30.48 30.44 30.42 30.39 30.36 30.32 30.29 30.25 30.21
30.24 30.27 30.29 30.32 30.34 30.38 30.40 30.42 30.45 30.48 30.51 30.53 30.55 30.58 30.61 30.64 30.66 30.69 30.71 30.73 30.75 30.77 30.80 30.81 30.84 30.85 30.88 30.89 30.90 30.92 30.93 30.95 30.95 30.97 30.97 30.99 30.99 31.00 30.99 31.00 31.00 31.00 31.00 30.99 30.99 30.98 30.98 30.97 30.95 30.95 30.94 30.92 30.90 30.89 30.88 30.85 30.83 30.81 30.79 30.76 30.74 30.72 30.70 30.67 30.64 30.61 30.58 30.56 30.53 30.49 30.46 30.43 30.39 30.36 30.32 30.29 30.24
30.23 30.26 30.29 30.32 30.34 30.38 30.40 30.43 30.45 30.48 30.51 30.53 30.57 30.59 30.61 30.64 30.66 30.70 30.72 30.75 30.77 30.79 30.81 30.83 30.86 30.87 30.90 30.91 30.93 30.94 30.96 30.97 30.99 31.00 31.01 31.02 31.03 31.03 31.04 31.04 31.04 31.05 31.04 31.04 31.03 31.03 31.03 31.01 31.01 31.00 30.98 30.97 30.96 30.94 30.92 30.91 30.89 30.86 30.84 30.82 30.80 30.78 30.75 30.72 30.69 30.66 30.63 30.60 30.57 30.54 30.50 30.47 30.43 30.40 30.36 30.32 30.27
30.24 30.26 30.28 30.32 30.34 30.37 30.40 30.43 30.45 30.49 30.51 30.54 30.57 30.59 30.62 30.65 30.68 30.70 30.73 30.76 30.79 30.81 30.83 30.85 30.87 30.90 30.91 30.94 30.95 30.98 30.99 31.01 31.02 31.04 31.04 31.06 31.06 31.07 31.08 31.08 31.08 31.09 31.09 31.09 31.09 31.09 31.07 31.07 31.06 31.05 31.04 31.03 31.01 31.00 30.98 30.97 30.95 30.92 30.90 30.88 30.86 30.83 30.80 30.77 30.74 30.72 30.69 30.65 30.62 30.59 30.55 30.51 30.47 30.43 30.39 30.35 30.32
30.23 30.25 30.29 30.31 30.33 30.37 30.39 30.43 30.45 30.49 30.51 30.54 30.57 30.60 30.63 30.66 30.69 30.71 30.74 30.76 30.80 30.82 30.85 30.87 30.90 30.92 30.94 30.96 30.99 31.00 31.02 31.04 31.05 31.07 31.08 31.09 31.11 31.11 31.12 31.12 31.13 31.14 31.13 31.14 31.13 31.13 31.13 31.12 31.11 31.11 31.10 31.08 31.07 31.06 31.04 31.03 31.00 30.98 30.96 30.94 30.92 30.89 30.86 30.83 30.80 30.77 30.74 30.71 30.67 30.64 30.60 30.55 30.51 30.47 30.43 30.39 30.36
30.22 30.25 30.28 30.30 30.34 30.36 30.40 30.42 30.46 30.48 30.52 30.54 30.58 30.60 30.64 30.66 30.69 30.72 30.75 30.78 30.81 30.84 30.86 30.89 30.91 30.94 30.96 30.99 31.01 31.03 31.05 31.07 31.09 31.11 31.12 31.13 31.14 31.16 31.16 31.17 31.18 31.18 31.19 31.18 31.19 31.19 31.18 31.18 31.17 31.17 31.15 31.14 31.13 31.12 31.10 31.08 31.06 31.04 31.02 31.00 30.98 30.95 30.92 30.89 30.86 30.83 30.80 30.76 30.73 30.69 30.65 30.61 30.57 30.52 30.48 30.45 30.41
30.21 30.24 30.27 30.30 30.33 30.36 30.39 30.42 30.45 30.49 30.51 30.54 30.58 30.60 30.64 30.67 30.70 30.73 30.76 30.79 30.83 30.85 30.88 30.91 30.94 30.96 30.99 31.01 31.04 31.06 31.08 31.10 31.12 31.14 31.16 31.17 31.19 31.20 31.21 31.21 31.23 31.24 31.23 31.24 31.25 31.24 31.24 31.24 31.24 31.22 31.22 31.21 31.20 31.18 31.16 31.15 31.13 31.11 31.09 31.07 31.04 31.01 30.98 30.95 30.92 30.89 30.85 30.82 30.78 30.74 30.70 30.66 30.61 30.57 30.53 30.49 30.45
30.20 30.23 30.26 30.29 30.32 30.35 30.38 30.42 30.44 30.48 30.51 30.55 30.57 30.61 30.64 30.68 30.71 30.74 30.77 30.81 30.83 30.87 30.90 30.93 30.95 30.99 31.01 31.04 31.06 31.09 31.11 31.14 31.16 31.18 31.19 31.22 31.23 31.24 31.26 31.27 31.28 31.28 31.29 31.30 31.30 31.30 31.30 31.30 31.29 31.29 31.28 31.27 31.26 31.24 31.23 31.22 31.20 31.18 31.16 31.14 31.11 31.08 31.05 31.02 30.98 30.95 30.91 30.88 30.84 30.80 30.75 30.71 30.66 30.62 30.58 30.54 30.50
30.20 30.22 30.26 30.28 30.32 30.34 30.38 30.41 30.45 30.47 30.51 30.54 30.58 30.61 30.65 30.68 30.72 30.75 30.79 30.81 30.85 30.88 30.92 30.94 30.98 31.01 31.04 31.06 31.10 31.12 31.15 31.17 31.20 31.21 31.24 31.25 31.27 31.30 31.30 31.32 31.33 31.34 31.35 31.35 31.36 31.36 31.36 31.36 31.36 31.36 31.35 31.33 31.33 31.31 31.30 31.29 31.27 31.25 31.23 31.21 31.18 31.14 31.11 31.09 31.05 31.01 30.99 30.95 30.91 30.86 30.82 30.77 30.73 30.68 30.64 30.59 30.55
30.18 30.21 30.24 30.28 30.30 30.34 30.37 30.41 30.44 30.48 30.51 30.55 30.58 30.62 30.65 30.69 30.72 30.76 30.79 30.83 30.86 30.90 30.93 30.97 31.00 31.03 31.06 31.10 31.12 31.15 31.18 31.21 31.23 31.26 31.27 31.30 31.32 31.34 31.36 31.37 31.38 31.40 31.40 31.41 31.42 31.43 31.42 31.43 31.43 31.43 31.42 31.41 31.40 31.39 31.38 31.36 31.34 31.32 31.30 31.28 31.25 31.23 31.20 31.16 31.13 31.09 31.05 31.01 30.97 30.92 30.87 30.83 30.78 30.73 30.69 30.64 30.60
30.16 30.20 30.22 30.26 30.30 30.33 30.36 30.39 30.43 30.46 30.51 30.54 30.58 30.61 30.65 30.69 30.73 30.76 30.80 30.83 30.88 30.91 30.95 30.98 31.02 31.05 31.09 31.12 31.15 31.18 31.22 31.24 31.27 31.30 31.32 31.35 31.37 31.39 31.41 31.42 31.44 31.45 31.47 31.48 31.49 31.49 31.49 31.50 31.50 31.50 31.49 31.48 31.47 31.46 31.45 31.44 31.42 31.40 31.38 31.36 31.33 31.30 31.27 31.24 31.20 31.16 31.12 31.07 31.02 30.98 30.93 30.89 30.84 30.80 30.75 30.70 30.66
30.15 30.18 30.21 30.24 30.28 30.32 30.35 30.39 30.42 30.46 30.49 30.54 30.57 30.61 30.65 30.69 30.73 30.77 30.80 30.85 30.89 30.93 30.96 31.00 31.05 31.08 31.11 31.15 31.19 31.22 31.25 31.28 31.32 31.34 31.37 31.39 31.42 31.45 31.46 31.48 31.50 31.51 31.53 31.55 31.55 31.56 31.57 31.57 31.57 31.56 31.56 31.56 31.55 31.54 31.53 31.52 31.50 31.48 31.46 31.43 31.41 31.38 31.34 31.31 31.27 31.22 31.18 31.14 31.09 31.05 31.00 30.95 30.90 30.85 30.80 30.75 30.72
30.13 30.16 30.19 30.23 30.26 30.30 30.34 30.37 30.41 30.45 30.49 30.52 30.57 30.61 30.65 30.70 30.73 30.78 30.82 30.86 30.90 30.94 30.98 31.03 31.06 31.10 31.14 31.18 31.21 31.25 31.28 31.32 31.36 31.39 31.42 31.44 31.47 31.50 31.52 31.54 31.56 31.58 31.60 31.61 31.62 31.63 31.64 31.65 31.64 31.64 31.64 31.64 31.63 31.62 31.61 31.60 31.58 31.56 31.54 31.51 31.48 31.45 31.41 31.37 31.34 31.30 31.25 31.20 31.15 31.11 31.06 31.02 30.97 30.92 30.87 30.82 30.77
30.11 30.14 30.18 30.21 30.25 30.29 30.32 30.36 30.40 30.44 30.48 30.52 30.57 30.60 30.65 30.69 30.74 30.78 30.83 30.86 30.91 30.95 31.00 31.05 31.08 31.12 31.17 31.21 31.25 31.29 31.32 31.37 31.39 31.43 31.46 31.50 31.53 31.55 31.58 31.61 31.62 31.65 31.67 31.68 31.69 31.71 31.72 31.73 31.72 31.72 31.73 31.72 31.72 31.71 31.70 31.68 31.66 31.64 31.61 31.58 31.55 31.51 31.48 31.44 31.40 31.36 31.31 31.27 31.23 31.18 31.13 31.08 31.02 30.98 30.93 30.88 30.83
30.08 30.12 30.15 30.19 30.22 30.26 30.31 30.34 30.38 30.43 30.47 30.51 30.55 30.60 30.64 30.69 30.74 30.78 30.83 30.87 30.93 30.97 31.02 31.06 31.11 31.15 31.20 31.24 31.28 31.33 31.36 31.41 31.44 31.48 31.51 31.55 31.58 31.61 31.64 31.67 31.69 31.72 31.74 31.75 31.77 31.78 31.80 31.80 31.80 31.81 31.81 31.80 31.79 31.78 31.77 31.75 31.73 31.70 31.67 31.64 31.62 31.59 31.55 31.51 31.47 31.43 31.39 31.34 31.29 31.24 31.20 31.15 31.09 31.04 30.99 30.95 30.89
30.06 30.09 30.13 30.16 30.20 30.25 30.28 30.32 30.37 30.41 30.46 30.51 30.55 30.60 30.64 30.69 30.73 30.79 30.83 30.88 30.93 30.98 31.04 31.08 31.13 31.17 31.23 31.27 31.32 31.36 31.41 31.45 31.49 31.53 31.56 31.61 31.63 31.67 31.71 31.73 31.76 31.79 31.80 31.82 31.84 31.86 31.87 31.88 31.87 31.87 31.87 31.86 31.85 31.84 31.83 31.81 31.79 31.78 31.75 31.72 31.69 31.65 31.62 31.59 31.54 31.50 31.45 31.42 31.37 31.31 31.26 31.22 31.17 31.11 31.06 31.01 30.96
30.03 30.07 30.11 30.14 30.18 30.21 30.26 30.31 30.35 30.39 30.44 30.49 30.54 30.58 30.64 30.69 30.74 30.79 30.84 30.89 30.94 31.00 31.05 31.10 31.16 31.20 31.26 31.30 31.35 31.40 31.45 31.49 31.54 31.58 31.62 31.66 31.69 31.73 31.77 31.80 31.83 31.85 31.88 31.89 31.90 31.92 31.93 31.93 31.93 31.93 31.93 31.92 31.92 31.90 31.89 31.88 31.86 31.84 31.81 31.79 31.75 31.73 31.69 31.65 31.61 31.58 31.53 31.48 31.43 31.39 31.34 31.28 31.24 31.18 31.13 31.08 31.02
30.00 30.04 30.07 30.11 30.16 30.19 30.24 30.29 30.33 30.38 30.43 30.47 30.53 30.57 30.63 30.69 30.73 30.79 30.84 30.90 30.95 31.01 31.06 31.12 31.17 31.23 31.28 31.33 31.39 31.43 31.49 31.53 31.58 31.62 31.67 31.72 31.75 31.79 31.83 31.85 31.88 31.91 31.93 31.94 31.96 31.97 31.98 31.99 31.99 32.00 32.00 31.98 31.98 31.98 31.96 31.95 31.93 31.91 31.88 31.86 31.83 31.80 31.76 31.72 31.69 31.65 31.61 31.56 31.51 31.46 31.42 31.36 31.30 31.26 31.20 31.13 31.08
29.96 30.00 30.04 30.08 30.12 30.16 30.21 30.25 30.30 30.36 30.40 30.46 30.51 30.56 30.62 30.67 30.73 30.79 30.84 30.91 30.96 31.02 31.07 31.14 31.20 31.25 31.31 31.36 31.42 31.47 31.53 31.58 31.63 31.68 31.72 31.77 31.80 31.84 31.88 31.90 31.93 31.96 31.98 31.99 32.01 32.03 32.04 32.05 32.06 32.06 32.06 32.06 32.05 32.04 32.03 32.02 32.00 31.98 31.96 31.93 31.90 31.88 31.84 31.80 31.77 31.73 31.68 31.64 31.59 31.54 31.49 31.44 31.37 31.32 31.26 31.20 31.14
29.92 29.96 30.01 30.04 30.09 30.14 30.18 30.23 30.28 30.33 30.38 30.44 30.50 30.55 30.61 30.66 30.73 30.79 30.84 30.91 30.97 31.03 31.09 31.15 31.22 31.28 31.34 31.40 31.46 31.51 31.57 31.62 31.67 31.73 31.77 31.81 31.86 31.89 31.92 31.95 31.98 32.01 32.04 32.05 32.07 32.09 32.10 32.11 32.12 32.12 32.12 32.12 32.12 32.11 32.10 32.08 32.08 32.06 32.03 32.00 31.98 31.95 31.91 31.88 31.84 31.80 31.76 31.71 31.67 31.61 31.56 31.50 31.44 31.38 31.32 31.26 31.20
29.88 29.92 29.96 30.00 30.05 30.10 30.14 30.20 30.25 30.31 30.36 30.42 30.48 30.53 30.60 30.66 30.72 30.79 30.84 30.91 30.98 31.04 31.11 31.17 31.24 31.30 31.37 31.43 31.50 31.55 31.61 31.67 31.71 31.77 31.81 31.86 31.90 31.93 31.97 32.01 32.03 32.06 32.09 32.12 32.13 32.15 32.16 32.17 32.18 32.19 32.19 32.19 32.18 32.18 32.17 32.16 32.14 32.12 32.11 32.08 32.05 32.03 31.99 31.95 31.91 31.87 31.83 31.78 31.73 31.67 31.62 31.56 31.50 31.44 31.38 31.32 31.26
