datasets/raw/temp/2019101220191012.grid
ncols 886
nrows 691
xllcenter 112.0000
yllcenter -44.5000
cellsize 0.0500
nodata_value 99999.90
[rows 238 to 271 of 691, columns 770 to 846 of 886]
27.51 27.34 27.18 27.04 26.88 26.74 26.59 26.45 26.31 26.16 26.01 25.82 25.65 25.49 25.33 25.19 25.05 24.92 24.79 24.67 24.56 24.45 24.34 24.24 24.14 24.04 23.95 23.86 23.77 23.70 23.63 23.57 23.51 23.45 23.40 23.36 23.30 23.26 23.22 23.18 23.14 23.12 23.08 23.05 23.03 23.01 22.98 22.96 22.95 22.92 22.91 22.92 22.93 22.92 22.93 22.94 22.95 22.97 22.98 22.99 23.00 23.01 23.03 23.04 23.06 23.08 23.11 23.13 23.16 23.18 23.21 23.24 23.28 23.31 23.34 23.38 23.42
27.49 27.33 27.17 27.01 26.86 26.71 26.55 26.41 26.26 26.12 25.97 25.80 25.62 25.45 25.30 25.15 25.01 24.87 24.74 24.63 24.52 24.41 24.30 24.20 24.10 24.00 23.91 23.83 23.74 23.67 23.60 23.54 23.48 23.42 23.38 23.33 23.29 23.24 23.20 23.16 23.13 23.10 23.06 23.04 23.01 22.99 22.97 22.95 22.93 22.92 22.91 22.91 22.91 22.92 22.93 22.94 22.96 22.97 22.98 22.98 23.00 23.01 23.03 23.05 23.07 23.09 23.11 23.13 23.16 23.19 23.22 23.25 23.28 23.31 23.35 23.39 23.42
27.47 27.31 27.14 26.98 26.82 26.67 26.51 26.36 26.22 26.07 25.92 25.75 25.58 25.41 25.25 25.11 24.96 24.82 24.71 24.58 24.47 24.36 24.26 24.16 24.06 23.97 23.88 23.79 23.71 23.64 23.57 23.51 23.46 23.40 23.35 23.31 23.27 23.23 23.19 23.15 23.11 23.08 23.06 23.02 23.00 22.98 22.96 22.94 22.92 22.91 22.90 22.90 22.91 22.92 22.94 22.95 22.95 22.96 22.98 22.99 23.01 23.02 23.04 23.06 23.07 23.09 23.11 23.14 23.17 23.20 23.23 23.25 23.28 23.32 23.36 23.39 23.43
27.45 27.28 27.11 26.95 26.79 26.62 26.46 26.30 26.15 26.00 25.84 25.69 25.53 25.36 25.20 25.04 24.91 24.78 24.65 24.53 24.42 24.31 24.21 24.11 24.02 23.93 23.84 23.76 23.67 23.60 23.54 23.48 23.43 23.38 23.33 23.29 23.24 23.20 23.17 23.13 23.09 23.07 23.04 23.02 22.99 22.97 22.96 22.93 22.92 22.91 22.90 22.91 22.91 22.92 22.93 22.94 22.95 22.97 22.98 23.00 23.01 23.03 23.05 23.07 23.08 23.10 23.12 23.15 23.17 23.20 23.23 23.26 23.29 23.33 23.36 23.40 23.44
27.41 27.24 27.07 26.90 26.73 26.57 26.40 26.23 26.07 25.91 25.76 25.60 25.45 25.27 25.12 24.97 24.83 24.70 24.58 24.46 24.36 24.26 24.16 24.06 23.97 23.89 23.80 23.72 23.64 23.57 23.51 23.46 23.40 23.36 23.30 23.26 23.22 23.18 23.15 23.11 23.09 23.05 23.03 23.00 22.98 22.96 22.94 22.93 22.92 22.91 22.89 22.90 22.91 22.92 22.93 22.95 22.96 22.97 22.99 23.00 23.02 23.04 23.05 23.06 23.08 23.11 23.13 23.16 23.17 23.20 23.23 23.27 23.30 23.33 23.36 23.39 23.43
27.37 27.19 27.01 26.84 26.67 26.49 26.31 26.14 25.98 25.81 25.65 25.49 25.33 25.18 25.01 24.88 24.74 24.62 24.50 24.39 24.29 24.18 24.10 24.01 23.93 23.84 23.76 23.68 23.61 23.54 23.48 23.43 23.37 23.33 23.28 23.24 23.20 23.16 23.13 23.10 23.07 23.05 23.02 23.00 22.97 22.95 22.94 22.93 22.91 22.90 22.90 22.91 22.92 22.93 22.94 22.95 22.97 22.98 22.99 23.01 23.03 23.04 23.05 23.07 23.09 23.11 23.14 23.16 23.18 23.21 23.24 23.27 23.30 23.33 23.37 23.40 23.44
27.32 27.14 26.95 26.76 26.59 26.40 26.23 26.05 25.88 25.70 25.54 25.38 25.21 25.05 24.89 24.75 24.62 24.51 24.40 24.30 24.20 24.11 24.02 23.95 23.86 23.79 23.72 23.64 23.58 23.51 23.45 23.40 23.35 23.31 23.26 23.22 23.18 23.14 23.12 23.08 23.05 23.03 23.01 22.98 22.97 22.95 22.93 22.92 22.91 22.90 22.90 22.91 22.92 22.94 22.95 22.96 22.97 22.99 23.00 23.02 23.03 23.05 23.07 23.08 23.10 23.12 23.15 23.17 23.19 23.22 23.25 23.27 23.30 23.34 23.38 23.40 23.44
27.26 27.06 26.88 26.69 26.50 26.31 26.13 25.94 25.76 25.58 25.42 25.24 25.07 24.90 24.75 24.60 24.48 24.37 24.28 24.19 24.10 24.02 23.94 23.88 23.80 23.73 23.66 23.60 23.54 23.47 23.41 23.37 23.32 23.28 23.24 23.20 23.17 23.13 23.10 23.06 23.04 23.02 22.99 22.98 22.96 22.95 22.93 22.92 22.91 22.91 22.91 22.92 22.93 22.94 22.96 22.97 22.98 23.00 23.01 23.03 23.04 23.06 23.08 23.09 23.11 23.13 23.15 23.18 23.20 23.23 23.26 23.29 23.31 23.35 23.37 23.41 23.45
27.17 27.00 26.79 26.60 26.40 26.21 26.01 25.83 25.64 25.46 25.27 25.10 24.93 24.76 24.60 24.45 24.31 24.21 24.12 24.05 23.98 23.92 23.85 23.79 23.73 23.67 23.61 23.56 23.49 23.44 23.38 23.34 23.29 23.25 23.22 23.18 23.15 23.11 23.09 23.06 23.04 23.01 22.99 22.97 22.95 22.94 22.93 22.92 22.91 22.92 22.92 22.93 22.94 22.95 22.97 22.98 22.99 23.00 23.02 23.03 23.05 23.07 23.09 23.11 23.12 23.14 23.16 23.19 23.20 23.23 23.26 23.29 23.32 23.35 23.37 23.41 23.44
27.12 26.85 25.86 26.50 26.29 26.10 25.90 25.70 25.52 25.32 25.14 24.95 24.78 24.61 24.44 24.29 24.14 24.02 23.95 23.89 23.84 23.79 23.75 23.70 23.65 23.61 23.56 23.50 23.45 23.40 23.35 23.31 23.26 23.23 23.19 23.16 23.12 23.10 23.07 23.05 23.02 23.00 22.99 22.96 22.95 22.94 22.93 22.92 22.92 22.93 22.94 22.94 22.95 22.96 22.99 23.00 23.00 23.01 23.03 23.04 23.06 23.08 23.09 23.11 23.13 23.16 23.17 23.19 23.22 23.24 23.27 23.30 23.32 23.35 23.38 23.41 23.44
27.04 26.64 25.40 26.05 26.19 25.98 25.78 25.57 25.38 25.18 24.99 24.81 24.62 24.45 24.28 24.13 23.97 23.84 23.75 23.70 23.67 23.64 23.61 23.59 23.55 23.52 23.49 23.45 23.41 23.37 23.32 23.29 23.25 23.20 23.17 23.14 23.11 23.08 23.06 23.03 23.02 23.00 22.98 22.96 22.95 22.94 22.93 22.93 22.94 22.95 22.95 22.97 22.97 22.98 23.00 23.01 23.02 23.03 23.05 23.06 23.08 23.09 23.11 23.12 23.14 23.16 23.18 23.20 23.22 23.25 23.27 23.30 23.32 23.35 23.38 23.41 23.44
26.96 26.74 25.81 25.64 25.32 25.77 25.64 25.44 25.24 25.04 24.84 24.65 24.47 24.29 24.12 23.96 23.81 23.67 23.55 23.49 23.48 23.48 23.47 23.46 23.45 23.43 23.42 23.39 23.36 23.33 23.30 23.26 23.23 23.19 23.16 23.13 23.09 23.08 23.05 23.03 23.01 23.00 22.97 22.96 22.95 22.95 22.95 22.96 22.96 22.96 22.97 22.98 22.99 23.00 23.01 23.02 23.03 23.04 23.05 23.07 23.08 23.10 23.12 23.14 23.15 23.17 23.19 23.21 23.23 23.26 23.27 23.30 23.33 23.36 23.39 23.41 23.45
26.88 26.64 26.41 25.99 25.96 25.73 25.51 25.30 25.09 24.89 24.69 24.50 24.31 24.14 23.96 23.80 23.65 23.50 23.37 23.27 23.27 23.29 23.31 23.32 23.33 23.34 23.33 23.32 23.31 23.29 23.27 23.23 23.21 23.18 23.15 23.12 23.10 23.07 23.05 23.03 23.01 23.00 22.99 22.98 22.98 22.97 22.97 22.97 22.97 22.98 22.98 23.00 23.01 23.02 23.03 23.04 23.05 23.06 23.07 23.09 23.10 23.12 23.12 23.14 23.16 23.18 23.20 23.22 23.24 23.26 23.29 23.30 23.33 23.36 23.39 23.41 23.44
26.78 26.55 26.30 25.98 25.84 25.61 25.38 25.17 24.95 24.75 24.54 24.34 24.16 23.98 23.80 23.64 23.48 23.33 23.20 23.09 23.04 23.07 23.12 23.17 23.21 23.23 23.24 23.25 23.25 23.24 23.23 23.21 23.19 23.16 23.15 23.12 23.10 23.07 23.06 23.04 23.03 23.01 23.01 23.00 22.99 22.99 22.99 22.99 23.00 23.00 23.01 23.01 23.02 23.03 23.05 23.06 23.07 23.08 23.09 23.10 23.11 23.12 23.14 23.16 23.18 23.19 23.21 23.23 23.25 23.27 23.29 23.32 23.33 23.36 23.38 23.41 23.44
26.54 26.44 26.19 25.82 25.68 25.49 25.25 25.04 24.82 24.60 24.40 24.20 24.01 23.83 23.65 23.49 23.33 23.18 23.05 22.93 22.84 22.85 22.92 23.00 23.05 23.11 23.14 23.17 23.19 23.20 23.19 23.19 23.17 23.16 23.13 23.12 23.10 23.08 23.07 23.05 23.04 23.03 23.02 23.01 23.01 23.00 23.01 23.01 23.01 23.02 23.03 23.03 23.04 23.05 23.06 23.07 23.09 23.09 23.10 23.11 23.12 23.14 23.16 23.17 23.18 23.20 23.22 23.23 23.26 23.27 23.30 23.31 23.34 23.36 23.38 23.41 23.43
26.28 26.14 26.00 25.77 25.28 25.21 24.30 24.90 24.68 24.47 24.25 24.05 23.87 23.68 23.50 23.33 23.18 23.03 22.89 22.77 22.67 22.63 22.71 22.81 22.90 22.99 23.04 23.09 23.12 23.14 23.15 23.15 23.15 23.15 23.13 23.12 23.10 23.09 23.08 23.07 23.05 23.04 23.04 23.04 23.03 23.03 23.03 23.04 23.04 23.04 23.04 23.06 23.06 23.07 23.08 23.08 23.09 23.10 23.11 23.13 23.14 23.15 23.17 23.19 23.19 23.21 23.22 23.25 23.26 23.28 23.30 23.32 23.34 23.37 23.38 23.40 23.42
26.34 25.61 25.75 25.64 25.28 24.76 24.28 24.78 24.55 24.33 24.12 23.92 23.72 23.54 23.36 23.19 23.04 22.89 22.75 22.63 22.52 22.45 22.49 22.61 22.74 22.85 22.93 23.00 23.05 23.09 23.11 23.13 23.13 23.13 23.13 23.12 23.11 23.10 23.09 23.08 23.07 23.07 23.06 23.05 23.05 23.06 23.05 23.05 23.06 23.06 23.07 23.08 23.08 23.09 23.10 23.10 23.12 23.12 23.13 23.14 23.16 23.17 23.18 23.20 23.21 23.23 23.23 23.26 23.27 23.29 23.30 23.32 23.34 23.36 23.38 23.40 23.43
25.48 25.53 25.43 25.48 25.12 24.46 24.71 24.66 24.44 24.21 24.00 23.80 23.60 23.41 23.24 23.06 22.91 22.77 22.63 22.51 22.40 22.31 22.28 22.41 22.57 22.71 22.82 22.91 22.98 23.04 23.08 23.10 23.11 23.12 23.13 23.13 23.11 23.12 23.11 23.10 23.09 23.08 23.09 23.08 23.08 23.08 23.08 23.09 23.09 23.09 23.10 23.10 23.10 23.11 23.12 23.13 23.14 23.15 23.16 23.16 23.17 23.18 23.20 23.20 23.22 23.24 23.24 23.26 23.27 23.30 23.31 23.32 23.34 23.36 23.38 23.40 23.41
25.89 25.76 25.31 25.40 25.03 24.71 24.48 24.56 24.32 24.10 23.88 23.68 23.49 23.30 23.12 22.95 22.80 22.64 22.52 22.40 22.29 22.20 22.14 22.22 22.39 22.56 22.70 22.81 22.91 22.97 23.03 23.06 23.10 23.11 23.12 23.13 23.13 23.13 23.12 23.12 23.12 23.11 23.11 23.11 23.10 23.11 23.11 23.11 23.11 23.11 23.12 23.12 23.13 23.14 23.15 23.15 23.16 23.17 23.17 23.18 23.19 23.20 23.21 23.22 23.23 23.25 23.25 23.27 23.28 23.29 23.31 23.33 23.34 23.35 23.37 23.39 23.40
26.01 24.94 24.34 25.35 25.13 24.38 24.71 24.46 24.22 24.00 23.79 23.58 23.37 23.18 23.01 22.85 22.69 22.55 22.42 22.30 22.19 22.11 22.04 22.05 22.23 22.42 22.58 22.73 22.83 22.92 22.99 23.04 23.08 23.11 23.12 23.13 23.14 23.15 23.15 23.14 23.15 23.14 23.13 23.14 23.14 23.14 23.14 23.14 23.14 23.15 23.15 23.16 23.16 23.16 23.17 23.17 23.18 23.18 23.19 23.20 23.21 23.22 23.22 23.23 23.24 23.25 23.26 23.28 23.29 23.30 23.32 23.33 23.34 23.35 23.37 23.38 23.40
26.04 25.31 24.89 25.03 24.94 24.76 24.64 24.39 24.15 23.91 23.69 23.49 23.28 23.10 22.92 22.75 22.60 22.45 22.33 22.22 22.12 22.04 21.98 21.96 22.07 22.28 22.47 22.63 22.77 22.87 22.96 23.02 23.07 23.11 23.13 23.15 23.16 23.16 23.17 23.17 23.18 23.17 23.18 23.17 23.17 23.17 23.17 23.17 23.18 23.18 23.18 23.18 23.19 23.19 23.20 23.20 23.20 23.21 23.22 23.22 23.23 23.23 23.24 23.24 23.26 23.26 23.28 23.28 23.29 23.30 23.32 23.33 23.34 23.35 23.36 23.38 23.39
26.24 25.95 24.37 25.26 24.85 24.85 24.57 24.32 24.07 23.85 23.63 23.42 23.22 23.02 22.85 22.68 22.53 22.39 22.27 22.16 22.06 21.99 21.94 21.90 21.95 22.14 22.37 22.55 22.70 22.83 22.92 23.01 23.07 23.11 23.14 23.17 23.18 23.19 23.21 23.20 23.21 23.21 23.21 23.22 23.21 23.22 23.22 23.21 23.22 23.22 23.22 23.22 23.22 23.23 23.23 23.23 23.23 23.24 23.24 23.25 23.24 23.25 23.25 23.26 23.26 23.28 23.28 23.29 23.29 23.31 23.32 23.33 23.34 23.35 23.36 23.36 23.37
26.11 26.01 25.53 25.20 24.47 24.78 24.53 24.28 24.03 23.80 23.58 23.36 23.16 22.97 22.79 22.62 22.48 22.34 22.22 22.12 22.04 21.97 21.93 21.90 21.90 22.04 22.27 22.47 22.65 22.80 22.91 22.99 23.07 23.12 23.16 23.20 23.22 23.23 23.24 23.25 23.25 23.26 23.26 23.26 23.26 23.27 23.27 23.26 23.27 23.26 23.27 23.26 23.26 23.27 23.26 23.26 23.26 23.27 23.26 23.26 23.27 23.26 23.27 23.27 23.28 23.28 23.29 23.30 23.30 23.31 23.32 23.32 23.33 23.34 23.34 23.35 23.36
26.40 25.59 25.58 25.19 24.44 24.71 24.52 24.26 24.01 23.78 23.55 23.34 23.12 22.93 22.75 22.58 22.43 22.31 22.20 22.11 22.02 21.97 21.93 21.92 21.93 21.99 22.19 22.42 22.61 22.77 22.89 23.00 23.08 23.15 23.19 23.24 23.26 23.28 23.29 23.30 23.31 23.32 23.33 23.32 23.32 23.32 23.32 23.32 23.32 23.31 23.32 23.31 23.30 23.31 23.30 23.30 23.30 23.30 23.30 23.29 23.29 23.29 23.29 23.29 23.30 23.30 23.30 23.30 23.30 23.31 23.31 23.32 23.33 23.33 23.33 23.34 23.35
26.47 26.00 25.71 25.32 24.43 24.81 24.54 24.28 24.03 23.79 23.55 23.33 23.10 22.91 22.73 22.56 22.41 22.29 22.20 22.11 22.04 22.00 21.97 21.96 21.98 22.02 22.16 22.38 22.58 22.76 22.90 23.02 23.11 23.18 23.24 23.28 23.32 23.34 23.36 23.37 23.38 23.39 23.39 23.39 23.39 23.39 23.39 23.38 23.38 23.38 23.37 23.36 23.36 23.35 23.34 23.34 23.33 23.33 23.33 23.31 23.32 23.31 23.31 23.31 23.30 23.30 23.31 23.31 23.31 23.30 23.31 23.31 23.32 23.32 23.32 23.33 23.34
26.32 26.19 25.20 25.22 24.84 24.73 24.62 24.34 24.08 23.82 23.57 23.33 23.11 22.91 22.72 22.56 22.41 22.30 22.20 22.13 22.08 22.04 22.02 22.03 22.06 22.10 22.20 22.37 22.57 22.76 22.93 23.06 23.16 23.24 23.30 23.35 23.39 23.42 23.44 23.46 23.47 23.47 23.48 23.48 23.47 23.47 23.47 23.46 23.46 23.45 23.44 23.43 23.41 23.41 23.40 23.39 23.38 23.36 23.36 23.35 23.34 23.33 23.33 23.32 23.32 23.31 23.31 23.31 23.31 23.31 23.31 23.30 23.31 23.31 23.31 23.31 23.31
26.18 26.30 25.85 25.44 24.95 24.87 24.72 24.43 24.15 23.87 23.61 23.37 23.13 22.93 22.74 22.57 22.44 22.33 22.24 22.17 22.13 22.11 22.11 22.12 22.16 22.21 22.29 22.41 22.59 22.79 22.96 23.10 23.22 23.32 23.38 23.44 23.48 23.51 23.54 23.55 23.57 23.57 23.57 23.58 23.57 23.57 23.56 23.56 23.54 23.53 23.51 23.50 23.49 23.47 23.45 23.44 23.42 23.41 23.39 23.38 23.38 23.36 23.35 23.34 23.33 23.32 23.32 23.32 23.31 23.30 23.30 23.30 23.30 23.30 23.29 23.30 23.29
26.72 26.16 25.81 25.59 25.02 25.04 24.58 24.55 24.25 23.95 23.68 23.42 23.18 22.95 22.76 22.60 22.46 22.36 22.29 22.24 22.21 22.20 22.20 22.23 22.27 22.34 22.43 22.53 22.67 22.85 23.03 23.18 23.30 23.40 23.48 23.55 23.60 23.64 23.65 23.68 23.69 23.70 23.70 23.70 23.69 23.68 23.67 23.66 23.64 23.63 23.60 23.59 23.57 23.54 23.52 23.50 23.48 23.46 23.44 23.42 23.40 23.39 23.37 23.36 23.34 23.33 23.33 23.32 23.32 23.30 23.30 23.29 23.29 23.28 23.29 23.28 23.27
27.11 25.60 25.07 25.46 25.59 25.35 24.98 24.68 24.36 24.06 23.76 23.49 23.24 23.00 22.81 22.64 22.51 22.43 22.36 22.32 22.30 22.30 22.32 22.35 22.41 22.48 22.56 22.67 22.80 22.96 23.12 23.28 23.41 23.53 23.61 23.68 23.73 23.77 23.80 23.82 23.83 23.84 23.84 23.84 23.83 23.81 23.80 23.78 23.76 23.74 23.71 23.68 23.65 23.62 23.59 23.57 23.54 23.51 23.49 23.46 23.44 23.42 23.40 23.38 23.37 23.36 23.33 23.33 23.31 23.31 23.29 23.29 23.28 23.27 23.27 23.26 23.25
27.44 26.70 25.50 25.68 25.62 25.44 25.17 24.83 24.50 24.18 23.88 23.59 23.32 23.07 22.86 22.70 22.58 22.50 22.45 22.43 22.42 22.42 22.44 22.49 22.55 22.62 22.71 22.83 22.95 23.09 23.25 23.41 23.56 23.67 23.77 23.84 23.90 23.94 23.97 23.98 24.00 24.01 24.00 23.99 23.98 23.96 23.94 23.92 23.89 23.86 23.83 23.79 23.75 23.71 23.69 23.64 23.61 23.58 23.54 23.51 23.47 23.45 23.42 23.40 23.38 23.36 23.34 23.33 23.31 23.30 23.29 23.27 23.27 23.26 23.25 23.24 23.23
27.65 27.27 26.07 26.39 24.03 25.57 25.32 24.98 24.65 24.32 24.01 23.71 23.42 23.16 22.94 22.77 22.67 22.61 22.57 22.55 22.55 22.56 22.59 22.63 22.69 22.76 22.86 22.97 23.10 23.24 23.40 23.55 23.70 23.84 23.95 24.03 24.09 24.13 24.16 24.19 24.19 24.19 24.18 24.18 24.16 24.14 24.11 24.08 24.05 24.00 23.97 23.92 23.87 23.82 23.78 23.73 23.68 23.64 23.60 23.55 23.52 23.48 23.45 23.43 23.39 23.37 23.36 23.33 23.31 23.30 23.28 23.27 23.25 23.24 23.23 23.21 23.20
27.71 27.40 27.01 26.62 26.21 25.37 25.42 25.15 24.80 24.48 24.16 23.85 23.56 23.29 23.05 22.89 22.79 22.74 22.71 22.70 22.70 22.71 22.74 22.78 22.84 22.92 23.01 23.13 23.24 23.38 23.53 23.68 23.83 23.97 24.10 24.21 24.29 24.34 24.38 24.40 24.42 24.41 24.40 24.39 24.36 24.33 24.30 24.26 24.21 24.16 24.11 24.06 24.00 23.94 23.88 23.82 23.77 23.71 23.66 23.61 23.56 23.52 23.49 23.45 23.42 23.39 23.36 23.33 23.31 23.30 23.28 23.26 23.24 23.23 23.21 23.20 23.18
27.58 27.41 27.12 26.77 26.39 26.03 25.66 25.30 24.97 24.65 24.32 23.85 23.44 23.47 23.23 23.06 22.97 22.92 22.89 22.88 22.86 22.88 22.90 22.94 23.00 23.08 23.17 23.27 23.39 23.52 23.66 23.80 23.94 24.09 24.20 24.33 24.42 24.49 24.55 24.60 24.62 24.63 24.61 24.60 24.58 24.54 24.50 24.45 24.40 24.33 24.28 24.21 24.14 24.07 23.99 23.92 23.85 23.79 23.73 23.67 23.62 23.56 23.52 23.47 23.44 23.40 23.37 23.34 23.32 23.29 23.26 23.24 23.22 23.20 23.19 23.17 23.16
27.51 27.48 27.23 26.89 26.54 26.17 25.83 25.49 25.16 24.84 24.53 24.16 23.79 23.44 23.40 23.31 23.20 23.14 23.10 23.07 23.06 23.06 23.08 23.11 23.16 23.23 23.32 23.41 23.53 23.66 23.79 23.92 24.06 24.18 24.30 24.41 24.51 24.58 24.64 24.68 24.72 24.73 24.75 24.75 24.75 24.74 24.71 24.65 24.59 24.53 24.45 24.37 24.28 24.20 24.11 24.03 23.95 23.87 23.80 23.73 23.67 23.61 23.55 23.50 23.45 23.42 23.38 23.34 23.31 23.29 23.25 23.23 23.21 23.19 23.16 23.14 23.13
