datasets/raw/temp/2019110420191104.grid
ncols 886
nrows 691
xllcenter 112.0000
yllcenter -44.5000
cellsize 0.0500
nodata_value 99999.90
[rows 476 to 509 of 691, columns 616 to 692 of 886]
22.50 22.43 22.51 22.48 22.30 22.17 22.15 22.07 21.99 21.97 21.75 21.87 21.71 21.74 21.84 21.83 21.81 21.79 21.82 21.82 21.83 21.85 21.87 21.91 21.90 21.96 22.02 22.07 22.15 22.21 22.27 22.32 22.36 22.38 22.42 22.45 22.44 22.45 22.49 22.47 22.46 22.44 22.45 22.43 22.38 22.34 22.31 22.29 22.26 22.24 22.23 22.19 22.13 22.05 22.05 22.11 22.15 22.15 22.02 22.01 21.91 21.88 21.82 21.96 21.96 21.35 20.75 21.25 21.09 21.25 21.30 21.84 21.93 21.99 22.03 21.94 21.87
22.39 22.34 22.38 22.23 22.29 22.14 22.08 22.03 21.94 21.92 21.86 21.82 21.87 21.85 21.80 21.78 21.78 21.78 21.77 21.79 21.77 21.81 21.84 21.88 21.91 21.96 22.01 22.08 22.14 22.20 22.27 22.31 22.35 22.40 22.43 22.43 22.45 22.46 22.46 22.45 22.45 22.44 22.45 22.40 22.37 22.34 22.31 22.29 22.25 22.23 22.22 22.19 22.14 22.09 22.10 22.10 22.06 22.05 21.98 21.96 21.94 21.84 21.85 21.88 21.64 20.98 21.54 21.47 20.98 21.43 21.68 21.82 21.96 21.98 21.92 21.71 21.55
22.29 22.17 22.23 22.21 22.15 22.13 21.93 21.89 21.86 21.81 21.82 21.68 21.55 21.78 21.77 21.73 21.72 21.73 21.74 21.72 21.76 21.80 21.82 21.86 21.91 21.94 21.99 22.08 22.14 22.21 22.28 22.31 22.36 22.40 22.43 22.45 22.45 22.45 22.47 22.48 22.47 22.47 22.43 22.39 22.36 22.34 22.29 22.28 22.26 22.23 22.19 22.15 22.13 22.10 22.07 22.05 22.02 21.97 21.92 21.89 21.87 21.77 21.65 21.37 21.58 21.29 21.64 21.53 21.24 21.39 21.46 21.78 21.90 21.93 21.79 21.69 21.72
22.08 22.14 22.06 21.92 22.01 21.92 21.89 21.82 21.76 21.72 21.74 21.55 21.63 21.71 21.76 21.66 21.59 21.70 21.70 21.71 21.74 21.76 21.79 21.85 21.90 21.90 21.98 22.06 22.13 22.20 22.27 22.31 22.34 22.38 22.42 22.44 22.45 22.47 22.49 22.49 22.48 22.46 22.43 22.40 22.39 22.34 22.29 22.28 22.23 22.19 22.08 22.14 22.08 22.06 22.03 22.01 21.98 21.96 21.88 21.82 21.83 21.72 21.67 20.95 21.60 21.67 21.56 21.27 21.07 21.14 21.40 21.66 21.85 21.89 21.86 21.82 21.85
22.01 22.01 21.96 21.90 21.87 21.87 21.80 21.68 21.71 21.66 21.66 21.43 21.75 21.64 21.65 21.68 21.63 21.59 21.67 21.69 21.71 21.75 21.75 21.85 21.83 21.89 21.95 22.05 22.12 22.20 22.25 22.29 22.33 22.36 22.40 22.44 22.46 22.49 22.49 22.49 22.48 22.47 22.44 22.42 22.39 22.36 22.30 22.26 22.21 22.18 22.14 22.09 22.05 22.01 21.97 21.92 21.89 21.87 21.77 21.73 21.77 21.52 21.47 21.59 21.62 21.65 21.65 21.50 20.73 20.94 21.25 21.72 21.77 21.87 21.90 21.93 22.03
21.91 21.79 21.88 21.82 21.80 21.73 21.62 21.68 21.69 21.64 21.56 21.55 21.64 21.66 21.61 21.60 21.52 21.62 21.65 21.64 21.69 21.74 21.78 21.80 21.83 21.87 21.97 22.01 22.09 22.16 22.21 22.26 22.31 22.35 22.38 22.43 22.47 22.49 22.48 22.49 22.49 22.48 22.45 22.43 22.39 22.34 22.30 22.26 22.21 22.16 22.11 22.07 22.02 21.98 21.93 21.87 21.84 21.80 21.74 21.78 21.69 21.59 21.46 21.55 21.62 21.48 21.68 21.52 20.51 20.84 21.40 21.36 21.77 21.92 21.93 22.00 22.04
21.78 21.71 21.71 21.76 21.73 21.60 21.61 21.63 21.59 21.54 21.49 21.51 21.61 21.60 21.59 21.59 21.60 21.60 21.63 21.64 21.67 21.71 21.73 21.85 21.88 21.88 21.95 22.00 22.08 22.12 22.19 22.25 22.29 22.35 22.37 22.44 22.47 22.48 22.49 22.50 22.50 22.51 22.47 22.44 22.40 22.34 22.30 22.25 22.22 22.16 22.10 22.05 21.99 21.93 21.88 21.83 21.78 21.73 21.70 21.62 21.59 21.62 21.31 21.53 21.64 21.55 21.64 21.58 21.24 20.85 21.12 21.35 21.82 21.89 21.94 21.99 22.03
21.59 21.55 21.55 21.59 21.59 21.58 21.57 21.58 21.56 21.54 21.44 21.55 21.54 21.53 21.55 21.57 21.55 21.55 21.60 21.57 21.65 21.68 21.73 21.78 21.72 21.86 21.93 21.99 22.06 22.13 22.16 22.22 22.27 22.32 22.37 22.43 22.45 22.44 22.48 22.49 22.50 22.49 22.47 22.45 22.40 22.36 22.30 22.25 22.20 22.15 22.09 22.03 21.97 21.90 21.83 21.78 21.74 21.69 21.66 21.63 21.61 21.61 21.52 21.45 21.61 21.60 21.61 21.65 21.50 19.96 21.12 21.63 21.76 21.85 21.89 21.92 21.94
21.47 21.44 21.54 21.55 21.53 21.44 21.48 21.51 21.49 21.42 21.40 21.45 21.46 21.47 21.49 21.51 21.49 21.51 21.54 21.56 21.60 21.60 21.64 21.68 21.75 21.82 21.91 21.97 22.03 22.07 22.12 22.17 22.23 22.28 22.34 22.40 22.43 22.44 22.48 22.49 22.49 22.49 22.47 22.44 22.41 22.36 22.31 22.24 22.19 22.13 22.08 21.99 21.94 21.89 21.81 21.75 21.70 21.64 21.61 21.59 21.59 21.54 21.54 21.47 21.54 21.57 21.19 21.65 21.65 21.53 21.06 21.75 21.80 21.84 21.85 21.88 21.89
21.33 21.37 21.34 21.38 21.46 21.34 21.39 21.42 21.42 21.40 21.43 21.40 21.41 21.41 21.46 21.45 21.42 21.43 21.48 21.53 21.55 21.58 21.63 21.66 21.74 21.80 21.86 21.90 21.97 22.04 22.09 22.15 22.22 22.24 22.30 22.37 22.41 22.43 22.45 22.47 22.48 22.49 22.47 22.45 22.42 22.38 22.30 22.25 22.20 22.14 22.06 21.99 21.93 21.88 21.80 21.73 21.65 21.60 21.55 21.55 21.53 21.51 21.51 21.42 21.19 21.44 21.51 21.60 21.65 21.66 21.53 21.74 21.77 21.80 21.80 21.84 21.85
21.18 21.25 21.25 21.26 21.29 21.27 21.30 21.32 21.31 21.34 21.31 21.36 21.36 21.37 21.37 21.42 21.40 21.43 21.36 21.47 21.49 21.55 21.58 21.65 21.68 21.75 21.80 21.85 21.92 21.98 22.02 22.11 22.15 22.20 22.25 22.31 22.36 22.40 22.43 22.45 22.47 22.49 22.46 22.44 22.40 22.37 22.30 22.26 22.19 22.13 22.07 21.99 21.92 21.85 21.78 21.72 21.67 21.59 21.55 21.50 21.48 21.45 21.45 21.40 21.39 21.35 21.38 21.49 21.59 21.65 21.65 21.60 21.73 21.78 21.82 21.84 21.82
21.17 21.10 21.13 21.18 21.18 21.18 21.21 21.24 21.26 21.29 21.30 21.30 21.28 21.31 21.33 21.33 21.33 21.34 21.36 21.40 21.46 21.49 21.53 21.60 21.62 21.68 21.74 21.80 21.87 21.93 22.00 22.04 22.10 22.16 22.20 22.25 22.30 22.35 22.39 22.42 22.45 22.48 22.45 22.43 22.40 22.35 22.31 22.29 22.20 22.12 22.04 21.97 21.90 21.85 21.76 21.71 21.63 21.56 21.52 21.44 21.45 21.42 21.40 21.38 21.36 21.34 21.36 21.43 21.44 21.25 21.67 21.72 21.65 21.78 21.79 21.81 21.80
21.12 21.04 21.08 21.06 21.10 21.14 21.14 21.16 21.19 21.19 21.22 21.21 21.23 21.25 21.25 21.22 21.28 21.29 21.32 21.36 21.40 21.43 21.45 21.50 21.56 21.62 21.68 21.75 21.80 21.87 21.93 21.99 22.05 22.10 22.17 22.22 22.27 22.31 22.35 22.38 22.42 22.45 22.45 22.43 22.39 22.35 22.30 22.24 22.19 22.11 22.05 21.97 21.89 21.83 21.74 21.67 21.61 21.49 21.49 21.42 21.43 21.42 21.39 21.36 21.36 21.36 21.39 21.41 21.49 21.60 21.69 21.74 21.21 21.60 21.71 21.69 21.67
20.98 20.95 20.99 20.99 21.05 21.05 21.07 21.10 21.10 21.11 21.16 21.16 21.17 21.16 21.18 21.21 21.19 21.24 21.27 21.28 21.32 21.35 21.37 21.44 21.47 21.53 21.61 21.68 21.75 21.80 21.87 21.91 21.99 22.04 22.11 22.17 22.22 22.27 22.31 22.35 22.39 22.44 22.43 22.40 22.37 22.32 22.27 22.23 22.17 22.10 22.04 22.01 21.93 21.87 21.79 21.73 21.66 21.55 21.45 21.44 21.44 21.41 21.38 21.39 21.35 21.42 21.44 21.49 21.54 21.63 21.71 21.77 21.63 21.46 21.52 21.60 21.29
20.92 20.86 20.89 20.90 20.95 20.98 20.96 21.01 21.01 21.05 21.07 21.06 21.08 21.09 21.08 21.03 21.11 21.15 21.21 21.24 21.24 21.30 21.32 21.38 21.42 21.46 21.54 21.61 21.67 21.73 21.79 21.87 21.93 21.99 22.06 22.11 22.16 22.21 22.27 22.33 22.38 22.42 22.42 22.41 22.35 22.31 22.26 22.22 22.20 22.15 22.04 21.96 21.88 21.81 21.72 21.66 21.59 21.55 21.57 21.50 21.48 21.45 21.43 21.41 21.44 21.42 21.46 21.56 21.56 21.62 21.70 21.77 21.87 21.85 20.60 20.61 20.99
20.89 20.85 20.86 20.82 20.89 20.92 20.91 20.92 20.89 20.96 20.99 21.00 21.01 21.03 21.02 21.02 21.05 21.12 21.15 21.16 21.19 21.21 21.25 21.26 21.33 21.41 21.46 21.53 21.58 21.65 21.71 21.78 21.85 21.91 21.98 22.05 22.11 22.17 22.23 22.27 22.32 22.37 22.36 22.35 22.31 22.28 22.23 22.19 22.15 22.09 22.03 21.94 21.86 21.80 21.71 21.65 21.57 21.53 21.49 21.49 21.50 21.46 21.42 21.45 21.44 21.46 21.50 21.54 21.59 21.64 21.71 21.79 21.79 21.88 21.76 21.45 21.44
20.82 20.82 20.81 20.77 20.80 20.82 20.84 20.86 20.87 20.89 20.91 20.92 20.93 20.96 20.94 20.96 20.99 21.05 21.04 21.07 21.10 21.15 21.16 21.22 21.26 21.31 21.38 21.43 21.50 21.56 21.63 21.70 21.75 21.83 21.90 21.96 22.03 22.08 22.16 22.19 22.24 22.27 22.28 22.28 22.25 22.23 22.20 22.16 22.12 22.07 22.01 21.93 21.84 21.77 21.70 21.65 21.60 21.55 21.51 21.48 21.47 21.46 21.45 21.46 21.46 21.51 21.55 21.59 21.64 21.66 21.74 21.80 21.84 21.61 21.82 21.78 21.29
20.61 20.69 20.74 20.72 20.72 20.79 20.80 20.81 20.82 20.83 20.84 20.85 20.86 20.86 20.90 20.92 20.95 20.93 20.96 21.02 21.04 21.07 21.10 21.14 21.18 21.20 21.24 21.33 21.40 21.47 21.53 21.60 21.68 21.74 21.82 21.87 21.94 21.99 22.07 22.11 22.15 22.18 22.19 22.20 22.18 22.16 22.15 22.13 22.10 22.04 21.99 21.93 21.86 21.80 21.73 21.66 21.60 21.56 21.55 21.49 21.48 21.48 21.49 21.51 21.49 21.50 21.54 21.61 21.66 21.70 21.74 21.80 21.87 21.86 21.65 21.76 21.88
20.58 20.60 20.67 20.69 20.70 20.71 20.73 20.74 20.75 20.75 20.78 20.79 20.82 20.81 20.81 20.80 20.87 20.89 20.92 20.94 20.96 20.98 21.01 21.06 21.09 21.11 21.16 21.24 21.31 21.38 21.43 21.50 21.59 21.67 21.72 21.78 21.85 21.91 21.97 22.02 22.05 22.09 22.11 22.12 22.11 22.11 22.10 22.10 22.05 22.02 21.98 21.93 21.86 21.81 21.74 21.67 21.61 21.57 21.54 21.52 21.52 21.50 21.52 21.54 21.51 21.51 21.57 21.61 21.63 21.70 21.76 21.80 21.83 21.89 21.90 21.78 21.75
20.54 20.53 20.55 20.56 20.58 20.59 20.61 20.56 20.67 20.70 20.65 20.65 20.73 20.74 20.73 20.78 20.79 20.81 20.84 20.85 20.87 20.90 20.90 20.94 20.98 21.05 21.09 21.14 21.21 21.28 21.34 21.41 21.49 21.56 21.62 21.68 21.75 21.82 21.88 21.91 21.96 21.99 22.01 22.03 22.05 22.04 22.04 22.04 22.02 22.00 21.96 21.91 21.86 21.79 21.74 21.69 21.62 21.60 21.57 21.56 21.54 21.54 21.55 21.58 21.56 21.58 21.62 21.66 21.71 21.75 21.78 21.84 21.87 21.90 21.87 21.89 21.34
20.45 20.45 20.48 20.49 20.51 20.53 20.53 20.56 20.57 20.59 20.63 20.64 20.65 20.67 20.66 20.66 20.72 20.74 20.76 20.78 20.79 20.82 20.83 20.86 20.89 20.95 21.00 21.05 21.11 21.17 21.24 21.31 21.36 21.44 21.52 21.58 21.65 21.72 21.76 21.81 21.86 21.90 21.93 21.95 21.96 21.99 22.00 21.99 21.97 21.96 21.94 21.90 21.85 21.79 21.73 21.68 21.63 21.62 21.59 21.58 21.58 21.58 21.60 21.62 21.63 21.65 21.68 21.71 21.75 21.79 21.83 21.85 21.88 21.87 21.68 21.91 21.96
20.42 20.41 20.41 20.37 20.42 20.45 20.45 20.46 20.49 20.49 20.49 20.58 20.58 20.59 20.57 20.59 20.64 20.65 20.66 20.70 20.72 20.74 20.74 20.78 20.81 20.84 20.89 20.95 21.00 21.06 21.12 21.19 21.26 21.33 21.40 21.46 21.53 21.59 21.65 21.70 21.75 21.80 21.84 21.88 21.91 21.93 21.94 21.94 21.93 21.92 21.90 21.89 21.86 21.79 21.73 21.68 21.66 21.63 21.61 21.60 21.60 21.62 21.64 21.67 21.68 21.70 21.73 21.76 21.79 21.85 21.88 21.87 21.82 21.74 21.69 21.73 21.98
20.36 20.36 20.38 20.37 20.37 20.39 20.41 20.43 20.41 20.44 20.46 20.49 20.47 20.53 20.51 20.50 20.52 20.54 20.54 20.59 20.60 20.64 20.65 20.67 20.68 20.73 20.80 20.83 20.87 20.94 21.01 21.08 21.14 21.21 21.28 21.34 21.41 21.47 21.53 21.58 21.64 21.70 21.74 21.80 21.83 21.86 21.87 21.89 21.87 21.86 21.87 21.86 21.84 21.80 21.73 21.66 21.68 21.64 21.64 21.64 21.65 21.67 21.68 21.72 21.72 21.75 21.79 21.82 21.86 21.90 21.92 21.94 21.87 21.75 21.85 21.95 21.98
20.33 20.29 20.30 20.31 20.31 20.33 20.34 20.36 20.33 20.33 20.40 20.40 20.40 20.44 20.40 20.43 20.46 20.44 20.46 20.48 20.49 20.53 20.54 20.55 20.58 20.62 20.68 20.73 20.78 20.83 20.89 20.96 21.02 21.08 21.15 21.21 21.27 21.34 21.40 21.45 21.52 21.57 21.63 21.69 21.74 21.76 21.79 21.81 21.82 21.82 21.83 21.84 21.82 21.80 21.77 21.74 21.68 21.69 21.69 21.70 21.70 21.72 21.75 21.76 21.78 21.82 21.85 21.89 21.94 21.99 22.00 22.04 21.98 21.85 21.78 21.91 21.89
20.28 20.23 20.23 20.28 20.26 20.26 20.28 20.29 20.30 20.27 20.33 20.33 20.32 20.33 20.36 20.38 20.40 20.40 20.43 20.42 20.46 20.43 20.47 20.44 20.48 20.54 20.57 20.61 20.68 20.71 20.76 20.83 20.89 20.96 21.02 21.08 21.16 21.23 21.28 21.33 21.40 21.47 21.52 21.59 21.62 21.67 21.71 21.74 21.76 21.77 21.79 21.81 21.81 21.80 21.79 21.79 21.78 21.77 21.77 21.78 21.78 21.79 21.81 21.83 21.88 21.93 21.95 22.00 22.04 22.03 22.10 22.11 22.14 22.07 21.92 21.90 21.88
20.17 20.22 20.17 20.20 20.21 20.20 20.22 20.20 20.27 20.15 20.23 20.23 20.21 20.16 20.27 20.28 20.30 20.33 20.32 20.36 20.35 20.35 20.39 20.39 20.38 20.45 20.47 20.52 20.56 20.58 20.64 20.71 20.78 20.83 20.88 20.96 21.02 21.10 21.15 21.22 21.29 21.37 21.42 21.50 21.56 21.61 21.64 21.68 21.71 21.72 21.76 21.76 21.78 21.79 21.82 21.83 21.82 21.82 21.83 21.85 21.86 21.88 21.88 21.92 21.96 22.00 22.03 22.09 22.09 22.13 22.17 22.20 22.21 22.14 21.95 22.06 21.91
20.13 20.11 20.18 20.14 20.15 20.14 20.15 20.15 20.12 20.14 20.08 20.18 20.14 20.11 20.15 20.19 20.23 20.23 20.17 20.25 20.25 20.25 20.30 20.29 20.32 20.33 20.36 20.40 20.44 20.48 20.53 20.59 20.66 20.72 20.78 20.85 20.90 20.96 21.02 21.10 21.18 21.25 21.33 21.41 21.47 21.52 21.58 21.61 21.65 21.67 21.72 21.76 21.78 21.81 21.83 21.84 21.86 21.86 21.88 21.89 21.92 21.94 21.98 22.00 22.04 22.10 22.14 22.14 22.18 22.20 22.24 22.26 22.24 22.09 22.15 22.15 22.06
20.09 20.11 20.13 20.09 20.09 20.14 20.08 20.06 20.01 19.97 19.97 19.97 20.08 20.09 20.08 20.06 20.14 20.12 20.15 20.16 20.17 20.18 20.21 20.18 20.21 20.23 20.27 20.28 20.34 20.37 20.43 20.48 20.54 20.61 20.65 20.72 20.78 20.85 20.90 20.99 21.08 21.16 21.24 21.32 21.39 21.44 21.50 21.55 21.60 21.63 21.69 21.73 21.76 21.80 21.84 21.87 21.89 21.94 21.95 21.98 22.03 22.04 22.06 22.11 22.15 22.19 22.21 22.27 22.27 22.29 22.32 22.33 22.33 22.17 22.25 22.23 22.04
20.03 20.04 20.02 20.05 20.03 20.04 20.08 20.01 20.01 19.91 19.88 19.87 19.98 20.01 20.00 20.00 19.91 20.02 20.04 20.07 20.07 20.07 20.09 20.10 20.12 20.15 20.16 20.20 20.24 20.27 20.33 20.39 20.45 20.49 20.56 20.63 20.69 20.75 20.82 20.92 21.01 21.09 21.17 21.23 21.30 21.37 21.44 21.50 21.55 21.60 21.66 21.72 21.75 21.80 21.85 21.89 21.95 21.97 22.01 22.05 22.09 22.11 22.14 22.18 22.24 22.29 22.32 22.40 22.40 22.42 22.43 22.41 22.32 22.38 22.31 22.32 22.23
20.04 20.04 19.81 20.00 20.00 19.96 20.00 19.96 19.92 19.80 19.78 19.84 19.81 19.91 19.90 19.87 19.88 19.82 19.94 19.96 19.97 19.98 19.98 19.98 20.02 20.04 20.05 20.08 20.13 20.18 20.23 20.30 20.36 20.42 20.47 20.55 20.62 20.70 20.77 20.86 20.95 21.04 21.13 21.19 21.27 21.33 21.40 21.47 21.53 21.59 21.65 21.71 21.78 21.84 21.89 21.94 21.99 22.04 22.08 22.11 22.15 22.19 22.24 22.27 22.32 22.36 22.42 22.49 22.52 22.51 22.50 22.46 22.32 22.39 22.40 22.39 22.23
19.99 19.82 19.92 19.92 19.91 19.91 19.92 19.88 19.86 19.77 19.77 19.73 19.74 19.76 19.80 19.78 19.81 19.78 19.83 19.85 19.85 19.88 19.88 19.85 19.90 19.93 19.96 19.99 20.03 20.08 20.13 20.20 20.27 20.35 20.42 20.49 20.57 20.65 20.74 20.82 20.91 21.00 21.09 21.15 21.23 21.29 21.36 21.42 21.52 21.59 21.65 21.75 21.81 21.87 21.93 21.98 22.02 22.07 22.13 22.19 22.23 22.26 22.31 22.33 22.43 22.47 22.50 22.47 22.62 22.63 22.58 22.44 22.41 22.44 22.43 22.35 22.30
19.96 19.93 19.77 19.85 19.83 19.88 19.82 19.76 19.80 19.69 19.68 19.65 19.61 19.61 19.64 19.70 19.72 19.71 19.72 19.74 19.74 19.76 19.77 19.77 19.79 19.82 19.84 19.89 19.92 19.98 20.05 20.11 20.19 20.25 20.33 20.45 20.53 20.62 20.71 20.80 20.88 20.96 21.05 21.13 21.19 21.26 21.34 21.45 21.53 21.57 21.64 21.74 21.81 21.90 21.95 22.01 22.05 22.10 22.19 22.22 22.30 22.32 22.38 22.43 22.46 22.50 22.56 22.61 22.67 22.69 22.67 22.62 22.56 22.50 22.44 22.36 22.30
19.89 19.87 19.86 19.77 19.79 19.71 19.76 19.74 19.73 19.61 19.61 19.58 19.52 19.50 19.52 19.58 19.64 19.64 19.64 19.64 19.63 19.64 19.66 19.67 19.69 19.70 19.74 19.77 19.83 19.89 19.95 20.02 20.09 20.19 20.29 20.39 20.49 20.60 20.69 20.78 20.88 20.96 21.04 21.11 21.18 21.24 21.31 21.38 21.46 21.57 21.64 21.71 21.79 21.86 21.94 22.00 22.06 22.14 22.20 22.28 22.34 22.38 22.41 22.45 22.51 22.53 22.58 22.61 22.64 22.65 22.60 22.61 22.54 22.50 22.41 22.04 22.24
19.80 19.72 19.69 19.71 19.69 19.68 19.66 19.65 19.65 19.53 19.46 19.45 19.48 19.43 19.39 19.47 19.49 19.48 19.53 19.56 19.56 19.56 19.58 19.57 19.61 19.63 19.67 19.70 19.75 19.80 19.87 19.94 20.04 20.14 20.25 20.36 20.46 20.56 20.68 20.79 20.89 21.00 21.07 21.13 21.20 21.26 21.32 21.41 21.50 21.57 21.65 21.73 21.81 21.87 21.96 22.03 22.10 22.18 22.25 22.32 22.40 22.44 22.47 22.49 22.52 22.55 22.60 22.62 22.64 22.63 22.60 22.56 22.52 22.47 22.35 22.09 21.90
