datasets/raw/temp/2019121620191216.grid
ncols 886
nrows 691
xllcenter 112.0000
yllcenter -44.5000
cellsize 0.0500
nodata_value 99999.90
[rows 442 to 475 of 691, columns 385 to 461 of 886]
41.32 41.26 41.19 41.12 41.06 40.99 40.93 40.86 40.80 40.73 40.66 40.59 40.53 40.46 40.39 40.33 40.26 40.20 40.13 40.06 40.01 39.95 39.90 39.86 39.85 39.85 39.89 39.93 39.99 40.05 40.11 40.18 40.24 40.32 40.39 40.46 40.54 40.57 40.52 40.48 40.54 40.68 40.80 40.77 41.03 41.09 41.11 41.27 41.33 41.32 41.32 41.38 41.54 41.57 41.67 41.77 41.88 41.95 42.02 42.11 42.24 42.33 42.42 42.51 42.62 42.58 42.69 42.79 42.88 42.96 43.02 42.94 42.90 42.86 42.33 42.00 42.08
41.15 41.10 41.03 40.97 40.91 40.85 40.78 40.72 40.66 40.59 40.53 40.46 40.40 40.33 40.27 40.21 40.15 40.09 40.03 39.97 39.91 39.87 39.82 39.80 39.78 39.79 39.82 39.86 39.90 39.96 40.01 40.08 40.15 40.22 40.29 40.37 40.45 40.52 40.50 40.50 40.60 40.69 40.77 40.90 40.97 41.04 40.97 41.17 41.25 41.26 41.21 41.29 41.44 41.56 41.66 41.76 41.80 41.92 42.02 42.10 42.17 42.24 42.34 42.42 42.54 42.61 42.67 42.68 42.72 42.79 42.94 42.97 42.90 42.88 42.83 42.34 42.46
40.99 40.94 40.88 40.83 40.76 40.70 40.64 40.58 40.52 40.47 40.41 40.34 40.28 40.22 40.16 40.10 40.04 39.98 39.93 39.88 39.82 39.78 39.76 39.72 39.72 39.73 39.75 39.78 39.82 39.87 39.92 39.99 40.05 40.12 40.19 40.27 40.35 40.42 40.50 40.55 40.60 40.69 40.75 40.81 40.88 40.95 41.02 41.09 41.17 41.25 41.34 41.36 41.46 41.51 41.61 41.71 41.81 41.87 41.97 42.06 42.17 42.18 42.28 42.37 42.41 42.53 42.62 42.66 42.67 42.76 42.80 42.86 42.84 42.92 42.77 42.81 42.81
40.84 40.79 40.74 40.68 40.62 40.56 40.51 40.45 40.39 40.33 40.28 40.22 40.16 40.11 40.05 40.00 39.93 39.88 39.84 39.79 39.74 39.71 39.68 39.65 39.65 39.66 39.68 39.70 39.74 39.79 39.84 39.90 39.96 40.03 40.10 40.17 40.26 40.33 40.40 40.47 40.53 40.59 40.65 40.73 40.79 40.86 40.94 41.01 41.09 41.18 41.28 41.39 41.41 41.45 41.54 41.65 41.74 41.85 41.90 41.96 42.03 42.12 42.19 42.29 42.30 42.39 42.50 42.58 42.56 42.66 42.72 42.76 42.81 42.79 42.70 42.88 42.88
40.70 40.65 40.60 40.54 40.48 40.43 40.38 40.33 40.28 40.22 40.16 40.10 40.05 40.00 39.94 39.89 39.84 39.79 39.75 39.70 39.66 39.63 39.61 39.60 39.58 39.59 39.60 39.63 39.67 39.71 39.76 39.81 39.86 39.94 40.00 40.08 40.17 40.24 40.31 40.37 40.43 40.51 40.57 40.64 40.71 40.78 40.76 40.87 41.03 41.12 41.21 41.32 41.42 41.46 41.51 41.58 41.68 41.79 41.87 41.94 42.02 42.11 42.14 42.20 42.20 42.26 42.35 42.44 42.44 42.49 42.61 42.67 42.71 42.85 42.90 42.93 42.96
40.55 40.51 40.46 40.41 40.36 40.31 40.26 40.20 40.15 40.10 40.05 39.99 39.94 39.89 39.84 39.79 39.74 39.70 39.65 39.62 39.58 39.56 39.54 39.51 39.51 39.52 39.53 39.55 39.59 39.62 39.67 39.72 39.78 39.84 39.91 39.99 40.07 40.15 40.23 40.28 40.35 40.42 40.49 40.55 40.63 40.70 40.78 40.86 40.95 41.04 41.14 41.25 41.35 41.46 41.47 41.55 41.61 41.72 41.83 41.91 41.98 42.06 42.04 42.12 42.06 42.20 42.29 42.35 42.42 42.40 42.48 42.60 42.66 42.76 42.85 42.91 42.95
40.42 40.37 40.32 40.28 40.23 40.18 40.14 40.09 40.03 39.99 39.93 39.89 39.83 39.78 39.74 39.70 39.65 39.61 39.57 39.54 39.50 39.47 39.46 39.45 39.44 39.45 39.46 39.48 39.51 39.54 39.59 39.64 39.69 39.75 39.82 39.90 39.97 40.05 40.13 40.20 40.27 40.34 40.40 40.47 40.55 40.62 40.71 40.79 40.88 40.97 41.07 41.18 41.28 41.38 41.49 41.55 41.65 41.73 41.80 41.86 41.94 42.04 42.04 42.09 42.12 42.20 42.23 42.26 42.30 42.34 42.46 42.55 42.61 42.68 42.76 42.83 42.91
40.29 40.24 40.20 40.15 40.11 40.06 40.02 39.97 39.92 39.87 39.83 39.78 39.73 39.68 39.65 39.60 39.56 39.52 39.48 39.45 39.42 39.40 39.39 39.38 39.36 39.36 39.38 39.40 39.42 39.46 39.50 39.54 39.60 39.66 39.72 39.80 39.87 39.97 40.05 40.11 40.18 40.25 40.32 40.40 40.47 40.55 40.64 40.72 40.79 40.91 41.00 41.10 41.21 41.24 41.40 41.50 41.63 41.74 41.81 41.85 41.85 41.95 42.03 42.03 42.12 42.20 42.21 42.18 42.16 42.25 42.31 42.50 42.53 42.60 42.69 42.76 42.91
40.16 40.12 40.08 40.03 39.99 39.95 39.90 39.85 39.81 39.76 39.72 39.67 39.63 39.59 39.55 39.51 39.47 39.43 39.40 39.37 39.34 39.32 39.30 39.29 39.29 39.29 39.30 39.32 39.35 39.37 39.41 39.46 39.51 39.57 39.63 39.70 39.78 39.87 39.96 40.03 40.11 40.18 40.25 40.32 40.40 40.47 40.56 40.64 40.74 40.83 40.93 41.03 41.12 41.21 41.34 41.45 41.55 41.65 41.76 41.86 41.84 41.85 41.94 41.94 42.01 42.10 42.20 42.15 42.16 42.20 42.32 42.41 42.45 42.55 42.61 42.68 42.74
40.04 40.00 39.95 39.91 39.88 39.83 39.78 39.75 39.71 39.65 39.61 39.57 39.53 39.49 39.45 39.41 39.38 39.34 39.31 39.28 39.26 39.24 39.22 39.21 39.21 39.21 39.22 39.23 39.26 39.28 39.32 39.36 39.41 39.47 39.53 39.60 39.68 39.77 39.86 39.95 40.03 40.10 40.17 40.25 40.32 40.41 40.49 40.57 40.66 40.75 40.85 40.94 41.05 41.15 41.25 41.36 41.46 41.56 41.66 41.75 41.85 41.83 41.84 41.90 41.98 42.05 42.13 42.15 42.11 42.08 42.14 42.27 42.29 42.45 42.55 42.46 42.60
39.91 39.87 39.83 39.80 39.76 39.72 39.68 39.64 39.59 39.55 39.51 39.48 39.43 39.40 39.35 39.31 39.29 39.25 39.22 39.20 39.17 39.15 39.14 39.13 39.13 39.13 39.14 39.15 39.18 39.20 39.23 39.27 39.32 39.37 39.43 39.50 39.58 39.67 39.75 39.86 39.95 40.03 40.09 40.17 40.25 40.33 40.41 40.50 40.58 40.68 40.77 40.86 40.97 41.07 41.17 41.26 41.36 41.46 41.55 41.65 41.74 41.70 41.73 41.76 41.80 41.91 42.02 42.08 42.10 42.09 42.14 42.17 42.26 42.35 42.37 42.46 42.58
39.80 39.76 39.72 39.68 39.65 39.60 39.57 39.53 39.49 39.45 39.41 39.37 39.34 39.29 39.26 39.22 39.19 39.16 39.14 39.11 39.09 39.07 39.06 39.05 39.05 39.05 39.05 39.07 39.08 39.11 39.14 39.18 39.22 39.28 39.33 39.40 39.48 39.56 39.65 39.75 39.86 39.95 40.02 40.09 40.17 40.25 40.33 40.42 40.50 40.60 40.69 40.78 40.87 40.97 41.07 41.16 41.26 41.36 41.45 41.54 41.62 41.53 41.60 41.68 41.73 41.76 41.86 41.80 41.97 41.99 42.05 42.15 42.21 42.24 42.24 42.37 42.47
39.68 39.64 39.61 39.57 39.54 39.50 39.46 39.42 39.39 39.35 39.31 39.27 39.23 39.20 39.16 39.14 39.10 39.07 39.04 39.02 39.00 38.98 38.97 38.96 38.96 38.96 38.96 38.98 39.00 39.01 39.04 39.08 39.13 39.17 39.24 39.29 39.36 39.45 39.54 39.64 39.75 39.86 39.94 40.02 40.10 40.17 40.25 40.33 40.42 40.50 40.59 40.68 40.77 40.87 40.97 41.05 41.15 41.24 41.33 41.41 41.49 41.52 41.54 41.53 41.59 41.63 41.69 41.74 41.79 41.84 41.95 42.01 42.10 42.16 42.18 42.19 42.38
39.57 39.53 39.50 39.46 39.43 39.39 39.35 39.32 39.28 39.24 39.21 39.17 39.13 39.10 39.06 39.04 39.01 38.97 38.95 38.94 38.92 38.90 38.89 38.88 38.87 38.87 38.88 38.89 38.90 38.93 38.96 38.99 39.03 39.08 39.13 39.19 39.26 39.35 39.43 39.53 39.64 39.76 39.86 39.94 40.01 40.09 40.17 40.25 40.33 40.41 40.49 40.58 40.67 40.76 40.85 40.94 41.03 40.88 40.94 41.29 41.28 41.24 41.31 41.36 41.40 41.43 41.53 41.58 41.59 41.65 41.73 41.79 41.96 42.02 42.05 42.10 42.24
39.46 39.42 39.39 39.35 39.32 39.29 39.25 39.22 39.18 39.14 39.11 39.07 39.04 39.00 38.98 38.94 38.91 38.89 38.86 38.84 38.82 38.81 38.80 38.79 38.78 38.78 38.78 38.79 38.80 38.83 38.86 38.89 38.92 38.97 39.02 39.08 39.14 39.22 39.31 39.41 39.52 39.64 39.76 39.85 39.93 40.01 40.08 40.16 40.24 40.32 40.40 40.48 40.56 40.64 40.73 40.81 40.90 40.98 40.84 41.11 41.04 41.18 41.15 41.12 41.11 41.27 41.38 41.39 41.45 41.35 41.37 41.66 41.77 41.90 42.01 42.07 42.18
39.35 39.31 39.28 39.24 39.21 39.18 39.14 39.11 39.08 39.04 39.01 38.97 38.94 38.90 38.88 38.85 38.82 38.80 38.77 38.75 38.73 38.72 38.70 38.69 38.69 38.69 38.69 38.70 38.71 38.73 38.75 38.78 38.82 38.86 38.91 38.97 39.03 39.11 39.19 39.28 39.39 39.51 39.64 39.76 39.84 39.92 39.99 40.06 40.13 40.21 40.29 40.36 40.45 40.52 40.60 40.68 40.76 40.84 40.81 40.93 40.99 41.04 41.05 41.03 41.03 41.07 41.20 41.25 41.28 41.38 41.37 41.45 41.65 41.77 41.89 42.00 42.06
39.24 39.20 39.17 39.14 39.11 39.08 39.04 39.01 38.97 38.94 38.91 38.87 38.85 38.81 38.78 38.75 38.72 38.70 38.68 38.66 38.64 38.62 38.61 38.60 38.60 38.60 38.60 38.60 38.61 38.62 38.65 38.68 38.71 38.75 38.80 38.85 38.92 38.99 39.07 39.16 39.26 39.38 39.49 39.62 39.74 39.82 39.89 39.96 40.03 40.10 40.17 40.24 40.32 40.38 40.46 40.53 40.60 40.52 40.70 40.72 40.79 40.86 40.92 40.96 41.00 41.04 41.10 41.07 41.19 41.17 41.19 41.25 41.43 41.60 41.73 41.92 41.99
39.12 39.10 39.06 39.03 39.00 38.96 38.93 38.90 38.87 38.84 38.81 38.78 38.74 38.71 38.68 38.65 38.63 38.60 38.58 38.55 38.53 38.52 38.51 38.50 38.49 38.49 38.49 38.50 38.51 38.53 38.55 38.57 38.60 38.64 38.69 38.73 38.79 38.86 38.94 39.02 39.12 39.23 39.35 39.47 39.60 39.71 39.78 39.85 39.91 39.98 40.05 40.11 40.18 40.24 40.32 40.38 40.45 40.51 40.58 40.60 40.60 40.69 40.74 40.80 40.84 40.88 40.90 40.97 41.02 41.06 41.11 41.20 41.30 41.49 41.65 41.81 41.92
39.02 38.98 38.96 38.93 38.90 38.86 38.83 38.80 38.76 38.74 38.71 38.67 38.64 38.61 38.58 38.55 38.53 38.50 38.48 38.46 38.44 38.43 38.42 38.41 38.40 38.40 38.40 38.40 38.41 38.42 38.44 38.47 38.49 38.53 38.57 38.62 38.67 38.74 38.81 38.89 38.97 39.09 39.19 39.31 39.44 39.57 39.66 39.73 39.79 39.85 39.91 39.97 40.03 40.10 40.16 40.22 40.27 40.34 40.39 40.45 40.39 40.49 40.55 40.57 40.55 40.61 40.55 40.61 40.75 40.78 40.78 40.94 41.16 41.32 41.49 41.69 41.76
38.91 38.88 38.85 38.82 38.79 38.76 38.72 38.70 38.66 38.63 38.60 38.57 38.55 38.51 38.49 38.46 38.43 38.40 38.38 38.36 38.34 38.33 38.31 38.30 38.30 38.29 38.29 38.29 38.30 38.31 38.33 38.35 38.37 38.41 38.44 38.49 38.55 38.60 38.67 38.75 38.84 38.93 39.04 39.15 39.28 39.40 39.52 39.60 39.67 39.72 39.77 39.83 39.88 39.93 39.99 40.04 40.09 40.14 40.19 40.25 40.20 40.31 40.17 39.93 40.13 40.11 40.41 40.47 40.41 40.33 40.77 40.86 41.07 41.21 41.37 41.51 41.64
38.80 38.78 38.74 38.71 38.69 38.65 38.62 38.59 38.56 38.53 38.50 38.47 38.44 38.42 38.38 38.35 38.33 38.31 38.29 38.26 38.25 38.23 38.21 38.20 38.19 38.19 38.19 38.19 38.19 38.20 38.22 38.23 38.26 38.29 38.33 38.36 38.42 38.46 38.53 38.60 38.68 38.77 38.86 38.97 39.09 39.21 39.34 39.46 39.53 39.58 39.62 39.68 39.73 39.77 39.82 39.86 39.90 39.95 40.00 40.04 40.08 40.13 40.13 40.13 39.93 39.88 40.30 40.40 40.41 40.41 40.43 40.83 40.96 41.08 41.25 41.39 41.52
38.69 38.66 38.63 38.60 38.58 38.55 38.51 38.49 38.46 38.43 38.40 38.37 38.33 38.31 38.28 38.25 38.23 38.21 38.18 38.16 38.14 38.13 38.11 38.10 38.09 38.08 38.08 38.08 38.09 38.09 38.10 38.12 38.15 38.17 38.20 38.23 38.28 38.33 38.39 38.46 38.53 38.60 38.70 38.80 38.90 39.01 39.14 39.26 39.37 39.43 39.47 39.51 39.55 39.60 39.64 39.67 39.71 39.75 39.79 39.83 39.86 39.80 39.93 39.90 40.05 40.04 40.10 40.27 40.33 40.34 40.52 40.65 40.78 40.90 41.06 41.22 41.37
38.58 38.56 38.53 38.50 38.48 38.44 38.42 38.38 38.35 38.32 38.29 38.26 38.23 38.21 38.17 38.15 38.13 38.10 38.08 38.06 38.04 38.02 38.00 37.99 37.98 37.98 37.98 37.98 37.98 37.98 37.99 38.00 38.02 38.05 38.08 38.10 38.15 38.19 38.24 38.30 38.37 38.45 38.53 38.61 38.71 38.82 38.92 39.04 39.16 39.25 39.31 39.34 39.38 39.41 39.44 39.48 39.51 39.54 39.58 39.60 39.63 39.68 39.71 39.76 39.80 39.87 39.94 39.98 40.11 40.22 40.31 40.37 40.53 40.68 40.83 41.00 41.15
38.48 38.45 38.42 38.39 38.37 38.33 38.31 38.28 38.24 38.22 38.19 38.16 38.12 38.10 38.07 38.04 38.03 38.00 37.98 37.95 37.93 37.91 37.90 37.89 37.88 37.86 37.86 37.86 37.86 37.86 37.87 37.89 37.90 37.92 37.95 37.98 38.01 38.05 38.10 38.15 38.22 38.28 38.36 38.44 38.52 38.61 38.72 38.82 38.92 39.03 39.11 39.17 39.20 39.22 39.25 39.27 39.30 39.32 39.35 39.37 39.40 39.43 39.47 39.51 39.55 39.61 39.67 39.75 39.84 39.90 39.94 40.03 40.21 40.36 40.52 40.71 40.90
38.37 38.34 38.31 38.29 38.26 38.24 38.20 38.17 38.14 38.11 38.08 38.05 38.02 38.00 37.97 37.94 37.91 37.89 37.86 37.84 37.82 37.81 37.78 37.77 37.76 37.76 37.75 37.74 37.74 37.75 37.75 37.77 37.78 37.80 37.81 37.84 37.88 37.91 37.95 38.00 38.06 38.11 38.18 38.25 38.33 38.41 38.50 38.59 38.69 38.79 38.88 38.96 39.00 39.03 39.04 39.07 39.08 39.10 39.12 39.14 39.16 39.18 39.22 39.25 39.30 39.35 39.41 39.48 39.57 39.67 39.78 39.81 39.99 40.14 40.32 40.49 40.68
38.26 38.23 38.21 38.18 38.15 38.13 38.10 38.06 38.03 38.00 37.98 37.94 37.92 37.88 37.85 37.84 37.81 37.78 37.76 37.73 37.71 37.70 37.68 37.67 37.65 37.64 37.64 37.63 37.62 37.62 37.63 37.65 37.65 37.66 37.68 37.71 37.74 37.76 37.80 37.85 37.89 37.94 38.00 38.07 38.14 38.21 38.29 38.37 38.45 38.54 38.63 38.71 38.79 38.82 38.83 38.84 38.85 38.86 38.89 38.90 38.92 38.94 38.97 38.99 39.03 39.08 39.13 39.20 39.28 39.37 39.48 39.60 39.67 39.60 40.04 40.26 40.44
38.15 38.12 38.10 38.07 38.05 38.01 37.99 37.96 37.93 37.90 37.86 37.84 37.80 37.78 37.75 37.72 37.70 37.67 37.65 37.63 37.61 37.58 37.57 37.55 37.53 37.53 37.52 37.52 37.50 37.51 37.51 37.51 37.52 37.54 37.55 37.57 37.60 37.62 37.65 37.69 37.73 37.77 37.83 37.88 37.94 38.01 38.08 38.15 38.22 38.29 38.38 38.45 38.53 38.58 38.61 38.62 38.62 38.63 38.64 38.66 38.67 38.69 38.71 38.74 38.77 38.81 38.85 38.92 38.99 39.07 39.17 39.29 39.40 39.45 39.39 39.95 40.12
38.04 38.02 37.99 37.96 37.94 37.91 37.87 37.85 37.81 37.79 37.76 37.72 37.70 37.67 37.64 37.61 37.58 37.56 37.54 37.51 37.49 37.47 37.45 37.44 37.42 37.41 37.40 37.39 37.39 37.39 37.39 37.39 37.40 37.40 37.42 37.43 37.46 37.48 37.51 37.53 37.57 37.61 37.65 37.71 37.75 37.81 37.87 37.93 37.99 38.06 38.13 38.20 38.27 38.33 38.37 38.39 38.40 38.40 38.40 38.41 38.42 38.44 38.45 38.47 38.50 38.54 38.58 38.63 38.69 38.76 38.85 38.97 39.11 39.18 38.99 39.47 39.88
37.94 37.91 37.88 37.86 37.82 37.80 37.77 37.74 37.71 37.68 37.65 37.62 37.59 37.56 37.53 37.50 37.47 37.45 37.42 37.40 37.37 37.35 37.34 37.33 37.30 37.29 37.29 37.27 37.27 37.27 37.27 37.26 37.26 37.28 37.29 37.29 37.32 37.33 37.35 37.38 37.42 37.44 37.48 37.52 37.57 37.62 37.66 37.72 37.78 37.83 37.89 37.95 38.01 38.06 38.12 38.14 38.15 38.15 38.16 38.16 38.17 38.18 38.20 38.21 38.24 38.27 38.30 38.34 38.40 38.46 38.53 38.63 38.75 38.87 38.76 39.22 39.60
37.83 37.80 37.78 37.74 37.72 37.69 37.66 37.62 37.60 37.57 37.53 37.51 37.47 37.44 37.41 37.39 37.36 37.33 37.31 37.29 37.26 37.24 37.22 37.20 37.19 37.17 37.16 37.15 37.14 37.14 37.13 37.14 37.14 37.14 37.15 37.16 37.18 37.19 37.21 37.23 37.26 37.28 37.31 37.35 37.39 37.43 37.47 37.52 37.56 37.61 37.66 37.70 37.75 37.80 37.85 37.89 37.91 37.92 37.92 37.92 37.92 37.93 37.95 37.96 37.98 38.00 38.03 38.08 38.12 38.16 38.22 38.29 38.40 38.46 38.42 38.69 39.20
37.72 37.69 37.66 37.64 37.60 37.58 37.55 37.52 37.48 37.46 37.42 37.40 37.36 37.33 37.30 37.27 37.25 37.22 37.19 37.17 37.15 37.12 37.10 37.09 37.06 37.05 37.04 37.03 37.02 37.02 37.00 37.00 37.00 37.01 37.01 37.02 37.03 37.05 37.06 37.08 37.10 37.13 37.15 37.18 37.21 37.24 37.27 37.31 37.35 37.40 37.44 37.47 37.51 37.55 37.59 37.63 37.66 37.67 37.68 37.68 37.69 37.69 37.70 37.71 37.73 37.75 37.78 37.81 37.84 37.88 37.92 37.85 37.99 38.07 38.14 38.62 38.91
37.61 37.58 37.56 37.52 37.50 37.47 37.44 37.41 37.37 37.34 37.31 37.28 37.25 37.22 37.19 37.16 37.12 37.10 37.08 37.05 37.02 37.00 36.98 36.96 36.95 36.93 36.92 36.90 36.89 36.89 36.87 36.87 36.87 36.87 36.88 36.88 36.89 36.90 36.91 36.92 36.95 36.96 36.98 37.01 37.03 37.06 37.09 37.12 37.15 37.19 37.22 37.25 37.29 37.32 37.35 37.38 37.41 37.43 37.44 37.44 37.45 37.45 37.46 37.47 37.49 37.51 37.53 37.56 37.60 37.63 37.66 37.69 37.73 37.79 37.84 38.28 38.66
37.49 37.47 37.44 37.41 37.39 37.36 37.33 37.30 37.26 37.23 37.20 37.16 37.13 37.10 37.07 37.04 37.01 36.99 36.95 36.93 36.90 36.88 36.86 36.84 36.82 36.80 36.79 36.78 36.76 36.76 36.75 36.74 36.74 36.74 36.74 36.74 36.75 36.75 36.76 36.77 36.79 36.80 36.82 36.84 36.86 36.88 36.91 36.93 36.96 36.98 37.01 37.04 37.06 37.09 37.12 37.14 37.16 37.19 37.20 37.21 37.21 37.22 37.23 37.25 37.26 37.22 37.30 37.34 37.36 37.40 37.44 37.49 37.56 37.70 37.95 37.99 38.24
37.39 37.35 37.33 37.30 37.28 37.24 37.21 37.17 37.15 37.11 37.08 37.05 37.02 36.99 36.96 36.92 36.89 36.86 36.83 36.81 36.79 36.76 36.74 36.71 36.70 36.67 36.66 36.64 36.63 36.63 36.61 36.61 36.60 36.60 36.60 36.60 36.60 36.60 36.61 36.63 36.63 36.64 36.66 36.67 36.69 36.71 36.73 36.75 36.77 36.79 36.81 36.83 36.85 36.87 36.89 36.91 36.93 36.95 36.97 36.98 36.98 36.99 37.00 37.02 37.04 37.06 37.08 37.12 37.15 37.20 37.25 37.32 37.42 37.58 37.81 38.07 37.92
