datasets/raw/temp/2019100220191002.grid
ncols 886
nrows 691
xllcenter 112.0000
yllcenter -44.5000
cellsize 0.0500
nodata_value 99999.90
[rows 578 to 611 of 691, columns 539 to 615 of 886]
22.25 22.33 22.41 22.50 22.58 22.65 22.73 22.80 22.87 22.94 23.01 23.08 23.15 23.22 23.29 23.35 23.42 23.47 23.54 23.61 23.67 23.73 23.80 23.87 23.94 24.01 24.08 24.16 24.23 24.31 24.40 24.48 24.56 24.64 24.73 24.81 24.89 24.97 25.02 25.05 25.04 25.02 25.01 24.99 24.97 24.96 24.96 24.95 24.96 24.96 24.98 24.99 25.02 25.05 25.09 25.13 25.17 25.22 25.27 25.32 25.37 25.41 25.45 25.50 25.53 25.56 25.59 25.61 25.64 25.65 25.67 25.69 25.70 25.71 25.74 25.76 25.78
22.24 22.31 22.40 22.48 22.56 22.63 22.70 22.77 22.84 22.91 22.98 23.05 23.12 23.17 23.24 23.30 23.36 23.43 23.48 23.54 23.61 23.66 23.72 23.79 23.85 23.91 23.97 24.04 24.11 24.17 24.25 24.32 24.39 24.46 24.53 24.60 24.67 24.74 24.81 24.87 24.91 24.92 24.91 24.90 24.89 24.88 24.88 24.88 24.88 24.89 24.90 24.92 24.95 24.98 25.02 25.05 25.09 25.14 25.19 25.24 25.28 25.33 25.37 25.42 25.45 25.48 25.51 25.54 25.57 25.59 25.60 25.62 25.64 25.67 25.69 25.72 25.75
22.22 22.31 22.39 22.46 22.53 22.61 22.67 22.75 22.82 22.89 22.95 23.01 23.07 23.14 23.20 23.26 23.31 23.37 23.43 23.48 23.54 23.60 23.65 23.71 23.76 23.82 23.88 23.94 24.00 24.05 24.11 24.18 24.24 24.30 24.36 24.42 24.48 24.53 24.60 24.65 24.71 24.75 24.78 24.80 24.80 24.80 24.80 24.80 24.81 24.81 24.83 24.85 24.87 24.91 24.93 24.98 25.02 25.07 25.11 25.16 25.20 25.24 25.29 25.33 25.37 25.40 25.44 25.46 25.50 25.52 25.54 25.58 25.59 25.63 25.65 25.68 25.72
22.21 22.29 22.37 22.44 22.51 22.59 22.66 22.72 22.79 22.86 22.92 22.98 23.04 23.10 23.15 23.21 23.27 23.33 23.38 23.43 23.48 23.54 23.58 23.64 23.68 23.74 23.79 23.84 23.89 23.94 23.99 24.05 24.10 24.16 24.21 24.26 24.31 24.36 24.41 24.46 24.51 24.55 24.60 24.63 24.67 24.69 24.71 24.71 24.72 24.74 24.75 24.77 24.80 24.83 24.86 24.90 24.95 24.99 25.03 25.08 25.13 25.17 25.21 25.25 25.29 25.32 25.36 25.40 25.42 25.46 25.49 25.52 25.55 25.58 25.62 25.64 25.68
22.20 22.27 22.35 22.42 22.49 22.56 22.63 22.69 22.76 22.83 22.89 22.95 23.01 23.06 23.12 23.18 23.22 23.28 23.33 23.38 23.43 23.47 23.53 23.57 23.62 23.66 23.71 23.76 23.80 23.84 23.89 23.94 23.99 24.03 24.07 24.12 24.17 24.21 24.25 24.29 24.33 24.37 24.41 24.45 24.48 24.52 24.56 24.59 24.62 24.64 24.67 24.70 24.71 24.76 24.79 24.82 24.87 24.91 24.95 24.99 25.05 25.09 25.13 25.18 25.21 25.25 25.29 25.33 25.36 25.39 25.43 25.46 25.50 25.54 25.58 25.61 25.65
22.18 22.26 22.33 22.40 22.48 22.54 22.61 22.67 22.73 22.80 22.86 22.91 22.97 23.02 23.08 23.14 23.18 23.24 23.28 23.33 23.37 23.42 23.46 23.51 23.55 23.59 23.64 23.68 23.71 23.76 23.80 23.84 23.88 23.92 23.96 24.00 24.04 24.07 24.11 24.15 24.18 24.21 24.25 24.28 24.32 24.34 24.38 24.41 24.44 24.49 24.52 24.56 24.60 24.64 24.69 24.73 24.77 24.81 24.86 24.91 24.95 25.00 25.04 25.08 25.12 25.16 25.20 25.24 25.29 25.32 25.37 25.41 25.46 25.50 25.54 25.58 25.62
22.17 22.24 22.32 22.38 22.45 22.52 22.58 22.65 22.71 22.77 22.83 22.88 22.94 22.99 23.04 23.09 23.14 23.19 23.24 23.28 23.33 23.36 23.41 23.45 23.49 23.53 23.56 23.60 23.64 23.68 23.71 23.75 23.79 23.82 23.85 23.89 23.92 23.96 23.99 24.01 24.04 24.08 24.10 24.14 24.16 24.19 24.22 24.25 24.28 24.31 24.35 24.39 24.43 24.47 24.51 24.55 24.60 24.64 24.69 24.73 24.78 24.83 24.88 24.92 24.96 25.01 25.05 25.10 25.15 25.20 25.25 25.32 25.38 25.44 25.49 25.53 25.58
22.15 22.23 22.30 22.37 22.43 22.50 22.56 22.62 22.69 22.74 22.80 22.85 22.91 22.95 23.01 23.05 23.10 23.14 23.19 23.23 23.28 23.32 23.35 23.40 23.43 23.46 23.50 23.54 23.57 23.61 23.64 23.67 23.70 23.73 23.76 23.79 23.82 23.84 23.87 23.90 23.93 23.95 23.98 24.00 24.03 24.06 24.08 24.11 24.14 24.17 24.19 24.23 24.26 24.30 24.33 24.37 24.41 24.46 24.50 24.53 24.58 24.62 24.66 24.70 24.75 24.79 24.83 24.87 24.92 24.97 25.03 25.10 25.17 25.24 25.34 25.43 25.51
22.15 22.21 22.28 22.35 22.42 22.47 22.54 22.59 22.66 22.71 22.77 22.82 22.87 22.92 22.97 23.01 23.06 23.10 23.14 23.19 23.22 23.27 23.30 23.33 23.38 23.41 23.44 23.48 23.50 23.53 23.56 23.59 23.62 23.65 23.67 23.70 23.73 23.75 23.77 23.79 23.82 23.84 23.87 23.88 23.91 23.93 23.95 23.97 24.00 24.02 24.05 24.08 24.11 24.14 24.17 24.21 24.25 24.28 24.32 24.35 24.39 24.42 24.45 24.49 24.53 24.57 24.61 24.65 24.69 24.74 24.80 24.86 24.93 25.01 25.10 25.20 25.31
22.14 22.20 22.26 22.33 22.39 22.46 22.51 22.58 22.63 22.68 22.74 22.78 22.84 22.88 22.93 22.97 23.02 23.06 23.10 23.14 23.18 23.21 23.25 23.28 23.31 23.35 23.38 23.41 23.43 23.47 23.49 23.52 23.54 23.57 23.59 23.62 23.64 23.65 23.68 23.70 23.73 23.74 23.76 23.78 23.80 23.82 23.84 23.86 23.88 23.90 23.92 23.95 23.97 24.00 24.02 24.06 24.08 24.12 24.14 24.17 24.21 24.24 24.27 24.30 24.33 24.36 24.40 24.43 24.48 24.53 24.57 24.63 24.70 24.78 24.87 24.96 25.07
22.12 22.18 22.25 22.31 22.38 22.43 22.49 22.55 22.60 22.66 22.70 22.76 22.80 22.86 22.90 22.94 22.98 23.02 23.06 23.10 23.13 23.16 23.20 23.23 23.26 23.30 23.32 23.35 23.37 23.40 23.43 23.45 23.47 23.49 23.52 23.54 23.56 23.57 23.60 23.61 23.63 23.65 23.66 23.68 23.69 23.72 23.73 23.75 23.76 23.78 23.80 23.83 23.85 23.87 23.89 23.92 23.94 23.96 24.00 24.02 24.04 24.07 24.10 24.11 24.15 24.17 24.21 24.24 24.27 24.32 24.36 24.42 24.49 24.55 24.64 24.72 24.83
22.10 22.17 22.23 22.29 22.35 22.41 22.47 22.52 22.58 22.62 22.67 22.72 22.77 22.82 22.86 22.90 22.94 22.98 23.01 23.05 23.09 23.12 23.16 23.18 23.21 23.25 23.27 23.29 23.32 23.34 23.37 23.39 23.41 23.42 23.44 23.47 23.48 23.50 23.51 23.53 23.54 23.56 23.57 23.59 23.60 23.62 23.64 23.65 23.66 23.68 23.70 23.71 23.73 23.75 23.76 23.79 23.81 23.83 23.85 23.87 23.89 23.91 23.93 23.95 23.98 24.00 24.02 24.05 24.09 24.12 24.17 24.22 24.28 24.34 24.42 24.51 24.60
22.08 22.15 22.21 22.27 22.33 22.38 22.45 22.50 22.54 22.59 22.64 22.69 22.74 22.78 22.82 22.86 22.90 22.93 22.98 23.01 23.04 23.07 23.11 23.13 23.16 23.18 23.21 23.24 23.26 23.28 23.30 23.32 23.34 23.36 23.37 23.40 23.41 23.42 23.43 23.45 23.46 23.47 23.49 23.50 23.52 23.53 23.54 23.55 23.57 23.58 23.60 23.61 23.62 23.64 23.65 23.67 23.68 23.70 23.71 23.73 23.75 23.76 23.78 23.79 23.81 23.83 23.85 23.88 23.91 23.94 23.99 24.03 24.08 24.15 24.21 24.30 24.39
22.07 22.14 22.19 22.25 22.30 22.36 22.41 22.46 22.52 22.57 22.61 22.66 22.70 22.74 22.79 22.82 22.86 22.89 22.93 22.96 22.99 23.03 23.06 23.08 23.10 23.14 23.16 23.18 23.20 23.22 23.24 23.26 23.28 23.29 23.30 23.33 23.34 23.35 23.36 23.38 23.39 23.39 23.41 23.42 23.43 23.45 23.45 23.46 23.48 23.48 23.49 23.50 23.51 23.53 23.54 23.55 23.56 23.58 23.58 23.59 23.61 23.62 23.63 23.65 23.66 23.68 23.69 23.72 23.74 23.77 23.81 23.85 23.90 23.96 24.03 24.10 24.20
22.06 22.11 22.17 22.23 22.28 22.33 22.39 22.44 22.49 22.54 22.58 22.62 22.66 22.71 22.75 22.78 22.82 22.86 22.89 22.92 22.95 22.98 23.00 23.03 23.05 23.08 23.10 23.12 23.14 23.16 23.18 23.20 23.21 23.23 23.24 23.26 23.27 23.28 23.30 23.30 23.31 23.33 23.33 23.33 23.35 23.36 23.36 23.37 23.38 23.39 23.40 23.41 23.41 23.42 23.43 23.44 23.45 23.46 23.46 23.47 23.48 23.48 23.50 23.50 23.51 23.52 23.54 23.56 23.58 23.61 23.64 23.68 23.72 23.78 23.84 23.92 24.00
22.04 22.10 22.15 22.20 22.26 22.31 22.36 22.42 22.46 22.50 22.54 22.59 22.63 22.67 22.70 22.75 22.78 22.81 22.84 22.88 22.90 22.93 22.95 22.98 23.01 23.03 23.05 23.06 23.08 23.11 23.12 23.14 23.15 23.16 23.18 23.19 23.20 23.21 23.22 23.23 23.23 23.25 23.25 23.26 23.27 23.27 23.28 23.29 23.29 23.30 23.30 23.30 23.31 23.32 23.33 23.32 23.33 23.34 23.34 23.35 23.36 23.36 23.36 23.37 23.38 23.39 23.40 23.42 23.43 23.45 23.48 23.51 23.56 23.61 23.68 23.74 23.83
22.02 22.08 22.13 22.18 22.24 22.29 22.34 22.38 22.42 22.48 22.52 22.55 22.59 22.64 22.67 22.70 22.73 22.76 22.80 22.83 22.85 22.88 22.90 22.93 22.95 22.97 22.99 23.00 23.03 23.04 23.06 23.07 23.08 23.10 23.11 23.12 23.13 23.14 23.15 23.15 23.16 23.17 23.17 23.17 23.18 23.18 23.19 23.20 23.20 23.21 23.20 23.21 23.22 23.21 23.22 23.22 23.22 23.22 23.23 23.23 23.23 23.23 23.23 23.24 23.25 23.25 23.25 23.27 23.28 23.30 23.33 23.36 23.40 23.44 23.50 23.57 23.66
22.01 22.06 22.11 22.16 22.21 22.26 22.31 22.36 22.40 22.44 22.49 22.52 22.56 22.59 22.62 22.66 22.70 22.72 22.75 22.78 22.80 22.83 22.85 22.87 22.89 22.91 22.94 22.95 22.97 22.98 22.99 23.00 23.02 23.03 23.04 23.05 23.05 23.07 23.07 23.08 23.09 23.09 23.09 23.10 23.10 23.11 23.11 23.11 23.11 23.12 23.11 23.12 23.11 23.11 23.12 23.11 23.12 23.11 23.11 23.11 23.11 23.11 23.11 23.10 23.11 23.11 23.12 23.13 23.14 23.15 23.18 23.21 23.24 23.29 23.34 23.41 23.49
21.99 22.04 22.09 22.14 22.19 22.23 22.28 22.33 22.37 22.41 22.44 22.48 22.51 22.56 22.59 22.62 22.65 22.67 22.71 22.73 22.76 22.78 22.80 22.82 22.85 22.86 22.88 22.89 22.90 22.92 22.93 22.95 22.96 22.96 22.97 22.99 22.99 22.99 23.00 23.01 23.01 23.01 23.01 23.02 23.02 23.02 23.02 23.02 23.02 23.02 23.02 23.02 23.01 23.02 23.01 23.01 23.00 23.00 23.00 23.00 22.99 22.99 22.98 22.99 22.99 22.99 22.98 22.99 23.00 23.01 23.04 23.06 23.09 23.13 23.18 23.24 23.32
21.96 22.01 22.07 22.12 22.16 22.21 22.25 22.29 22.34 22.38 22.41 22.45 22.48 22.51 22.55 22.58 22.61 22.63 22.66 22.68 22.70 22.73 22.75 22.77 22.79 22.80 22.81 22.83 22.85 22.86 22.87 22.88 22.89 22.89 22.91 22.91 22.92 22.92 22.92 22.93 22.93 22.93 22.94 22.93 22.93 22.93 22.93 22.93 22.93 22.93 22.92 22.92 22.92 22.91 22.91 22.90 22.90 22.89 22.89 22.88 22.87 22.86 22.86 22.86 22.86 22.85 22.86 22.85 22.86 22.87 22.89 22.91 22.95 22.98 23.03 23.09 23.16
21.94 21.99 22.05 22.09 22.14 22.18 22.22 22.26 22.30 22.33 22.38 22.41 22.44 22.47 22.50 22.53 22.55 22.58 22.61 22.63 22.65 22.67 22.69 22.71 22.73 22.75 22.76 22.77 22.78 22.79 22.80 22.82 22.82 22.83 22.83 22.84 22.84 22.85 22.85 22.85 22.85 22.85 22.85 22.85 22.85 22.84 22.84 22.84 22.83 22.83 22.82 22.82 22.81 22.80 22.80 22.79 22.79 22.78 22.77 22.76 22.76 22.75 22.74 22.73 22.72 22.72 22.72 22.71 22.72 22.73 22.74 22.77 22.79 22.83 22.87 22.92 22.99
21.92 21.98 22.01 22.07 22.11 22.15 22.19 22.23 22.26 22.30 22.33 22.36 22.41 22.43 22.46 22.49 22.51 22.54 22.56 22.58 22.61 22.62 22.64 22.66 22.67 22.68 22.69 22.70 22.71 22.73 22.74 22.75 22.75 22.75 22.76 22.77 22.77 22.77 22.77 22.76 22.77 22.77 22.76 22.77 22.76 22.75 22.75 22.75 22.74 22.74 22.72 22.71 22.71 22.70 22.70 22.68 22.67 22.67 22.65 22.64 22.63 22.62 22.62 22.61 22.59 22.58 22.58 22.58 22.59 22.59 22.60 22.62 22.64 22.68 22.71 22.76 22.83
21.90 21.95 21.99 22.04 22.08 22.12 22.16 22.20 22.23 22.26 22.30 22.33 22.36 22.38 22.41 22.44 22.47 22.49 22.51 22.53 22.55 22.56 22.58 22.60 22.61 22.63 22.64 22.65 22.65 22.66 22.67 22.67 22.68 22.69 22.69 22.69 22.69 22.69 22.69 22.69 22.68 22.68 22.68 22.67 22.67 22.67 22.66 22.65 22.64 22.63 22.62 22.62 22.61 22.59 22.59 22.57 22.56 22.55 22.54 22.53 22.51 22.50 22.48 22.47 22.46 22.46 22.45 22.45 22.44 22.45 22.45 22.47 22.49 22.51 22.56 22.60 22.66
21.88 21.92 21.97 22.01 22.05 22.09 22.13 22.16 22.20 22.23 22.26 22.29 22.31 22.34 22.37 22.39 22.42 22.44 22.46 22.48 22.49 22.51 22.52 22.54 22.55 22.56 22.57 22.58 22.59 22.60 22.60 22.60 22.61 22.61 22.61 22.61 22.61 22.61 22.60 22.60 22.60 22.60 22.59 22.58 22.58 22.57 22.56 22.55 22.54 22.53 22.52 22.51 22.50 22.48 22.48 22.46 22.44 22.43 22.42 22.41 22.39 22.37 22.36 22.35 22.34 22.33 22.32 22.30 22.30 22.30 22.31 22.31 22.34 22.36 22.39 22.44 22.48
21.86 21.90 21.94 21.98 22.02 22.06 22.09 22.13 22.16 22.19 22.22 22.25 22.27 22.30 22.32 22.34 22.36 22.38 22.40 22.42 22.44 22.45 22.47 22.48 22.49 22.50 22.50 22.51 22.52 22.52 22.52 22.53 22.53 22.53 22.53 22.53 22.53 22.52 22.52 22.52 22.51 22.50 22.50 22.49 22.48 22.47 22.46 22.45 22.44 22.42 22.42 22.40 22.39 22.38 22.36 22.35 22.33 22.31 22.30 22.28 22.27 22.25 22.23 22.22 22.20 22.19 22.17 22.17 22.16 22.16 22.16 22.16 22.18 22.20 22.23 22.27 22.31
21.83 21.87 21.91 21.95 21.99 22.02 22.06 22.09 22.12 22.15 22.18 22.20 22.23 22.25 22.27 22.29 22.31 22.33 22.35 22.36 22.38 22.39 22.40 22.42 22.43 22.43 22.44 22.44 22.45 22.45 22.45 22.45 22.45 22.45 22.46 22.45 22.45 22.44 22.43 22.42 22.43 22.42 22.40 22.39 22.38 22.38 22.36 22.35 22.33 22.33 22.31 22.29 22.27 22.26 22.25 22.23 22.21 22.19 22.17 22.16 22.14 22.12 22.10 22.09 22.06 22.05 22.04 22.03 22.02 22.01 22.01 22.01 22.03 22.04 22.07 22.09 22.13
21.80 21.84 21.88 21.92 21.95 21.99 22.02 22.05 22.08 22.11 22.13 22.16 22.18 22.20 22.22 22.24 22.26 22.28 22.29 22.31 22.32 22.33 22.34 22.35 22.35 22.36 22.36 22.38 22.38 22.38 22.38 22.38 22.37 22.37 22.37 22.36 22.36 22.36 22.35 22.34 22.33 22.31 22.30 22.30 22.28 22.27 22.25 22.25 22.23 22.21 22.19 22.18 22.17 22.15 22.13 22.11 22.08 22.06 22.05 22.03 22.01 21.99 21.97 21.95 21.94 21.91 21.90 21.89 21.88 21.86 21.86 21.86 21.87 21.87 21.90 21.91 21.95
21.77 21.81 21.85 21.88 21.92 21.95 21.98 22.01 22.04 22.06 22.09 22.11 22.13 22.15 22.17 22.19 22.21 22.22 22.23 22.25 22.26 22.27 22.27 22.28 22.29 22.29 22.29 22.30 22.30 22.30 22.30 22.30 22.30 22.29 22.28 22.28 22.27 22.26 22.26 22.25 22.24 22.22 22.21 22.19 22.18 22.17 22.15 22.14 22.12 22.11 22.09 22.07 22.05 22.02 22.00 21.99 21.97 21.95 21.92 21.90 21.88 21.86 21.84 21.82 21.80 21.77 21.76 21.74 21.73 21.71 21.71 21.71 21.71 21.72 21.72 21.75 21.77
21.72 21.77 21.81 21.85 21.88 21.91 21.94 21.97 21.99 22.02 22.04 22.06 22.08 22.10 22.12 22.14 22.15 22.16 22.18 22.19 22.20 22.20 22.21 22.21 22.22 22.22 22.22 22.22 22.22 22.22 22.22 22.21 22.21 22.21 22.20 22.19 22.18 22.17 22.16 22.15 22.13 22.13 22.11 22.09 22.08 22.06 22.04 22.03 22.01 21.99 21.97 21.95 21.92 21.91 21.89 21.86 21.84 21.82 21.79 21.77 21.75 21.72 21.70 21.68 21.66 21.64 21.61 21.60 21.58 21.57 21.56 21.55 21.55 21.55 21.56 21.57 21.58
21.66 21.71 21.76 21.81 21.84 21.87 21.90 21.92 21.95 21.97 21.99 22.01 22.03 22.05 22.07 22.08 22.09 22.10 22.11 22.12 22.13 22.14 22.14 22.15 22.15 22.15 22.15 22.15 22.14 22.14 22.13 22.13 22.12 22.11 22.11 22.10 22.09 22.08 22.06 22.05 22.03 22.02 22.00 21.99 21.97 21.95 21.93 21.91 21.89 21.88 21.85 21.83 21.81 21.78 21.76 21.73 21.71 21.68 21.67 21.64 21.61 21.59 21.56 21.54 21.52 21.50 21.48 21.46 21.43 21.42 21.41 21.40 21.39 21.39 21.39 21.40 21.40
21.61 21.66 21.71 21.75 21.79 21.82 21.85 21.88 21.90 21.92 21.94 21.96 21.98 21.99 22.01 22.02 22.03 22.04 22.05 22.06 22.06 22.07 22.07 22.07 22.07 22.07 22.07 22.07 22.06 22.06 22.05 22.04 22.03 22.02 22.01 22.00 21.99 21.98 21.97 21.95 21.93 21.92 21.90 21.88 21.86 21.85 21.82 21.80 21.78 21.75 21.73 21.70 21.68 21.66 21.64 21.61 21.59 21.56 21.53 21.51 21.48 21.46 21.43 21.41 21.38 21.35 21.33 21.31 21.30 21.27 21.26 21.25 21.24 21.23 21.23 21.22 21.23
21.54 21.59 21.64 21.68 21.73 21.76 21.80 21.83 21.85 21.87 21.89 21.91 21.92 21.94 21.95 21.96 21.97 21.98 21.98 21.99 21.99 22.00 22.00 22.00 22.00 22.00 21.99 21.99 21.98 21.97 21.96 21.96 21.94 21.93 21.92 21.91 21.89 21.87 21.86 21.84 21.83 21.81 21.79 21.77 21.75 21.72 21.70 21.68 21.66 21.64 21.61 21.59 21.56 21.53 21.51 21.48 21.45 21.42 21.40 21.37 21.34 21.32 21.29 21.27 21.24 21.22 21.20 21.17 21.15 21.13 21.11 21.09 21.08 21.07 21.06 21.06 21.05
21.48 21.52 21.57 21.61 21.65 21.69 21.73 21.77 21.80 21.82 21.83 21.85 21.86 21.88 21.89 21.90 21.90 21.91 21.92 21.92 21.92 21.92 21.92 21.92 21.92 21.92 21.91 21.90 21.90 21.89 21.88 21.86 21.85 21.84 21.82 21.81 21.79 21.77 21.75 21.74 21.71 21.70 21.68 21.66 21.64 21.61 21.59 21.56 21.53 21.51 21.48 21.45 21.44 21.41 21.38 21.35 21.32 21.30 21.27 21.24 21.21 21.19 21.16 21.13 21.11 21.07 21.05 21.03 21.01 20.99 20.96 20.95 20.93 20.91 20.90 20.90 20.88
21.42 21.46 21.49 21.53 21.57 21.61 21.65 21.69 21.72 21.76 21.77 21.79 21.80 21.81 21.82 21.83 21.84 21.84 21.85 21.85 21.85 21.85 21.85 21.84 21.84 21.83 21.82 21.82 21.81 21.80 21.78 21.77 21.76 21.74 21.72 21.71 21.69 21.67 21.65 21.63 21.61 21.58 21.57 21.55 21.52 21.50 21.47 21.44 21.42 21.39 21.36 21.33 21.30 21.27 21.25 21.23 21.20 21.17 21.14 21.11 21.08 21.04 21.02 20.99 20.96 20.94 20.92 20.89 20.86 20.84 20.82 20.81 20.79 20.77 20.75 20.74 20.72
