datasets/raw/temp/2019112220191122.grid
ncols 886
nrows 691
xllcenter 112.0000
yllcenter -44.5000
cellsize 0.0500
nodata_value 99999.90
[rows 340 to 373 of 691, columns 693 to 769 of 886]
38.62 38.54 38.38 38.43 38.34 38.26 38.23 38.32 38.14 38.20 38.21 38.20 38.04 38.07 38.12 38.20 37.93 37.85 37.75 37.64 37.64 37.48 37.43 37.42 37.52 37.49 37.57 37.48 37.55 37.31 37.32 37.14 36.86 36.84 36.88 37.03 36.88 37.04 37.08 36.62 36.59 36.52 36.51 36.70 36.80 36.86 36.66 36.65 36.81 36.68 36.64 36.69 36.70 36.69 36.68 36.71 36.78 36.79 36.79 36.91 37.00 37.15 37.18 37.23 37.31 37.45 37.57 37.60 37.67 37.63 37.55 37.42 37.28 37.02 37.18 37.03 37.03
38.55 38.48 38.49 38.54 38.46 38.39 38.35 38.42 38.26 38.30 38.27 38.22 38.10 38.17 38.13 38.12 38.03 37.89 37.72 37.83 37.78 37.60 37.53 37.45 37.50 37.55 37.63 37.55 37.57 37.41 37.24 37.08 36.95 36.82 36.87 36.89 36.89 37.03 37.10 36.90 36.59 36.59 36.54 36.44 36.72 36.71 36.72 36.62 36.69 36.74 36.65 36.71 36.68 36.53 36.61 36.53 36.69 36.72 36.83 36.89 36.98 37.07 37.19 37.27 37.34 37.49 37.56 37.51 37.56 37.54 37.53 37.43 37.24 37.22 37.05 37.09 36.93
38.64 38.64 38.66 38.64 38.61 38.56 38.48 38.51 38.44 38.27 38.32 38.25 38.22 38.16 38.26 38.10 38.04 37.83 37.85 37.95 37.72 37.73 37.51 37.65 37.72 37.67 37.64 37.61 37.60 37.35 37.14 37.24 37.06 36.92 36.66 36.72 36.74 36.73 36.79 37.00 36.83 36.79 36.74 36.67 36.73 36.76 36.76 36.70 36.74 36.70 36.71 36.58 36.53 36.39 36.52 36.36 36.29 36.52 36.62 36.81 36.88 37.03 37.05 37.24 37.37 37.42 37.45 37.50 37.50 37.55 37.58 37.51 37.42 37.21 37.06 37.05 36.86
38.81 38.78 38.79 38.76 38.69 38.66 38.68 38.61 38.57 38.30 38.28 38.24 38.32 38.32 38.31 38.21 38.04 37.90 37.96 38.03 37.85 37.86 37.59 37.74 37.82 37.78 37.62 37.57 37.62 37.37 37.41 37.25 37.03 37.05 36.81 36.86 36.81 36.80 36.78 36.96 36.99 36.90 36.71 36.77 36.77 36.78 36.82 36.79 36.71 36.62 36.47 36.53 36.41 36.34 36.39 36.24 36.21 36.39 36.58 36.67 36.69 36.92 36.97 37.06 37.28 37.41 37.45 37.51 37.53 37.58 37.61 37.58 37.52 37.39 37.15 36.98 36.80
38.96 38.94 38.88 38.87 38.79 38.73 38.71 38.55 38.41 38.33 38.29 38.37 38.38 38.38 38.35 38.26 38.03 38.16 38.04 38.09 38.01 37.74 37.74 37.85 37.86 37.81 37.72 37.57 37.62 37.53 37.45 37.19 37.16 37.18 37.10 37.00 37.01 36.98 36.93 36.88 36.80 36.95 36.92 36.86 36.83 36.82 36.83 36.71 36.66 36.55 36.40 36.41 36.32 36.07 36.09 36.10 36.37 36.43 36.30 36.49 36.68 36.72 36.90 36.94 37.19 37.26 37.44 37.47 37.55 37.59 37.58 37.57 37.54 37.46 37.35 37.16 36.96
39.05 39.00 38.98 38.92 38.86 38.80 38.67 38.65 38.51 38.57 38.38 38.38 38.47 38.42 38.35 38.23 38.20 38.15 38.17 38.09 38.01 37.83 37.88 37.85 37.87 37.81 37.74 37.63 37.62 37.57 37.47 37.20 37.28 37.30 37.29 37.08 36.92 36.93 37.08 36.95 36.87 36.81 36.94 36.95 36.87 36.88 36.83 36.62 36.54 36.44 36.37 36.30 36.22 36.09 35.88 36.17 36.13 36.25 36.25 36.42 36.59 36.63 36.77 36.92 37.05 37.18 37.27 37.44 37.48 37.53 37.54 37.53 37.51 37.46 37.37 37.26 37.13
39.10 39.03 39.03 38.95 38.87 38.79 38.82 38.67 38.72 38.59 38.43 38.39 38.50 38.44 38.40 38.30 38.36 38.34 38.24 38.16 38.02 37.93 37.96 38.03 37.87 37.94 37.78 37.70 37.64 37.67 37.58 37.40 37.33 37.29 37.29 37.29 37.17 37.14 37.08 37.13 37.09 37.01 36.98 36.95 36.94 36.91 36.64 36.53 36.31 36.11 36.18 36.15 35.91 35.83 35.99 36.03 36.03 36.01 36.24 36.36 36.45 36.49 36.61 36.79 36.94 37.11 37.18 37.33 37.43 37.45 37.47 37.46 37.44 37.37 37.33 37.24 37.12
39.12 39.01 39.04 39.02 38.97 38.92 38.82 38.79 38.71 38.61 38.41 38.47 38.52 38.49 38.45 38.42 38.43 38.34 38.31 38.12 37.83 37.89 37.99 38.10 38.02 37.94 37.87 37.76 37.73 37.72 37.62 37.52 37.44 37.29 37.24 37.35 37.32 37.28 37.23 37.18 37.14 37.10 37.08 37.02 36.97 36.84 36.69 36.38 35.97 36.07 36.18 36.00 35.75 35.89 35.73 35.99 35.80 35.92 36.18 36.24 36.32 36.32 36.49 36.67 36.85 36.92 37.09 37.20 37.24 37.28 37.32 37.33 37.30 37.26 37.21 37.15 37.08
39.15 39.12 39.11 39.04 38.99 38.96 38.90 38.81 38.75 38.62 38.59 38.57 38.55 38.52 38.48 38.46 38.46 38.36 38.31 38.28 38.11 37.96 38.01 37.99 38.08 38.05 37.90 37.82 37.75 37.74 37.71 37.66 37.48 37.54 37.38 37.41 37.38 37.35 37.32 37.27 37.23 37.20 37.16 37.10 37.00 36.69 36.58 36.30 36.35 36.35 36.26 36.14 35.78 35.68 35.51 35.86 35.52 35.81 36.10 36.11 36.10 36.14 36.36 36.57 36.73 36.79 36.97 37.07 37.02 37.12 37.18 37.16 37.15 37.12 37.08 37.05 37.04
39.18 39.15 39.12 39.07 39.02 38.99 38.88 38.84 38.73 38.60 38.61 38.61 38.58 38.55 38.54 38.49 38.50 38.44 38.28 38.34 38.20 38.14 38.11 38.14 38.13 38.03 37.94 37.87 37.79 37.78 37.74 37.73 37.64 37.64 37.55 37.48 37.47 37.46 37.37 37.30 37.28 37.26 37.23 37.13 36.96 36.69 36.69 36.34 36.48 36.53 36.22 36.10 35.99 35.86 36.00 36.07 36.05 35.65 35.91 35.94 35.72 35.97 36.30 36.52 36.58 36.69 36.86 36.92 36.91 37.00 37.04 37.04 36.97 36.91 36.86 36.93 36.94
39.24 39.20 39.14 39.08 39.03 38.99 38.93 38.80 38.71 38.70 38.66 38.55 38.58 38.61 38.57 38.52 38.53 38.49 38.39 38.35 38.36 38.27 38.15 38.22 38.18 38.08 38.00 37.92 37.87 37.84 37.80 37.76 37.68 37.64 37.67 37.58 37.53 37.48 37.43 37.34 37.29 37.26 37.27 37.22 37.07 36.98 36.85 36.81 36.71 36.66 36.40 36.15 35.96 36.14 35.93 36.28 36.19 36.04 35.85 36.05 35.95 36.05 36.26 36.40 36.45 36.63 36.70 36.78 36.82 36.90 36.83 36.92 36.90 36.79 36.72 36.90 36.90
39.28 39.23 39.18 39.11 39.09 39.00 38.92 38.75 38.78 38.77 38.77 38.61 38.49 38.63 38.60 38.54 38.54 38.31 38.31 38.11 38.32 38.37 38.26 38.23 38.15 38.10 38.03 37.99 37.94 37.87 37.86 37.82 37.77 37.76 37.73 37.69 37.61 37.56 37.51 37.45 37.37 37.45 37.32 37.22 37.12 37.00 37.01 36.93 36.78 36.56 36.47 36.22 36.13 36.30 36.25 36.36 35.92 36.26 36.17 36.25 36.27 36.16 36.35 36.48 36.34 36.69 36.72 36.79 36.77 36.74 36.96 36.80 36.82 36.93 36.80 36.88 36.81
39.31 39.26 39.21 39.14 39.10 39.02 38.95 38.85 38.71 38.72 38.76 38.75 38.67 38.63 38.58 38.56 38.52 38.44 38.50 38.34 38.28 38.36 38.31 38.25 38.14 38.11 38.08 38.06 37.99 37.95 37.94 37.86 37.84 37.78 37.80 37.72 37.71 37.65 37.59 37.56 37.50 37.55 37.41 37.31 37.20 37.04 36.94 36.91 36.73 36.72 36.57 36.29 36.14 36.29 36.29 36.41 36.25 36.21 36.28 36.34 36.45 36.53 36.51 36.51 36.68 36.81 36.77 36.82 36.89 36.89 36.91 36.83 36.89 36.91 36.87 36.84 36.77
39.32 39.26 39.22 39.15 39.10 39.03 38.93 38.82 38.64 38.59 38.63 38.77 38.69 38.62 38.58 38.55 38.54 38.50 38.47 38.29 38.41 38.32 38.27 38.20 38.15 38.12 38.11 38.09 38.05 38.01 37.97 37.94 37.88 37.83 37.83 37.80 37.73 37.72 37.67 37.67 37.64 37.57 37.55 37.48 37.26 37.19 36.96 36.86 36.77 36.74 36.53 36.48 36.61 36.41 36.58 36.59 36.51 36.25 36.50 36.60 36.62 36.74 36.61 36.73 36.79 36.90 36.89 36.94 36.81 36.97 36.97 36.93 36.91 36.90 36.85 36.81 36.78
39.36 39.27 39.22 39.17 39.11 39.03 38.87 38.63 38.69 38.66 38.75 38.74 38.68 38.63 38.57 38.55 38.51 38.49 38.49 38.45 38.39 38.31 38.28 38.21 38.19 38.14 38.14 38.11 38.09 38.03 37.99 37.97 37.94 37.91 37.88 37.85 37.85 37.78 37.79 37.76 37.74 37.69 37.65 37.54 37.39 37.14 37.03 37.02 36.83 36.78 36.80 36.86 36.84 36.47 36.61 36.74 36.68 36.47 36.65 36.80 36.75 36.89 36.60 36.84 36.94 36.91 36.96 37.01 36.82 36.96 36.95 36.93 36.90 36.87 36.83 36.74 36.74
39.32 39.24 39.20 39.15 39.09 39.05 38.88 38.85 38.70 38.48 38.73 38.74 38.69 38.61 38.59 38.54 38.51 38.51 38.45 38.41 38.37 38.32 38.29 38.22 38.17 38.16 38.16 38.10 38.07 38.01 38.04 38.03 38.00 37.97 37.95 37.93 37.91 37.88 37.86 37.85 37.83 37.81 37.72 37.53 37.39 37.25 37.31 37.12 37.12 36.93 36.87 36.85 36.92 36.97 36.78 36.91 36.86 36.75 36.90 36.95 36.97 36.95 36.88 36.98 37.04 37.05 37.06 37.06 36.99 36.94 36.94 36.90 36.85 36.82 36.77 36.85 36.75
39.38 39.26 39.22 39.08 39.11 39.12 38.99 38.87 38.61 38.77 38.77 38.73 38.67 38.61 38.58 38.53 38.51 38.52 38.42 38.39 38.35 38.31 38.26 38.21 38.18 38.17 38.19 38.12 38.08 38.07 38.05 38.03 38.03 38.04 38.02 37.96 37.95 37.95 37.94 37.92 37.94 37.88 37.67 37.59 37.43 37.51 37.44 37.25 37.23 37.04 37.10 37.20 37.19 37.15 37.08 37.07 36.97 36.85 37.08 37.04 37.10 37.06 37.06 37.12 37.11 37.10 37.08 37.05 37.00 36.96 36.95 36.88 36.84 36.79 36.75 36.83 36.65
39.39 39.27 39.17 39.14 39.09 39.05 38.93 38.72 38.79 38.63 38.75 38.71 38.67 38.59 38.55 38.51 38.50 38.50 38.41 38.38 38.34 38.31 38.24 38.20 38.20 38.19 38.17 38.11 38.09 38.10 38.06 38.06 38.04 38.05 38.05 38.01 37.99 37.99 37.98 37.93 37.86 37.81 37.64 37.59 37.57 37.59 37.60 37.48 37.36 37.24 37.12 37.29 37.27 37.31 37.28 37.16 37.12 37.19 37.21 37.18 37.21 37.12 37.16 37.15 37.14 37.13 37.10 37.09 37.01 36.96 36.87 36.90 36.86 36.82 36.74 36.74 36.78
39.34 39.24 39.24 39.17 39.15 39.05 38.84 38.69 38.79 38.81 38.74 38.66 38.61 38.57 38.53 38.49 38.46 38.44 38.40 38.35 38.33 38.28 38.23 38.17 38.18 38.19 38.15 38.10 38.10 38.09 38.08 38.07 38.05 38.07 38.08 38.06 38.02 38.01 38.03 37.99 37.98 37.92 37.86 37.70 37.63 37.68 37.66 37.70 37.51 37.46 37.53 37.50 37.48 37.45 37.38 37.35 37.35 37.33 37.30 37.27 37.20 37.24 37.21 37.22 37.18 37.09 37.03 37.07 36.99 37.00 36.94 36.89 36.89 36.81 36.92 36.78 36.61
39.39 39.29 39.23 39.18 39.12 38.97 38.83 38.83 38.84 38.82 38.77 38.67 38.64 38.56 38.54 38.49 38.45 38.41 38.38 38.35 38.30 38.25 38.24 38.22 38.19 38.17 38.16 38.11 38.10 38.10 38.09 38.08 38.06 38.06 38.08 38.07 38.05 38.03 38.00 38.01 38.01 37.99 37.96 37.79 37.78 37.74 37.78 37.80 37.84 37.83 37.75 37.70 37.63 37.58 37.51 37.48 37.41 37.36 37.13 37.10 37.32 37.26 37.25 37.20 37.15 37.05 36.96 37.01 37.07 37.10 37.05 37.00 37.07 36.85 36.78 36.60 36.60
39.35 39.29 39.23 39.16 39.05 38.71 38.74 38.88 38.85 38.80 38.74 38.65 38.60 38.56 38.54 38.49 38.44 38.41 38.37 38.33 38.29 38.25 38.26 38.21 38.16 38.16 38.14 38.11 38.10 38.10 38.10 38.08 38.09 38.09 38.09 38.10 38.08 38.06 38.03 38.07 38.04 38.02 38.03 37.94 37.87 37.87 37.90 37.88 37.89 37.86 37.79 37.73 37.62 37.56 37.54 37.47 37.41 37.38 37.25 37.27 37.25 37.33 37.27 37.24 37.10 37.14 37.07 36.96 37.03 37.05 37.11 36.89 36.90 36.85 36.75 36.55 36.41
39.35 39.29 39.21 39.18 39.00 38.88 38.91 38.80 38.84 38.77 38.72 38.63 38.61 38.56 38.50 38.47 38.43 38.41 38.33 38.32 38.29 38.28 38.21 38.17 38.15 38.14 38.13 38.11 38.11 38.09 38.10 38.10 38.11 38.08 38.07 38.09 38.10 38.06 38.06 38.06 38.06 38.01 38.04 38.02 38.02 37.99 37.93 37.97 37.93 37.86 37.76 37.76 37.53 37.51 37.39 37.51 37.42 37.38 37.17 37.21 37.27 37.34 37.22 37.20 37.22 37.15 37.26 37.14 37.13 37.11 37.11 37.03 36.78 36.88 36.57 36.60 36.55
39.33 39.28 39.21 39.13 39.00 38.87 38.87 38.88 38.80 38.76 38.69 38.62 38.57 38.53 38.48 38.43 38.40 38.38 38.32 38.30 38.28 38.25 38.20 38.15 38.13 38.13 38.12 38.10 38.12 38.09 38.10 38.09 38.08 38.05 38.08 38.10 38.10 38.08 38.11 38.09 38.07 38.05 38.05 38.05 38.05 38.00 38.00 37.98 37.91 37.84 37.71 37.70 37.62 37.56 37.36 37.34 37.44 37.40 37.26 37.25 37.18 37.32 37.24 37.08 37.13 37.27 37.31 37.30 37.12 37.13 37.18 36.84 36.96 36.99 36.83 36.59 36.62
39.31 39.26 39.17 39.09 39.01 38.82 38.73 38.75 38.81 38.72 38.68 38.60 38.56 38.51 38.47 38.42 38.40 38.38 38.35 38.28 38.25 38.20 38.19 38.13 38.12 38.11 38.10 38.09 38.09 38.09 38.09 38.07 38.06 38.03 38.07 38.11 38.11 38.09 38.11 38.06 38.05 38.04 38.04 38.06 38.05 38.01 38.06 37.97 37.98 37.94 37.88 37.83 37.83 37.71 37.60 37.39 37.23 37.31 37.27 37.22 37.27 37.39 37.37 37.35 37.18 37.37 37.41 37.33 37.26 37.29 37.08 37.02 37.00 37.00 36.86 36.72 36.68
39.32 39.21 39.18 39.08 38.97 38.94 38.88 38.76 38.76 38.71 38.64 38.60 38.56 38.51 38.45 38.41 38.38 38.35 38.31 38.24 38.19 38.17 38.16 38.11 38.07 38.05 38.08 38.08 38.07 38.08 38.08 38.09 38.06 38.05 38.04 38.09 38.10 38.09 38.06 38.04 38.06 38.03 38.06 38.05 38.02 38.01 37.98 37.98 37.97 37.93 37.84 37.86 37.68 37.72 37.68 37.60 37.46 37.27 37.53 37.48 37.48 37.54 37.54 37.50 37.48 37.49 37.47 37.42 37.33 37.25 37.19 37.14 37.10 37.01 36.91 36.72 36.68
39.27 39.16 39.10 39.02 38.97 38.94 38.88 38.82 38.76 38.67 38.64 38.59 38.56 38.51 38.44 38.39 38.35 38.31 38.28 38.20 38.16 38.15 38.11 38.10 38.07 38.06 38.06 38.05 38.03 38.05 38.08 38.07 38.05 38.04 38.02 38.08 38.08 38.04 38.04 38.04 38.04 38.00 38.03 38.02 38.00 37.98 37.92 37.97 37.96 37.92 37.80 37.81 37.64 37.74 37.66 37.59 37.39 37.24 37.53 37.60 37.59 37.61 37.62 37.62 37.59 37.56 37.51 37.44 37.35 37.31 37.24 37.17 37.08 36.97 36.84 36.77 36.63
39.21 39.12 39.05 39.00 38.95 38.90 38.87 38.79 38.72 38.67 38.62 38.58 38.52 38.40 38.40 38.38 38.35 38.29 38.23 38.18 38.12 38.12 38.08 38.06 38.04 38.04 38.04 38.04 38.00 38.02 38.04 38.01 38.01 38.00 37.98 38.05 38.01 38.01 37.97 37.99 38.01 37.98 37.98 38.02 38.00 37.97 37.90 37.94 37.93 37.87 37.79 37.61 37.66 37.67 37.48 37.51 37.50 37.61 37.60 37.65 37.68 37.69 37.66 37.63 37.60 37.57 37.53 37.44 37.32 37.33 37.22 37.15 37.05 36.96 36.85 36.72 36.61
39.18 39.09 39.01 38.96 38.91 38.88 38.81 38.74 38.67 38.63 38.57 38.53 38.47 38.42 38.35 38.33 38.33 38.25 38.20 38.15 38.10 38.08 38.04 38.03 38.01 37.98 37.99 37.98 37.99 37.95 38.01 37.96 37.98 37.95 37.94 37.97 37.96 37.95 37.94 37.95 37.98 37.96 37.94 37.98 37.96 37.91 37.89 37.84 37.78 37.73 37.72 37.64 37.53 37.54 37.54 37.61 37.57 37.62 37.72 37.72 37.73 37.71 37.69 37.66 37.62 37.57 37.51 37.38 37.33 37.31 37.22 37.11 37.02 36.92 36.80 36.67 36.56
39.12 39.05 38.99 38.92 38.87 38.84 38.77 38.69 38.65 38.59 38.53 38.50 38.43 38.37 38.31 38.29 38.24 38.20 38.15 38.10 38.04 38.03 38.01 37.99 37.97 37.95 37.96 37.94 37.95 37.93 37.93 37.93 37.92 37.93 37.88 37.88 37.89 37.89 37.90 37.92 37.91 37.91 37.90 37.92 37.91 37.92 37.93 37.87 37.85 37.80 37.77 37.66 37.59 37.59 37.65 37.63 37.64 37.67 37.71 37.75 37.73 37.69 37.67 37.64 37.59 37.56 37.52 37.42 37.37 37.31 37.19 37.10 37.00 36.88 36.74 36.62 36.49
39.07 39.01 38.93 38.86 38.83 38.77 38.72 38.66 38.61 38.56 38.50 38.46 38.40 38.33 38.29 38.28 38.18 38.17 38.10 38.03 37.99 37.97 37.96 37.93 37.90 37.91 37.89 37.87 37.88 37.85 37.87 37.85 37.85 37.84 37.82 37.82 37.82 37.84 37.82 37.82 37.83 37.83 37.84 37.88 37.86 37.86 37.89 37.86 37.82 37.75 37.72 37.60 37.60 37.72 37.72 37.74 37.67 37.73 37.74 37.71 37.68 37.68 37.65 37.61 37.58 37.51 37.47 37.41 37.27 37.25 37.18 37.06 36.94 36.80 36.65 36.53 36.43
39.03 38.96 38.90 38.83 38.78 38.73 38.67 38.62 38.56 38.51 38.45 38.41 38.36 38.30 38.25 38.22 38.16 38.10 38.04 37.98 37.94 37.92 37.89 37.88 37.86 37.84 37.80 37.81 37.80 37.79 37.79 37.77 37.76 37.76 37.74 37.75 37.73 37.74 37.75 37.74 37.76 37.78 37.79 37.81 37.83 37.80 37.82 37.80 37.76 37.74 37.70 37.55 37.58 37.72 37.73 37.74 37.70 37.70 37.67 37.67 37.67 37.64 37.61 37.58 37.54 37.49 37.46 37.35 37.29 37.23 37.13 37.00 36.89 36.76 36.60 36.46 36.33
38.94 38.90 38.84 38.80 38.73 38.67 38.62 38.57 38.51 38.47 38.42 38.37 38.33 38.25 38.22 38.19 38.10 38.05 37.99 37.92 37.87 37.84 37.83 37.82 37.79 37.76 37.74 37.73 37.71 37.70 37.67 37.69 37.67 37.65 37.67 37.65 37.59 37.58 37.67 37.67 37.68 37.69 37.70 37.74 37.70 37.71 37.70 37.75 37.67 37.64 37.59 37.55 37.63 37.63 37.70 37.70 37.68 37.65 37.65 37.60 37.61 37.58 37.54 37.54 37.50 37.44 37.39 37.33 37.24 37.16 37.09 36.97 36.84 36.69 36.54 36.43 36.28
38.90 38.84 38.79 38.74 38.67 38.61 38.56 38.52 38.47 38.43 38.37 38.33 38.27 38.21 38.18 38.10 38.05 37.96 37.90 37.86 37.80 37.78 37.78 37.73 37.70 37.66 37.65 37.62 37.59 37.58 37.57 37.57 37.57 37.56 37.57 37.51 37.59 37.47 37.53 37.58 37.59 37.62 37.63 37.66 37.69 37.68 37.70 37.70 37.62 37.56 37.63 37.68 37.70 37.71 37.72 37.69 37.66 37.63 37.59 37.54 37.53 37.51 37.48 37.47 37.44 37.38 37.35 37.26 37.17 37.10 36.99 36.87 36.74 36.60 36.49 36.33 36.16
38.85 38.78 38.74 38.69 38.63 38.58 38.53 38.39 38.42 38.37 38.32 38.29 38.20 38.15 38.10 38.04 37.95 37.89 37.82 37.77 37.73 37.71 37.68 37.64 37.61 37.55 37.51 37.49 37.46 37.45 37.45 37.45 37.46 37.46 37.42 37.47 37.46 37.49 37.48 37.48 37.50 37.53 37.55 37.58 37.63 37.60 37.64 37.64 37.56 37.56 37.65 37.69 37.71 37.71 37.68 37.65 37.61 37.57 37.54 37.48 37.44 37.41 37.39 37.37 37.34 37.28 37.26 37.15 37.08 36.99 36.91 36.79 36.67 36.54 36.40 36.29 36.15
