datasets/raw/temp/2019111220191112.grid
ncols 886
nrows 691
xllcenter 112.0000
yllcenter -44.5000
cellsize 0.0500
nodata_value 99999.90
[rows 136 to 169 of 691, columns 462 to 538 of 886]
40.37 40.35 40.33 40.27 40.23 40.18 40.41 40.28 40.62 40.60 40.49 40.46 40.44 40.37 39.72 39.70 39.52 39.76 39.89 40.00 39.68 39.15 39.01 39.26 38.84 38.79 38.60 38.55 38.48 38.27 38.39 38.29 37.85 37.95 37.67 37.70 37.40 37.47 37.56 37.07 37.20 36.84 36.63 36.85 36.69 36.59 36.30 36.72 36.38 36.44 36.20 36.29 36.29 36.31 36.35 36.28 36.20 36.20 36.10 36.00 35.88 35.79 35.64 35.51 35.38 35.23 35.06 34.93 34.74 34.61 34.45 34.29 34.15 34.02 33.88 33.73 33.59
40.33 40.28 40.27 40.30 40.27 40.29 40.32 40.23 40.47 40.35 40.41 40.35 40.42 40.21 40.36 39.84 39.55 39.67 39.63 40.04 39.64 39.64 39.28 39.47 39.00 38.69 38.57 38.64 38.39 38.49 38.34 38.11 37.97 37.70 37.69 37.78 37.96 37.75 37.48 37.25 37.08 36.97 36.89 36.78 36.82 36.91 36.42 36.64 36.53 36.53 36.38 36.44 36.14 35.63 35.95 36.43 36.28 36.33 36.22 36.13 36.01 35.91 35.78 35.65 35.51 35.36 35.21 35.05 34.88 34.72 34.56 34.41 34.27 34.13 33.99 33.86 33.73
40.30 40.34 40.26 40.27 40.26 40.18 40.16 40.21 40.27 40.48 40.44 40.13 40.23 40.16 40.10 40.01 39.80 39.76 40.03 40.03 39.47 39.64 39.21 39.45 39.20 38.98 38.53 38.44 38.54 38.33 38.41 38.14 38.10 37.97 37.91 37.88 37.74 37.51 37.53 37.23 37.19 36.96 37.01 36.83 36.77 36.89 36.73 36.61 36.66 36.69 36.44 36.35 35.74 35.62 36.09 35.87 36.36 36.41 36.35 36.25 36.14 36.03 35.91 35.76 35.63 35.48 35.33 35.17 35.01 34.82 34.67 34.52 34.38 34.26 34.11 33.98 33.85
40.35 40.25 40.16 40.18 40.17 40.17 40.18 40.37 40.36 40.38 40.41 40.15 39.97 39.98 39.92 39.98 39.78 39.80 39.78 39.84 39.82 39.50 39.00 39.44 39.32 39.05 38.79 38.60 38.33 38.50 38.48 38.30 38.06 37.75 38.06 38.07 37.57 37.35 37.53 37.29 37.11 37.10 36.97 36.92 37.09 37.15 36.88 36.75 36.63 36.57 36.49 36.27 36.10 35.73 36.23 35.51 36.30 36.54 36.51 36.40 36.30 36.18 36.03 35.89 35.74 35.60 35.46 35.30 35.11 34.97 34.80 34.64 34.48 34.37 34.23 34.11 33.99
40.28 40.21 40.07 40.06 40.12 40.26 40.27 40.31 40.34 40.20 40.16 40.24 39.98 39.85 39.88 39.61 39.89 39.84 40.01 39.97 39.63 39.44 39.15 39.16 38.85 39.00 38.94 38.34 38.48 38.42 38.38 37.93 38.03 38.00 38.01 38.09 37.64 37.49 37.52 37.29 37.21 37.03 36.91 36.86 37.02 37.08 36.97 36.80 36.73 36.62 36.58 36.43 35.78 36.20 35.83 36.41 35.84 36.62 36.60 36.54 36.42 36.29 36.16 36.00 35.87 35.73 35.58 35.43 35.28 35.10 34.93 34.77 34.61 34.47 34.32 34.21 34.09
40.17 40.23 40.04 39.92 40.20 40.28 40.29 40.21 40.28 40.26 40.06 39.99 39.95 39.86 39.72 39.86 39.81 40.00 40.02 39.33 39.47 39.55 38.98 38.87 39.11 39.07 38.56 38.56 38.31 38.26 38.19 38.08 38.07 38.00 38.10 37.84 37.75 37.53 37.44 37.42 37.28 37.23 37.01 37.31 37.03 37.06 37.15 36.84 36.76 36.69 36.65 36.42 36.43 36.33 36.58 36.29 36.19 36.82 36.72 36.63 36.55 36.43 36.28 36.14 35.99 35.85 35.71 35.55 35.41 35.25 35.07 34.90 34.74 34.58 34.45 34.33 34.20
40.17 40.14 40.10 39.91 40.00 39.88 39.77 40.03 40.16 40.14 40.10 39.99 39.79 39.80 39.65 39.88 40.07 39.81 39.83 39.43 39.26 39.34 39.09 38.95 39.06 38.91 38.48 38.38 38.29 38.25 38.29 38.20 38.06 38.33 37.90 37.81 37.59 37.49 37.42 37.48 37.29 37.24 37.07 37.08 37.07 37.07 37.16 36.88 36.81 36.81 36.75 36.54 36.52 36.59 36.43 36.64 36.61 36.52 36.51 36.76 36.72 36.56 36.40 36.27 36.13 35.98 35.81 35.68 35.54 35.39 35.21 35.03 34.86 34.73 34.60 34.48 34.40
40.33 40.34 40.21 40.09 40.03 40.02 39.89 39.98 40.12 40.09 40.06 40.01 39.85 39.78 39.80 39.59 39.84 39.58 39.47 39.42 39.32 39.33 39.26 38.92 39.06 38.94 38.54 38.36 38.18 38.17 38.20 38.29 37.99 38.06 37.89 37.92 37.67 37.47 37.44 37.39 37.26 37.17 37.17 37.32 37.00 37.09 37.32 37.02 36.77 36.86 36.68 36.53 36.50 36.35 36.70 36.91 36.53 37.00 36.85 36.89 36.84 36.66 36.53 36.39 36.24 36.10 35.97 35.81 35.68 35.52 35.35 35.19 35.02 34.88 34.77 34.65 34.58
40.52 40.46 40.37 40.26 40.14 40.04 39.90 40.03 40.04 39.82 40.01 39.92 39.61 39.77 39.66 39.80 39.70 39.54 39.47 39.35 39.26 39.17 39.11 39.05 38.85 38.78 38.54 38.37 38.38 38.49 38.35 38.29 38.32 37.95 38.06 37.71 37.60 37.51 37.37 37.45 37.63 37.49 37.27 37.23 37.06 37.30 37.22 37.18 37.01 36.80 36.70 36.60 36.27 36.69 37.07 36.68 37.22 37.37 37.17 37.08 36.89 36.78 36.63 36.47 36.35 36.21 36.08 35.95 35.79 35.65 35.49 35.33 35.18 35.06 34.95 34.83 34.74
40.56 40.47 40.38 40.28 40.11 39.93 39.77 39.80 39.73 39.95 39.50 39.79 39.71 39.79 39.64 39.71 39.54 39.45 39.36 39.31 39.16 39.16 38.97 38.97 38.78 38.74 38.51 38.34 38.28 38.33 38.31 38.26 38.15 37.98 37.98 37.83 37.49 37.40 37.39 37.41 37.48 37.49 37.35 36.93 37.20 37.28 37.19 37.33 37.03 36.67 36.43 36.31 37.04 37.44 37.32 37.44 37.48 36.99 36.71 36.96 36.86 36.81 36.70 36.55 36.44 36.31 36.20 36.06 35.93 35.79 35.62 35.48 35.33 35.21 35.11 35.01 34.90
40.51 40.31 40.25 40.21 40.03 39.87 39.86 39.68 39.76 39.66 39.89 39.42 39.78 39.61 39.60 39.60 39.21 39.22 39.30 39.16 39.08 39.15 38.76 38.68 38.51 38.61 38.36 38.18 38.15 38.34 38.20 38.43 37.92 37.95 38.01 37.71 37.61 37.67 37.55 37.59 37.42 37.22 37.39 37.47 37.21 37.05 37.20 37.26 37.31 37.06 36.76 37.38 36.61 37.52 37.51 37.19 37.04 37.37 36.77 36.78 36.57 36.81 36.66 36.64 36.54 36.43 36.29 36.17 36.05 35.92 35.78 35.64 35.51 35.37 35.27 35.16 35.08
40.48 40.37 40.39 40.28 40.13 39.95 39.95 39.79 39.61 39.56 39.43 39.68 39.39 39.59 39.51 39.30 39.34 39.24 39.33 39.11 39.09 38.90 38.84 38.59 38.62 38.36 38.26 38.23 38.17 38.10 38.28 38.36 38.14 37.88 37.80 37.47 37.71 37.69 37.57 37.73 37.51 37.32 37.32 37.34 37.43 36.93 37.11 37.27 37.10 37.25 36.90 37.10 37.57 37.61 36.60 37.30 37.26 37.26 36.89 36.99 36.97 36.88 36.85 36.77 36.62 36.52 36.38 36.27 36.17 36.07 35.94 35.83 35.69 35.56 35.46 35.37 35.30
40.52 40.51 40.42 40.37 40.24 40.10 40.04 39.75 39.77 39.63 39.69 39.60 39.61 39.55 39.37 39.34 39.42 39.44 39.35 39.23 39.09 38.94 38.79 38.60 38.50 38.51 38.42 38.41 38.32 38.14 38.11 38.28 38.14 37.97 37.73 37.68 37.69 37.59 37.74 37.56 37.39 37.35 37.25 37.25 37.23 37.06 37.26 37.20 37.25 37.33 37.05 37.38 37.58 36.48 36.33 36.46 36.45 36.37 37.17 37.24 37.15 37.08 36.89 36.73 36.70 36.61 36.48 36.37 36.29 36.21 36.11 35.99 35.86 35.75 35.67 35.62 35.53
40.66 40.58 40.50 40.41 40.26 40.17 40.00 39.96 39.98 39.84 39.76 39.71 39.71 39.68 39.57 39.48 39.48 39.46 39.39 39.28 39.09 38.95 38.89 38.75 38.70 38.66 38.53 38.47 38.34 38.15 38.08 38.15 38.05 37.73 37.78 37.71 37.75 37.79 37.63 37.61 37.41 37.36 37.33 37.32 37.15 37.22 37.07 37.13 37.18 37.33 37.00 37.67 36.69 36.83 37.41 37.50 37.17 37.37 37.34 37.33 37.23 37.11 36.78 36.04 36.68 36.62 36.52 36.46 36.42 36.37 36.26 36.14 36.04 35.95 35.92 35.85 35.74
40.70 40.56 40.47 40.43 40.23 40.12 40.18 40.13 40.09 39.98 39.88 39.81 39.77 39.71 39.66 39.62 39.60 39.51 39.45 39.39 39.24 39.15 39.04 38.94 38.84 38.79 38.65 38.42 38.30 38.21 38.03 37.97 37.96 37.79 37.75 37.71 37.70 37.79 37.65 37.55 37.55 37.48 37.38 37.32 37.28 37.28 37.16 37.06 37.23 37.30 36.91 37.17 36.99 37.01 37.33 37.15 37.41 37.38 37.38 37.34 37.25 37.07 36.81 36.43 36.51 36.68 36.66 36.31 36.56 36.47 36.38 36.29 36.21 36.16 36.11 36.01 35.96
40.66 40.60 40.50 40.47 40.28 40.35 40.31 40.22 40.14 40.05 39.98 39.89 39.81 39.79 39.77 39.71 39.63 39.56 39.48 39.41 39.33 39.23 39.12 39.04 38.90 38.81 38.63 38.42 38.22 38.13 37.99 38.04 38.01 38.04 37.92 37.79 37.72 37.72 37.73 37.74 37.63 37.51 37.41 37.34 37.32 37.33 37.08 37.22 37.39 37.31 37.04 37.00 36.94 37.32 37.34 37.31 36.64 37.01 37.00 36.87 36.34 36.80 36.81 36.99 36.92 36.81 36.82 36.76 36.69 36.60 36.52 36.44 36.39 36.35 36.31 36.24 36.17
40.68 40.59 40.58 40.54 40.44 40.42 40.39 40.32 40.21 40.13 40.06 40.00 39.96 39.86 39.80 39.74 39.66 39.57 39.49 39.42 39.34 39.27 39.20 39.05 38.88 38.74 38.67 38.60 38.46 38.23 38.12 38.00 38.02 38.08 38.08 37.98 37.93 37.88 37.91 37.78 37.60 37.49 37.36 37.21 37.18 37.21 37.14 37.32 37.29 37.24 37.15 36.86 37.00 36.92 36.77 36.66 36.40 36.78 36.62 36.99 37.01 37.15 37.15 37.12 37.08 37.00 36.95 36.89 36.80 36.73 36.66 36.64 36.58 36.55 36.51 36.48 36.40
40.76 40.67 40.62 40.62 40.57 40.51 40.44 40.37 40.28 40.22 40.14 40.09 40.02 39.94 39.85 39.77 39.70 39.63 39.55 39.48 39.40 39.33 39.22 39.09 38.95 38.71 38.63 38.52 38.36 38.28 38.15 38.17 38.19 38.26 38.22 38.21 38.07 37.93 37.98 37.95 37.87 37.79 37.65 37.38 37.28 37.18 37.20 37.24 37.21 37.18 37.10 37.07 36.78 36.64 36.60 36.86 36.80 36.66 36.39 36.91 37.19 37.27 37.22 36.92 37.10 36.98 37.03 36.97 36.92 36.86 36.79 36.74 36.74 36.71 36.67 36.68 36.62
40.78 40.73 40.68 40.68 40.57 40.53 40.48 40.41 40.33 40.29 40.21 40.15 40.08 40.00 39.91 39.81 39.76 39.69 39.62 39.53 39.46 39.39 39.26 39.11 39.01 38.83 38.72 38.60 38.48 38.34 38.41 38.32 38.28 38.29 38.23 38.22 38.24 38.05 37.98 38.05 38.07 37.82 37.71 37.70 37.51 37.40 37.34 37.24 37.24 37.33 37.22 37.04 36.75 36.93 36.84 37.27 37.07 37.12 37.19 37.14 37.08 37.05 36.84 36.98 36.92 37.10 37.04 37.06 37.03 36.98 36.92 36.89 36.89 36.87 36.87 36.86 36.80
40.80 40.79 40.78 40.70 40.64 40.61 40.53 40.47 40.41 40.37 40.28 40.21 40.14 40.05 39.97 39.88 39.82 39.76 39.69 39.59 39.51 39.44 39.35 39.23 39.12 39.01 38.88 38.79 38.58 38.53 38.56 38.52 38.39 38.37 38.32 38.15 38.22 38.28 38.24 38.11 37.96 37.88 37.69 37.47 37.56 37.57 37.48 37.32 37.26 37.24 37.14 37.06 37.01 37.11 37.55 37.54 37.59 37.45 37.47 36.64 37.26 36.84 37.00 36.76 36.98 37.15 37.22 37.14 37.17 37.09 37.08 37.04 37.01 37.01 37.03 37.01 37.00
40.92 40.89 40.85 40.78 40.68 40.64 40.59 40.52 40.49 40.44 40.37 40.28 40.21 40.12 40.01 39.93 39.88 39.81 39.74 39.65 39.57 39.50 39.42 39.32 39.23 39.15 39.04 38.92 38.78 38.71 38.63 38.59 38.57 38.43 38.44 38.35 38.39 38.32 38.15 38.20 38.28 38.13 37.93 37.68 37.76 37.50 37.53 37.38 37.24 37.21 37.14 37.68 37.84 37.82 37.83 37.79 37.77 37.66 37.64 37.41 37.03 37.52 37.53 37.51 37.49 37.42 37.39 37.29 37.29 37.22 37.18 37.15 37.16 37.14 37.17 37.16 37.14
41.06 41.03 40.96 40.87 40.76 40.69 40.66 40.58 40.52 40.48 40.42 40.35 40.27 40.19 40.08 40.00 39.93 39.87 39.80 39.70 39.63 39.55 39.48 39.40 39.33 39.23 39.12 39.02 38.96 38.80 38.72 38.63 38.66 38.62 38.54 38.50 38.45 38.34 38.23 38.32 38.40 38.16 37.99 37.79 38.12 37.93 37.67 37.19 37.84 37.85 37.72 37.94 38.01 37.96 37.92 37.94 37.95 37.49 37.80 37.77 37.68 37.68 37.57 37.64 37.60 37.60 37.59 37.50 37.39 37.34 37.35 37.35 37.33 37.31 37.32 37.31 37.30
41.14 41.07 41.02 40.93 40.85 40.78 40.71 40.66 40.56 40.52 40.46 40.39 40.33 40.24 40.15 40.08 40.00 39.93 39.84 39.77 39.70 39.61 39.53 39.46 39.38 39.29 39.19 39.10 39.00 38.88 38.83 38.80 38.77 38.61 38.56 38.54 38.45 38.37 38.46 38.37 38.42 38.42 38.20 38.12 38.23 38.20 37.94 37.74 37.89 38.03 38.04 38.06 38.00 37.91 37.67 37.80 37.97 37.68 37.93 37.90 37.86 37.86 37.94 37.90 37.77 37.77 37.72 37.71 37.65 37.63 37.59 37.56 37.51 37.49 37.48 37.49 37.48
41.19 41.11 41.06 40.99 40.91 40.82 40.75 40.71 40.62 40.56 40.52 40.44 40.36 40.30 40.21 40.14 40.06 39.98 39.88 39.81 39.74 39.65 39.58 39.51 39.42 39.33 39.24 39.13 39.08 39.07 38.99 38.92 38.81 38.72 38.57 38.55 38.50 38.55 38.31 38.45 38.52 38.47 38.41 38.38 38.33 38.32 38.19 38.12 38.05 38.13 38.16 38.01 38.01 38.24 38.33 38.16 38.15 38.10 38.18 38.08 38.11 38.03 37.95 37.85 37.73 37.79 37.79 37.75 37.72 37.72 37.67 37.64 37.66 37.64 37.64 37.65 37.62
41.25 41.18 41.12 41.04 40.96 40.88 40.79 40.74 40.71 40.60 40.53 40.46 40.38 40.33 40.25 40.15 40.09 40.01 39.90 39.85 39.76 39.70 39.64 39.55 39.48 39.38 39.28 39.20 39.16 39.11 38.99 38.93 38.85 38.75 38.68 38.55 38.47 38.62 38.63 38.57 38.66 38.45 38.61 38.59 38.55 38.49 38.36 38.45 38.29 38.26 38.41 38.31 38.50 38.36 38.02 37.93 38.32 38.15 38.32 38.23 38.15 37.99 37.83 37.89 37.93 37.93 37.93 37.85 37.88 37.81 37.78 37.78 37.77 37.78 37.75 37.83 37.80
41.31 41.25 41.19 41.12 41.06 40.97 40.88 40.79 40.72 40.53 40.53 40.49 40.41 40.34 40.29 40.22 40.13 40.06 39.99 39.91 39.83 39.76 39.69 39.62 39.52 39.39 39.29 39.18 39.21 39.10 38.94 38.94 38.85 38.79 38.66 38.53 38.42 38.59 38.58 38.72 38.61 38.52 38.53 38.54 38.52 38.50 38.46 38.43 38.46 38.30 38.28 38.25 38.21 38.31 38.44 38.02 38.39 38.03 38.21 37.97 37.94 37.91 38.10 37.85 37.94 38.01 37.74 38.00 37.87 38.03 38.00 37.99 38.00 37.97 37.96 37.96 37.92
41.35 41.30 41.23 41.18 41.10 41.00 40.92 40.81 40.73 40.61 40.58 40.48 40.39 40.36 40.32 40.25 40.20 40.12 40.07 39.99 39.91 39.85 39.77 39.70 39.60 39.55 39.48 39.41 39.34 39.24 39.07 38.92 38.84 38.79 38.57 38.47 38.64 38.62 38.64 38.72 38.67 38.49 38.48 38.53 38.50 38.44 38.32 38.35 38.51 38.49 38.43 38.44 38.22 38.55 38.37 38.04 38.10 38.21 38.03 37.98 37.94 37.97 38.16 38.18 38.25 38.24 38.20 38.18 38.09 38.17 38.15 38.14 38.12 38.10 38.09 38.08 38.05
41.41 41.35 41.28 41.20 41.12 40.99 40.92 40.86 40.76 40.71 40.63 40.52 40.42 40.38 40.35 40.26 40.21 40.14 40.10 40.04 39.98 39.91 39.85 39.77 39.68 39.63 39.54 39.48 39.40 39.27 39.15 39.05 38.83 38.83 38.67 38.60 38.78 38.80 38.83 38.71 38.79 38.60 38.51 38.45 38.35 38.32 38.42 38.48 38.51 38.48 38.38 38.49 38.44 38.61 38.17 38.17 38.05 38.00 38.22 38.04 38.19 38.15 38.02 38.17 38.22 38.27 38.26 38.09 38.22 38.29 38.31 38.26 38.24 38.23 38.19 38.14 38.12
41.45 41.38 41.28 41.18 41.08 40.99 40.90 40.88 40.78 40.72 40.64 40.55 40.43 40.42 40.36 40.29 40.23 40.18 40.13 40.06 40.03 39.95 39.88 39.81 39.74 39.67 39.60 39.56 39.50 39.27 39.19 39.02 38.96 38.93 38.69 38.79 38.76 38.84 38.87 38.77 38.81 38.91 38.67 38.54 38.37 38.33 38.43 38.40 38.41 38.60 38.59 38.43 38.55 38.67 38.35 38.22 38.16 38.06 38.17 37.97 38.03 38.28 38.23 38.12 38.18 38.27 38.33 38.50 38.50 38.47 38.44 38.38 38.37 38.33 38.26 38.22 38.23
41.49 41.42 41.25 41.13 41.01 40.98 40.91 40.86 40.79 40.75 40.65 40.58 40.50 40.49 40.43 40.37 40.31 40.27 40.20 40.12 40.07 39.99 39.93 39.88 39.81 39.74 39.67 39.62 39.58 39.41 39.12 39.12 39.10 38.96 38.74 38.81 38.94 38.79 38.81 38.85 38.80 38.92 38.81 38.79 38.65 38.51 38.45 38.43 38.40 38.59 38.33 38.59 38.61 38.49 38.55 38.46 38.30 38.28 38.09 37.88 38.40 38.49 38.37 38.19 38.40 38.58 38.15 38.63 38.64 38.59 38.55 38.49 38.42 38.41 38.37 38.37 38.37
41.48 41.46 41.32 41.23 41.10 41.06 41.02 40.93 40.82 40.79 40.75 40.67 40.65 40.60 40.51 40.44 40.39 40.34 40.25 40.17 40.10 40.04 39.98 39.92 39.87 39.81 39.75 39.69 39.64 39.49 39.28 39.28 39.09 39.04 38.96 38.91 38.66 38.76 38.85 38.78 38.69 38.78 38.82 38.75 38.55 38.58 38.55 38.60 38.53 38.65 38.61 38.47 38.29 38.56 38.71 38.50 38.39 38.35 38.24 38.10 38.03 38.17 38.35 38.41 38.48 38.36 38.61 38.68 38.73 38.62 38.64 38.52 38.54 38.48 38.41 38.42 38.44
41.55 41.49 41.43 41.31 41.22 41.14 41.07 41.00 40.92 40.87 40.81 40.77 40.72 40.59 40.52 40.53 40.47 40.40 40.33 40.26 40.16 40.09 40.03 39.99 39.95 39.89 39.80 39.75 39.66 39.52 39.39 39.38 39.27 39.17 39.06 39.00 38.87 38.89 38.86 38.83 38.73 38.87 38.87 38.77 38.58 38.67 38.64 38.67 38.68 38.58 38.51 38.74 38.75 38.74 38.73 38.54 38.44 38.38 38.07 38.14 37.84 37.74 38.26 38.42 38.89 38.36 38.85 38.87 38.82 38.76 38.71 38.64 38.57 38.49 38.44 38.50 38.48
41.53 41.47 41.40 41.34 41.24 41.21 41.15 41.07 41.00 40.93 40.86 40.81 40.81 40.66 40.63 40.60 40.52 40.41 40.36 40.29 40.22 40.16 40.08 40.07 40.02 39.94 39.83 39.80 39.77 39.66 39.46 39.32 39.38 39.29 39.19 39.12 39.03 38.91 38.93 38.90 38.85 38.81 38.88 38.80 38.67 38.73 38.69 38.67 38.53 38.60 38.67 38.73 38.76 38.59 38.73 38.71 38.47 38.28 38.08 38.08 38.09 38.20 38.58 38.11 38.88 38.34 38.83 38.81 38.87 38.82 38.74 38.71 38.55 38.39 38.39 38.48 38.55
41.54 41.48 41.43 41.38 41.31 41.22 41.20 41.15 41.04 40.98 40.91 40.92 40.85 40.75 40.71 40.62 40.55 40.47 40.41 40.36 40.30 40.24 40.16 40.17 40.07 40.00 39.93 39.89 39.84 39.74 39.63 39.46 39.43 39.26 39.37 39.21 39.11 39.06 39.01 38.84 38.86 38.90 38.94 38.81 38.72 38.59 38.73 38.68 38.73 38.78 38.82 38.66 38.78 38.79 38.72 38.75 38.40 38.29 37.89 37.77 38.18 38.42 38.94 38.81 38.58 38.26 38.32 38.76 38.95 38.92 38.82 38.69 38.31 38.55 38.53 38.64 38.66
