datasets/raw/temp/2019101720191017.grid
ncols 886
nrows 691
xllcenter 112.0000
yllcenter -44.5000
cellsize 0.0500
nodata_value 99999.90
[rows 170 to 203 of 691, columns 231 to 307 of 886]
40.40 40.56 40.74 40.83 41.06 41.17 41.14 41.24 41.42 41.48 41.53 41.67 41.70 41.79 42.08 41.99 42.08 42.24 42.37 42.48 42.58 42.64 42.70 42.76 42.76 42.79 42.77 42.80 42.85 42.85 42.85 42.85 42.89 42.93 42.97 43.02 43.07 43.09 43.08 43.10 43.08 43.06 43.07 43.03 42.90 42.83 42.66 42.68 42.84 42.87 42.88 42.62 42.86 42.99 43.05 42.92 42.84 41.90 42.47 42.76 42.99 43.04 43.09 42.97 42.98 42.65 42.71 42.80 42.61 42.60 42.59 42.34 42.74 42.68 42.61 42.53 42.48
40.30 40.43 40.63 40.85 41.00 40.99 41.15 41.21 41.31 41.41 41.38 41.51 41.49 41.61 41.90 41.89 42.06 42.24 42.34 42.44 42.49 42.59 42.64 42.72 42.76 42.81 42.85 42.86 42.87 42.89 42.88 42.88 42.88 42.95 42.96 43.02 43.06 43.02 43.05 43.08 43.05 43.06 43.06 43.08 42.98 42.90 42.83 42.76 42.83 42.88 42.78 42.70 42.20 42.97 42.98 43.00 42.92 42.82 42.61 42.78 42.86 42.97 42.86 42.43 42.71 42.61 42.67 42.79 42.74 42.71 42.74 42.81 42.74 42.74 42.62 42.55 42.51
39.73 40.34 40.67 40.77 40.94 40.96 41.09 41.19 41.31 41.36 41.37 41.48 41.45 41.48 41.67 41.89 42.07 42.20 42.14 42.27 42.44 42.52 42.59 42.69 42.71 42.74 42.77 42.73 42.29 42.71 42.78 42.81 42.76 42.82 42.82 42.94 43.04 43.04 43.02 43.00 43.04 43.05 43.07 43.08 43.01 42.94 42.82 42.57 42.79 42.62 42.88 42.71 42.61 42.61 42.55 42.92 42.92 42.84 42.61 42.76 42.79 42.92 42.99 42.63 42.63 42.29 42.76 42.79 42.84 42.86 42.84 42.78 42.63 42.62 42.66 42.61 42.64
40.11 40.37 40.56 40.70 40.84 40.91 40.93 41.14 41.11 41.23 41.32 41.42 41.39 41.40 41.51 41.74 41.79 41.99 42.08 42.18 42.40 42.42 42.53 42.67 42.72 42.69 42.67 42.47 42.34 42.30 42.57 42.55 42.51 42.66 42.78 42.86 42.98 42.95 43.00 43.01 43.02 43.05 43.05 43.07 42.97 42.90 42.94 42.94 42.58 42.59 42.47 42.72 42.85 42.75 42.56 42.79 42.96 42.85 42.81 42.67 42.67 42.74 42.98 42.73 42.79 42.75 42.89 42.77 42.70 42.75 42.72 42.71 42.67 42.66 42.59 42.66 42.69
40.20 40.40 40.57 40.65 40.75 40.86 40.81 40.98 41.10 41.11 41.27 41.35 41.37 41.37 41.45 41.58 41.63 41.80 42.00 42.20 42.38 42.38 42.45 42.60 42.71 42.69 42.68 42.51 42.26 41.96 41.92 42.07 42.61 42.72 42.85 42.89 42.91 42.93 42.93 43.03 43.00 43.03 43.07 43.06 43.03 43.04 43.05 42.98 42.87 42.46 42.73 42.70 42.71 42.80 42.69 42.55 42.76 42.91 42.85 42.69 42.61 42.64 42.63 42.97 42.96 42.83 42.94 42.77 42.87 42.87 42.80 42.83 42.71 42.63 42.62 42.51 42.49
40.07 40.39 40.49 40.63 40.55 40.70 40.74 40.99 41.09 41.10 41.12 41.25 41.25 41.32 41.39 41.54 41.75 41.80 41.96 42.16 42.32 42.32 42.37 42.54 42.67 42.74 42.77 42.71 42.15 42.17 42.01 42.20 42.40 42.56 42.78 42.71 42.63 42.90 43.02 43.07 42.97 42.98 43.11 43.11 43.07 43.11 43.11 43.11 43.09 43.06 42.91 42.43 42.36 42.61 42.65 42.66 42.70 42.73 42.76 42.85 42.69 42.70 42.78 42.84 42.78 42.84 42.85 42.86 42.81 42.82 42.72 42.68 42.70 42.64 42.48 42.49 42.23
40.02 40.33 40.40 40.58 40.54 40.57 40.79 40.84 40.85 40.97 40.99 41.13 41.14 41.21 41.55 41.59 41.78 41.93 42.10 42.17 42.19 42.17 42.35 42.47 42.62 42.67 42.80 42.72 42.60 42.47 42.30 42.28 42.65 42.55 42.40 42.44 42.71 42.96 43.01 43.09 42.92 42.89 42.95 43.11 42.99 43.04 43.14 43.13 43.11 43.11 43.06 42.88 42.55 42.67 42.73 42.70 42.70 42.82 42.93 42.86 42.79 42.77 42.80 42.77 42.71 42.67 42.68 42.74 42.72 42.62 42.67 42.61 42.56 42.51 42.27 42.42 42.31
40.23 40.19 40.42 40.30 40.31 40.45 40.68 40.69 40.70 40.84 40.80 41.08 41.01 41.27 41.44 41.31 41.76 41.92 42.00 42.09 42.15 42.21 42.32 42.36 42.52 42.64 42.74 42.80 42.78 42.79 42.68 42.73 42.70 42.73 42.64 42.58 42.51 42.93 43.00 43.00 42.99 42.89 42.92 43.12 43.04 42.85 43.15 43.19 43.12 43.09 43.04 43.03 42.65 42.83 42.93 42.86 42.97 42.93 42.99 42.94 42.91 42.74 42.86 42.86 42.73 42.57 42.53 42.46 42.63 42.35 42.53 42.56 42.63 42.30 42.38 42.14 42.03
39.97 40.10 40.16 40.21 40.29 40.52 40.64 40.78 40.80 40.85 40.81 40.93 41.09 41.33 41.44 41.52 41.37 41.82 41.83 42.08 42.13 42.20 42.28 42.37 42.47 42.57 42.67 42.76 42.79 42.84 42.78 42.82 42.84 42.82 42.78 42.61 42.80 42.97 43.02 42.98 42.96 43.00 43.12 43.09 42.79 42.38 43.12 43.19 43.21 43.11 42.99 42.91 42.45 43.00 43.03 42.92 42.69 42.60 42.86 42.80 42.85 42.86 42.74 42.87 42.73 42.64 42.50 42.49 42.44 42.16 42.34 42.22 42.50 42.30 42.24 41.96 42.04
39.74 39.95 40.14 40.35 40.45 40.62 40.71 40.83 40.88 40.93 40.98 41.06 41.11 41.28 41.37 41.55 41.65 41.58 41.78 41.98 42.04 42.13 42.20 42.39 42.40 42.46 42.61 42.68 42.65 42.57 42.70 42.81 42.86 42.76 42.76 42.81 42.87 42.97 42.94 42.92 42.89 42.94 43.07 43.21 43.14 43.14 43.11 43.18 43.22 43.23 42.97 42.95 42.94 43.05 42.89 42.84 42.53 42.48 42.45 42.36 42.58 42.42 42.67 42.75 42.79 42.64 42.52 42.45 42.28 42.32 42.37 42.21 42.25 42.21 42.18 41.98 42.05
39.96 40.08 40.18 40.40 40.55 40.72 40.84 40.93 40.97 40.99 41.10 41.19 41.26 41.31 41.32 41.40 41.54 41.50 41.74 42.01 41.94 42.01 42.09 42.29 42.23 42.40 42.33 42.55 42.57 42.47 42.57 42.78 42.86 42.81 42.78 42.60 42.70 42.92 42.80 42.80 42.85 43.06 43.08 43.15 43.24 43.22 43.08 43.17 43.19 43.16 43.05 43.03 43.14 43.01 42.88 42.65 42.55 42.50 42.45 42.28 42.39 42.49 42.57 42.55 42.75 42.52 42.63 42.51 42.57 42.40 42.39 42.33 42.37 42.23 42.00 41.99 42.13
40.04 40.21 40.31 40.43 40.65 40.76 40.88 40.98 41.08 41.15 41.20 41.33 41.38 41.36 41.38 41.47 41.50 41.62 41.61 41.75 41.84 41.92 41.99 42.17 42.26 42.41 42.45 42.38 42.43 42.28 42.53 42.75 42.78 42.86 42.84 42.87 42.78 42.87 42.87 42.50 42.94 43.01 43.00 43.10 43.13 43.17 43.12 43.14 43.23 43.16 43.15 43.20 43.07 43.06 42.86 42.73 42.67 42.65 42.55 42.26 42.14 42.45 42.51 42.52 42.61 42.67 42.66 42.62 42.60 42.52 42.55 42.51 42.43 42.33 42.12 42.13 42.20
40.19 40.33 40.43 40.52 40.70 40.84 40.91 41.00 41.06 41.16 41.26 41.38 41.45 41.50 41.48 41.51 41.51 41.58 41.57 41.65 41.71 41.91 41.93 42.05 42.22 42.30 42.25 42.40 42.35 42.26 42.49 42.63 42.70 42.51 42.74 42.90 42.83 42.87 42.75 42.76 42.90 42.92 42.87 43.04 43.05 43.05 43.08 43.10 43.17 43.16 43.18 43.12 43.07 42.86 42.80 42.79 42.76 42.61 42.50 42.42 42.32 42.48 42.32 42.38 42.45 42.49 42.54 42.42 42.45 42.45 42.45 42.36 42.35 42.21 42.11 42.16 42.28
40.42 40.45 40.56 40.67 40.79 40.94 41.00 40.98 40.87 41.02 41.12 41.33 41.48 41.56 41.55 41.53 41.57 41.65 41.67 41.70 41.71 41.78 41.74 41.95 42.07 42.07 42.19 42.21 42.23 42.23 42.27 42.46 42.53 42.54 42.66 42.75 42.72 42.79 42.61 42.36 42.77 42.82 42.77 42.88 42.94 42.95 42.91 42.95 43.07 43.16 43.14 43.08 42.94 42.97 42.80 42.83 42.83 42.72 42.68 42.62 42.58 42.56 42.51 42.38 42.38 42.25 42.43 42.41 42.38 42.32 42.26 42.18 42.24 42.07 42.14 42.27 42.31
40.45 40.50 40.59 40.70 40.88 41.04 41.08 41.01 40.89 41.05 41.16 41.28 41.54 41.63 41.66 41.72 41.71 41.76 41.83 41.80 41.79 41.84 41.83 41.96 42.02 42.00 42.14 42.27 42.25 42.27 42.23 42.34 42.49 42.43 42.56 42.67 42.53 42.35 42.71 42.77 42.45 42.47 42.55 42.60 42.81 42.95 42.84 42.82 42.88 43.07 43.15 42.99 42.94 42.83 42.80 42.82 42.81 42.81 42.70 42.66 42.68 42.62 42.57 42.43 42.50 42.44 42.41 42.32 42.25 42.17 42.09 41.99 41.87 42.09 42.08 42.19 42.34
40.33 40.44 40.33 40.64 40.89 41.07 41.12 41.06 41.06 41.19 41.24 41.30 41.59 41.69 41.66 41.66 41.72 41.80 41.92 41.93 41.85 41.93 41.95 42.04 42.04 41.94 42.11 42.20 42.18 42.24 42.25 42.31 42.43 42.56 42.57 42.50 42.31 42.59 42.46 42.38 42.57 42.60 42.64 42.68 42.61 42.78 42.55 42.52 42.67 42.98 42.85 42.99 42.82 42.83 42.83 42.84 42.82 42.83 42.74 42.79 42.74 42.62 42.59 42.58 42.61 42.49 42.41 42.22 41.97 41.85 42.03 42.01 42.10 42.18 42.21 42.23 42.44
40.27 40.46 40.58 40.72 40.90 41.07 41.17 41.21 41.27 41.30 41.40 41.50 41.58 41.72 41.74 41.71 41.76 41.78 41.98 41.92 42.05 42.10 42.04 42.05 42.01 41.92 41.99 42.21 42.30 42.23 42.21 42.34 42.44 42.58 42.61 42.62 42.53 42.35 42.47 42.49 42.59 42.67 42.70 42.75 42.68 42.65 42.71 42.73 42.74 42.74 42.71 42.75 42.76 42.75 42.76 42.81 42.83 42.85 42.79 42.75 42.76 42.73 42.72 42.65 42.57 42.49 42.38 42.33 42.25 42.20 42.18 42.08 42.14 42.22 42.32 42.36 42.44
40.37 40.56 40.72 40.88 41.01 41.12 41.25 41.31 41.38 41.43 41.52 41.59 41.69 41.76 41.81 41.89 41.91 41.92 42.04 42.08 42.12 42.18 42.14 42.15 42.14 42.04 41.99 42.18 42.31 42.32 42.27 42.34 42.43 42.56 42.60 42.64 42.53 42.50 42.49 42.59 42.62 42.67 42.70 42.75 42.73 42.79 42.75 42.78 42.78 42.78 42.68 42.69 42.65 42.51 42.48 42.62 42.75 42.72 42.79 42.77 42.77 42.70 42.63 42.60 42.56 42.53 42.46 42.33 42.13 42.19 42.21 41.99 41.94 42.03 42.20 42.35 42.43
40.52 40.64 40.75 40.88 41.06 41.21 41.30 41.38 41.45 41.49 41.59 41.63 41.73 41.80 41.85 41.91 41.97 42.02 42.10 42.17 42.25 42.18 42.24 42.19 42.10 42.04 42.00 42.16 42.34 42.32 42.31 42.25 42.42 42.56 42.62 42.62 42.56 42.60 42.52 42.37 42.54 42.64 42.72 42.74 42.70 42.74 42.74 42.74 42.77 42.79 42.72 42.69 42.71 42.71 42.62 42.68 42.68 42.58 42.59 42.64 42.74 42.76 42.66 42.49 42.47 42.37 42.30 42.33 42.21 42.24 42.09 41.99 42.04 42.14 42.21 42.23 42.36
40.55 40.55 40.80 40.94 41.10 41.25 41.35 41.40 41.42 41.48 41.55 41.61 41.71 41.77 41.83 41.90 41.97 42.04 42.12 42.16 42.25 42.30 42.30 42.26 42.20 42.14 42.09 42.19 42.32 42.38 42.40 42.32 42.31 42.45 42.62 42.66 42.64 42.63 42.66 42.52 42.57 42.54 42.68 42.73 42.70 42.72 42.72 42.74 42.82 42.82 42.78 42.79 42.70 42.65 42.67 42.69 42.66 42.65 42.52 42.60 42.58 42.67 42.69 42.64 42.61 42.55 42.52 42.47 42.42 42.31 42.24 42.13 42.07 42.11 42.35 42.37 42.34
40.58 40.81 40.83 41.06 41.18 41.25 41.26 41.30 41.30 41.28 41.47 41.55 41.62 41.70 41.72 41.88 41.95 42.02 42.09 42.18 42.23 42.30 42.36 42.35 42.30 42.34 42.30 42.27 42.27 42.42 42.40 42.33 42.33 42.44 42.60 42.66 42.63 42.56 42.64 42.71 42.70 42.69 42.72 42.71 42.74 42.75 42.78 42.76 42.82 42.82 42.81 42.81 42.76 42.60 42.65 42.71 42.72 42.59 42.62 42.65 42.60 42.52 42.60 42.60 42.64 42.59 42.55 42.43 42.37 42.38 42.37 42.33 42.31 42.34 42.49 42.50 42.49
40.71 40.83 41.01 41.14 41.19 41.21 41.19 41.17 41.18 41.22 41.37 41.51 41.57 41.65 41.74 41.83 41.90 41.98 42.07 42.17 42.22 42.29 42.35 42.33 42.40 42.40 42.34 42.39 42.40 42.48 42.51 42.42 42.49 42.49 42.61 42.61 42.63 42.52 42.60 42.67 42.71 42.74 42.74 42.75 42.77 42.78 42.82 42.77 42.82 42.83 42.83 42.79 42.80 42.71 42.68 42.63 42.72 42.67 42.78 42.77 42.75 42.61 42.64 42.67 42.60 42.57 42.47 42.42 42.36 42.32 42.40 42.44 42.40 42.42 42.62 42.60 42.56
40.91 40.99 41.08 41.17 41.18 41.17 41.11 41.10 41.04 41.13 41.29 41.33 41.46 41.62 41.67 41.75 41.86 41.90 42.03 42.15 42.22 42.26 42.29 42.33 42.38 42.41 42.42 42.44 42.45 42.51 42.55 42.52 42.45 42.62 42.69 42.71 42.65 42.58 42.57 42.69 42.73 42.73 42.74 42.75 42.78 42.79 42.82 42.83 42.84 42.80 42.73 42.65 42.73 42.75 42.75 42.77 42.74 42.70 42.75 42.74 42.79 42.78 42.76 42.75 42.73 42.67 42.55 42.35 42.27 42.28 42.46 42.58 42.57 42.57 42.71 42.71 42.68
41.07 41.11 41.13 41.15 41.14 41.11 40.97 40.95 40.93 40.93 41.06 41.16 41.24 41.36 41.51 41.57 41.76 41.85 41.99 42.02 42.19 42.25 42.30 42.36 42.39 42.44 42.44 42.48 42.50 42.51 42.56 42.55 42.62 42.65 42.71 42.66 42.62 42.55 42.69 42.73 42.71 42.75 42.76 42.77 42.77 42.79 42.80 42.83 42.84 42.80 42.74 42.79 42.72 42.81 42.78 42.71 42.63 42.76 42.78 42.79 42.79 42.80 42.78 42.79 42.78 42.73 42.62 42.55 42.43 42.27 42.41 42.54 42.70 42.70 42.75 42.74 42.78
41.04 41.06 41.10 41.08 41.08 41.13 41.09 40.93 40.91 40.87 40.93 41.05 41.15 41.21 41.31 41.40 41.59 41.68 41.87 41.97 42.15 42.21 42.29 42.35 42.41 42.42 42.48 42.48 42.53 42.56 42.55 42.58 42.62 42.63 42.64 42.65 42.62 42.63 42.66 42.66 42.74 42.72 42.78 42.76 42.81 42.81 42.78 42.85 42.83 42.86 42.75 42.67 42.64 42.83 42.86 42.72 42.66 42.76 42.78 42.80 42.80 42.78 42.74 42.73 42.74 42.78 42.69 42.62 42.56 42.37 42.52 42.67 42.76 42.84 42.89 42.90 42.96
40.93 40.96 41.05 40.99 40.96 41.03 41.09 41.00 41.01 41.00 41.10 41.19 41.23 41.20 41.28 41.28 41.45 41.56 41.78 41.88 42.10 42.14 42.19 42.30 42.37 42.38 42.44 42.47 42.51 42.51 42.56 42.53 42.56 42.61 42.64 42.67 42.68 42.67 42.67 42.72 42.75 42.76 42.79 42.81 42.82 42.83 42.85 42.83 42.81 42.83 42.81 42.62 42.73 42.82 42.84 42.78 42.76 42.75 42.75 42.75 42.80 42.80 42.77 42.66 42.77 42.69 42.75 42.73 42.69 42.61 42.57 42.72 42.81 42.87 42.92 42.96 42.99
40.87 40.87 40.99 41.06 41.01 40.93 40.91 41.04 41.11 41.19 41.19 41.10 41.18 41.26 41.34 41.31 41.34 41.47 41.57 41.69 41.94 42.01 42.02 42.21 42.30 42.36 42.39 42.42 42.46 42.50 42.53 42.51 42.58 42.60 42.63 42.63 42.67 42.67 42.69 42.73 42.72 42.77 42.80 42.83 42.82 42.80 42.82 42.84 42.80 42.82 42.76 42.76 42.76 42.83 42.82 42.73 42.59 42.75 42.75 42.71 42.75 42.65 42.75 42.73 42.74 42.76 42.70 42.51 42.70 42.64 42.68 42.62 42.79 42.92 42.97 42.98 42.99
40.76 40.75 40.80 40.97 41.04 41.02 40.87 40.94 41.04 41.17 41.21 41.11 41.03 41.05 41.22 41.27 41.34 41.37 41.38 41.58 41.79 41.98 42.01 42.09 42.23 42.33 42.38 42.42 42.47 42.47 42.43 42.50 42.56 42.56 42.62 42.63 42.65 42.67 42.69 42.71 42.68 42.69 42.72 42.77 42.80 42.81 42.82 42.82 42.83 42.82 42.80 42.80 42.75 42.80 42.84 42.81 42.79 42.82 42.82 42.74 42.56 42.71 42.78 42.79 42.55 42.51 42.59 42.57 42.47 42.63 42.78 42.79 42.86 42.95 42.97 42.99 43.01
40.70 40.69 40.64 40.77 41.01 41.02 40.94 40.86 40.93 41.03 41.09 41.17 41.12 40.93 41.13 41.17 41.22 41.27 41.24 41.49 41.70 41.89 42.01 42.04 42.11 42.22 42.32 42.36 42.38 42.41 42.48 42.51 42.56 42.57 42.60 42.60 42.64 42.61 42.63 42.58 42.61 42.66 42.68 42.71 42.73 42.78 42.80 42.76 42.80 42.79 42.82 42.79 42.77 42.76 42.80 42.80 42.83 42.82 42.84 42.72 42.71 42.75 42.78 42.79 42.71 42.49 42.55 42.59 42.61 42.61 42.74 42.87 42.94 42.96 42.98 43.00 43.01
40.58 40.56 40.65 40.80 40.95 40.97 40.95 40.85 40.80 40.90 41.05 41.14 41.12 41.01 41.05 41.10 41.12 41.24 41.13 41.26 41.55 41.74 41.86 41.93 42.01 42.17 42.26 42.31 42.35 42.40 42.42 42.45 42.46 42.49 42.54 42.57 42.54 42.58 42.58 42.57 42.50 42.52 42.54 42.59 42.65 42.75 42.74 42.78 42.79 42.77 42.77 42.79 42.69 42.70 42.69 42.76 42.78 42.79 42.78 42.75 42.75 42.75 42.78 42.81 42.80 42.67 42.73 42.70 42.66 42.67 42.68 42.90 42.93 42.95 42.99 43.00 43.03
40.40 40.46 40.58 40.78 40.93 40.83 40.76 40.74 40.75 40.70 40.93 41.05 41.01 40.95 41.04 41.12 41.06 41.12 41.15 41.26 41.41 41.59 41.71 41.83 42.01 42.08 42.17 42.22 42.28 42.36 42.38 42.37 42.31 42.45 42.44 42.42 42.52 42.48 42.50 42.36 42.36 42.38 42.28 42.45 42.56 42.68 42.67 42.69 42.75 42.77 42.76 42.77 42.74 42.72 42.71 42.68 42.71 42.73 42.74 42.71 42.60 42.64 42.65 42.71 42.80 42.77 42.77 42.65 42.66 42.73 42.83 42.90 42.94 42.97 42.99 43.02 43.04
40.23 40.37 40.51 40.62 40.77 40.78 40.69 40.62 40.57 40.67 40.71 40.92 41.04 41.03 41.09 40.97 40.95 40.93 41.06 41.23 41.41 41.49 41.63 41.72 41.87 41.95 42.01 42.08 42.15 42.21 42.31 42.35 42.35 42.42 42.33 42.43 42.46 42.43 42.39 42.34 42.24 42.26 42.11 42.34 42.55 42.59 42.61 42.62 42.68 42.64 42.70 42.71 42.71 42.69 42.67 42.64 42.63 42.61 42.64 42.62 42.66 42.72 42.69 42.64 42.70 42.65 42.63 42.61 42.63 42.73 42.79 42.89 42.93 42.94 42.98 43.02 43.04
40.25 40.41 40.45 40.47 40.67 40.70 40.70 40.72 40.62 40.54 40.65 40.80 40.92 41.03 41.03 40.98 40.89 40.82 40.98 41.10 41.21 41.40 41.49 41.56 41.75 41.82 41.83 41.91 42.00 42.10 42.20 42.26 42.32 42.37 42.38 42.42 42.43 42.41 42.38 42.29 42.15 42.07 42.07 42.26 42.46 42.51 42.50 42.44 42.59 42.56 42.65 42.63 42.63 42.65 42.65 42.59 42.57 42.55 42.52 42.56 42.57 42.64 42.64 42.67 42.74 42.69 42.66 42.46 42.45 42.68 42.78 42.88 42.93 42.95 42.98 43.00 43.04
40.23 40.24 40.25 40.34 40.59 40.62 40.49 40.63 40.67 40.55 40.57 40.70 40.85 40.97 40.95 40.86 40.79 40.76 40.91 41.14 41.23 41.27 41.38 41.43 41.54 41.60 41.73 41.80 41.87 41.94 42.04 42.16 42.26 42.33 42.38 42.39 42.40 42.33 42.31 42.28 42.13 41.95 42.04 42.22 42.44 42.42 42.34 42.34 42.36 42.53 42.57 42.60 42.61 42.63 42.64 42.61 42.52 42.51 42.50 42.54 42.44 42.42 42.52 42.62 42.68 42.67 42.62 42.47 42.58 42.69 42.81 42.81 42.93 42.97 42.96 42.97 42.98
