datasets/raw/temp/2019101120191011.grid
ncols 886
nrows 691
xllcenter 112.0000
yllcenter -44.5000
cellsize 0.0500
nodata_value 99999.90
[rows 612 to 645 of 691, columns 231 to 307 of 886]
12.39 12.40 12.40 12.40 12.41 12.41 12.41 12.42 12.42 12.42 12.43 12.43 12.43 12.44 12.44 12.44 12.45 12.45 12.45 12.44 12.45 12.45 12.45 12.45 12.45 12.46 12.46 12.46 12.46 12.46 12.46 12.47 12.47 12.47 12.47 12.47 12.47 12.47 12.48 12.48 12.48 12.48 12.48 12.48 12.48 12.48 12.48 12.48 12.49 12.48 12.48 12.48 12.48 12.48 12.48 12.48 12.48 12.48 12.48 12.48 12.48 12.48 12.48 12.48 12.48 12.48 12.48 12.47 12.47 12.47 12.47 12.47 12.47 12.47 12.47 12.47 12.47
12.34 12.35 12.35 12.35 12.36 12.36 12.36 12.37 12.37 12.37 12.38 12.38 12.38 12.39 12.39 12.38 12.38 12.39 12.39 12.39 12.39 12.40 12.40 12.40 12.40 12.41 12.41 12.41 12.41 12.41 12.41 12.42 12.42 12.42 12.42 12.42 12.42 12.43 12.43 12.43 12.43 12.43 12.43 12.43 12.43 12.43 12.43 12.43 12.43 12.43 12.43 12.43 12.43 12.43 12.43 12.43 12.43 12.43 12.43 12.43 12.43 12.43 12.43 12.43 12.43 12.43 12.43 12.43 12.43 12.43 12.43 12.42 12.42 12.42 12.42 12.42 12.42
12.29 12.30 12.30 12.30 12.31 12.31 12.31 12.32 12.32 12.32 12.33 12.33 12.32 12.33 12.33 12.33 12.33 12.34 12.34 12.34 12.35 12.35 12.35 12.35 12.35 12.36 12.36 12.36 12.36 12.36 12.37 12.37 12.37 12.37 12.37 12.37 12.37 12.38 12.38 12.38 12.38 12.38 12.38 12.38 12.37 12.37 12.38 12.38 12.38 12.38 12.38 12.38 12.38 12.38 12.38 12.38 12.38 12.38 12.38 12.38 12.38 12.38 12.38 12.38 12.38 12.38 12.38 12.38 12.38 12.38 12.38 12.38 12.38 12.38 12.37 12.37 12.37
12.24 12.25 12.25 12.25 12.26 12.26 12.26 12.27 12.26 12.26 12.27 12.27 12.27 12.28 12.28 12.28 12.28 12.29 12.29 12.29 12.29 12.30 12.30 12.30 12.30 12.31 12.31 12.31 12.31 12.31 12.32 12.32 12.32 12.32 12.32 12.32 12.32 12.33 12.33 12.33 12.33 12.33 12.32 12.32 12.32 12.32 12.32 12.33 12.33 12.33 12.33 12.33 12.33 12.33 12.33 12.33 12.33 12.33 12.33 12.33 12.33 12.33 12.33 12.33 12.33 12.33 12.33 12.33 12.33 12.33 12.33 12.33 12.33 12.33 12.33 12.32 12.32
12.19 12.20 12.20 12.20 12.21 12.20 12.20 12.21 12.21 12.21 12.22 12.22 12.22 12.23 12.23 12.23 12.24 12.24 12.24 12.24 12.24 12.25 12.25 12.25 12.25 12.26 12.26 12.26 12.26 12.26 12.27 12.27 12.27 12.27 12.27 12.27 12.28 12.28 12.28 12.27 12.27 12.27 12.27 12.27 12.27 12.28 12.28 12.28 12.28 12.28 12.28 12.28 12.28 12.28 12.28 12.28 12.28 12.28 12.28 12.28 12.28 12.28 12.28 12.28 12.28 12.28 12.28 12.28 12.28 12.28 12.28 12.28 12.28 12.28 12.28 12.28 12.28
12.14 12.14 12.14 12.14 12.15 12.15 12.16 12.16 12.16 12.16 12.17 12.17 12.17 12.18 12.18 12.18 12.19 12.19 12.19 12.19 12.20 12.20 12.20 12.20 12.21 12.21 12.21 12.21 12.21 12.21 12.22 12.22 12.22 12.22 12.22 12.22 12.23 12.22 12.22 12.22 12.22 12.22 12.22 12.22 12.22 12.23 12.23 12.23 12.23 12.23 12.23 12.23 12.23 12.23 12.23 12.23 12.23 12.23 12.23 12.23 12.23 12.23 12.23 12.23 12.23 12.23 12.23 12.23 12.23 12.23 12.23 12.23 12.23 12.23 12.23 12.23 12.23
12.08 12.09 12.09 12.10 12.10 12.10 12.11 12.11 12.11 12.12 12.12 12.12 12.12 12.13 12.13 12.13 12.14 12.14 12.14 12.14 12.15 12.15 12.15 12.15 12.16 12.16 12.16 12.16 12.16 12.16 12.17 12.17 12.17 12.17 12.16 12.16 12.17 12.17 12.17 12.17 12.17 12.17 12.17 12.18 12.18 12.18 12.18 12.18 12.18 12.18 12.18 12.18 12.18 12.18 12.18 12.18 12.18 12.18 12.18 12.19 12.19 12.19 12.19 12.19 12.19 12.19 12.19 12.18 12.18 12.18 12.18 12.18 12.18 12.18 12.18 12.18 12.18
12.04 12.04 12.04 12.05 12.05 12.05 12.06 12.06 12.06 12.07 12.07 12.07 12.07 12.08 12.08 12.08 12.09 12.09 12.09 12.09 12.10 12.10 12.10 12.10 12.11 12.11 12.11 12.11 12.11 12.12 12.12 12.11 12.11 12.11 12.12 12.12 12.12 12.12 12.12 12.12 12.12 12.12 12.13 12.13 12.13 12.13 12.13 12.13 12.13 12.13 12.13 12.13 12.13 12.13 12.13 12.13 12.13 12.14 12.14 12.14 12.14 12.14 12.14 12.14 12.14 12.14 12.14 12.14 12.14 12.14 12.14 12.14 12.13 12.13 12.13 12.13 12.13
11.99 11.99 11.99 12.00 12.00 12.00 12.01 12.01 12.01 12.02 12.02 12.02 12.03 12.03 12.03 12.04 12.04 12.04 12.04 12.04 12.05 12.05 12.05 12.05 12.06 12.06 12.06 12.06 12.05 12.06 12.06 12.06 12.06 12.06 12.07 12.07 12.07 12.07 12.07 12.07 12.07 12.08 12.08 12.08 12.08 12.08 12.08 12.08 12.08 12.08 12.08 12.09 12.09 12.09 12.09 12.09 12.09 12.09 12.09 12.09 12.09 12.09 12.09 12.09 12.09 12.09 12.09 12.09 12.09 12.09 12.09 12.09 12.09 12.09 12.09 12.09 12.09
11.94 11.94 11.95 11.95 11.95 11.96 11.96 11.96 11.96 11.97 11.97 11.97 11.98 11.98 11.98 11.99 11.99 11.99 11.99 12.00 12.00 12.00 12.00 12.01 12.01 12.00 12.00 12.01 12.01 12.01 12.01 12.01 12.01 12.02 12.02 12.02 12.02 12.02 12.02 12.03 12.03 12.03 12.03 12.03 12.03 12.03 12.03 12.03 12.03 12.04 12.04 12.04 12.04 12.04 12.04 12.04 12.04 12.04 12.04 12.04 12.04 12.04 12.04 12.04 12.04 12.04 12.04 12.04 12.04 12.04 12.04 12.04 12.04 12.04 12.04 12.04 12.04
11.89 11.89 11.90 11.90 11.90 11.91 11.91 11.91 11.92 11.92 11.92 11.93 11.93 11.93 11.93 11.94 11.94 11.94 11.95 11.95 11.95 11.94 11.95 11.95 11.95 11.95 11.95 11.96 11.96 11.96 11.96 11.96 11.97 11.97 11.97 11.97 11.97 11.97 11.97 11.98 11.98 11.98 11.98 11.98 11.98 11.98 11.98 11.98 11.99 11.99 11.99 11.99 11.99 11.99 11.99 11.99 11.99 11.99 11.99 11.99 11.99 11.99 11.99 11.99 11.99 11.99 11.99 11.99 11.99 11.99 11.99 11.99 11.99 11.99 11.99 11.99 11.99
11.84 11.84 11.85 11.85 11.86 11.86 11.86 11.87 11.87 11.87 11.87 11.88 11.88 11.88 11.89 11.89 11.89 11.89 11.89 11.89 11.89 11.89 11.90 11.90 11.90 11.90 11.91 11.91 11.91 11.91 11.91 11.91 11.92 11.92 11.92 11.92 11.92 11.93 11.93 11.93 11.93 11.93 11.93 11.93 11.93 11.94 11.94 11.94 11.94 11.94 11.94 11.94 11.94 11.94 11.94 11.94 11.94 11.94 11.95 11.95 11.95 11.95 11.95 11.95 11.95 11.95 11.95 11.95 11.95 11.95 11.95 11.95 11.95 11.95 11.95 11.95 11.95
11.79 11.80 11.80 11.80 11.81 11.81 11.81 11.82 11.82 11.82 11.83 11.83 11.83 11.84 11.83 11.83 11.83 11.84 11.84 11.84 11.84 11.85 11.85 11.85 11.85 11.86 11.86 11.86 11.86 11.86 11.87 11.87 11.87 11.87 11.87 11.87 11.88 11.88 11.88 11.88 11.88 11.88 11.88 11.88 11.89 11.89 11.89 11.89 11.89 11.89 11.89 11.89 11.89 11.89 11.89 11.90 11.90 11.90 11.90 11.90 11.90 11.90 11.90 11.90 11.90 11.90 11.90 11.90 11.90 11.90 11.90 11.90 11.90 11.90 11.90 11.90 11.90
11.74 11.75 11.75 11.76 11.76 11.76 11.77 11.77 11.77 11.77 11.77 11.77 11.77 11.78 11.78 11.78 11.79 11.79 11.79 11.79 11.79 11.80 11.80 11.80 11.80 11.81 11.81 11.81 11.81 11.81 11.82 11.82 11.82 11.82 11.82 11.83 11.83 11.83 11.83 11.83 11.83 11.84 11.84 11.84 11.84 11.84 11.84 11.84 11.84 11.84 11.84 11.85 11.85 11.85 11.85 11.85 11.85 11.85 11.85 11.85 11.85 11.85 11.85 11.85 11.85 11.85 11.85 11.85 11.85 11.85 11.85 11.85 11.85 11.85 11.85 11.85 11.85
11.70 11.70 11.70 11.71 11.71 11.71 11.71 11.71 11.71 11.72 11.72 11.72 11.73 11.73 11.73 11.73 11.74 11.74 11.74 11.74 11.75 11.75 11.75 11.75 11.76 11.76 11.76 11.76 11.77 11.77 11.77 11.77 11.77 11.78 11.78 11.78 11.78 11.78 11.78 11.78 11.79 11.79 11.79 11.79 11.79 11.79 11.79 11.79 11.79 11.80 11.80 11.80 11.80 11.80 11.80 11.80 11.80 11.80 11.80 11.80 11.80 11.80 11.80 11.80 11.80 11.80 11.80 11.80 11.81 11.81 11.81 11.81 11.81 11.81 11.81 11.81 11.80
11.65 11.65 11.64 11.65 11.65 11.66 11.66 11.66 11.66 11.67 11.67 11.68 11.68 11.68 11.68 11.69 11.69 11.69 11.69 11.70 11.70 11.70 11.70 11.71 11.71 11.71 11.71 11.72 11.72 11.72 11.72 11.72 11.72 11.73 11.73 11.73 11.73 11.73 11.73 11.74 11.74 11.74 11.74 11.74 11.74 11.74 11.75 11.75 11.75 11.75 11.75 11.75 11.75 11.75 11.75 11.75 11.75 11.76 11.76 11.76 11.76 11.76 11.76 11.76 11.76 11.76 11.76 11.76 11.76 11.76 11.76 11.76 11.76 11.76 11.76 11.76 11.76
11.59 11.59 11.60 11.60 11.61 11.61 11.61 11.61 11.62 11.62 11.62 11.63 11.63 11.63 11.64 11.64 11.64 11.64 11.65 11.65 11.65 11.65 11.66 11.66 11.66 11.66 11.67 11.67 11.67 11.67 11.67 11.68 11.68 11.68 11.68 11.68 11.69 11.69 11.69 11.69 11.69 11.69 11.69 11.70 11.70 11.70 11.70 11.70 11.70 11.70 11.70 11.70 11.70 11.71 11.71 11.71 11.71 11.71 11.71 11.71 11.71 11.71 11.71 11.71 11.71 11.71 11.71 11.71 11.71 11.71 11.71 11.71 11.71 11.71 11.71 11.71 11.71
11.54 11.55 11.55 11.55 11.56 11.56 11.56 11.57 11.57 11.57 11.58 11.58 11.58 11.59 11.59 11.59 11.59 11.60 11.60 11.60 11.60 11.61 11.61 11.61 11.61 11.62 11.62 11.62 11.62 11.62 11.63 11.63 11.63 11.63 11.63 11.64 11.64 11.64 11.64 11.64 11.64 11.64 11.65 11.65 11.65 11.65 11.65 11.65 11.65 11.65 11.66 11.66 11.66 11.66 11.66 11.66 11.66 11.66 11.66 11.66 11.66 11.66 11.66 11.66 11.66 11.66 11.67 11.67 11.67 11.67 11.67 11.67 11.67 11.67 11.67 11.67 11.67
11.50 11.50 11.50 11.51 11.51 11.51 11.52 11.52 11.52 11.53 11.53 11.53 11.54 11.54 11.54 11.54 11.55 11.55 11.55 11.55 11.56 11.56 11.56 11.56 11.57 11.57 11.57 11.57 11.57 11.58 11.58 11.58 11.58 11.59 11.59 11.59 11.59 11.59 11.59 11.60 11.60 11.60 11.60 11.60 11.60 11.60 11.60 11.61 11.61 11.61 11.61 11.61 11.61 11.61 11.61 11.61 11.61 11.62 11.62 11.62 11.62 11.62 11.62 11.62 11.62 11.62 11.62 11.62 11.62 11.62 11.62 11.62 11.62 11.62 11.62 11.62 11.62
11.45 11.45 11.46 11.46 11.46 11.47 11.47 11.47 11.48 11.48 11.48 11.48 11.49 11.49 11.49 11.50 11.50 11.50 11.50 11.51 11.51 11.51 11.52 11.52 11.52 11.52 11.52 11.53 11.53 11.53 11.53 11.53 11.54 11.54 11.54 11.54 11.54 11.54 11.55 11.55 11.55 11.55 11.55 11.55 11.55 11.56 11.56 11.56 11.56 11.56 11.56 11.56 11.56 11.56 11.57 11.57 11.57 11.57 11.57 11.57 11.57 11.57 11.57 11.57 11.57 11.57 11.57 11.57 11.57 11.57 11.57 11.57 11.57 11.57 11.57 11.57 11.57
11.40 11.40 11.41 11.41 11.41 11.42 11.42 11.43 11.43 11.43 11.44 11.44 11.44 11.44 11.45 11.45 11.45 11.46 11.46 11.46 11.46 11.46 11.47 11.47 11.47 11.47 11.48 11.48 11.48 11.48 11.48 11.49 11.49 11.49 11.49 11.49 11.50 11.50 11.50 11.50 11.50 11.50 11.51 11.51 11.51 11.51 11.51 11.51 11.51 11.51 11.52 11.52 11.52 11.52 11.52 11.52 11.52 11.52 11.52 11.52 11.52 11.52 11.53 11.53 11.53 11.53 11.53 11.53 11.53 11.53 11.53 11.53 11.53 11.53 11.53 11.53 11.53
11.36 11.36 11.36 11.37 11.37 11.37 11.38 11.38 11.38 11.38 11.39 11.39 11.39 11.40 11.40 11.40 11.40 11.41 11.41 11.41 11.42 11.42 11.42 11.42 11.43 11.43 11.43 11.43 11.43 11.44 11.44 11.44 11.44 11.44 11.45 11.45 11.45 11.45 11.45 11.45 11.46 11.46 11.46 11.46 11.46 11.46 11.46 11.47 11.47 11.47 11.47 11.47 11.47 11.47 11.47 11.47 11.47 11.48 11.48 11.48 11.48 11.48 11.48 11.48 11.48 11.48 11.48 11.48 11.48 11.48 11.48 11.48 11.48 11.48 11.48 11.48 11.48
11.31 11.31 11.31 11.32 11.32 11.32 11.33 11.33 11.34 11.34 11.34 11.34 11.35 11.35 11.35 11.36 11.36 11.36 11.36 11.37 11.37 11.37 11.37 11.38 11.38 11.38 11.38 11.38 11.39 11.39 11.39 11.39 11.40 11.40 11.40 11.40 11.40 11.40 11.41 11.41 11.41 11.41 11.41 11.41 11.41 11.42 11.42 11.42 11.42 11.42 11.42 11.42 11.43 11.43 11.43 11.43 11.43 11.43 11.43 11.43 11.43 11.43 11.43 11.43 11.43 11.44 11.44 11.44 11.44 11.44 11.44 11.44 11.44 11.44 11.44 11.44 11.44
11.26 11.27 11.27 11.27 11.28 11.28 11.28 11.29 11.29 11.29 11.29 11.30 11.30 11.30 11.31 11.31 11.31 11.31 11.32 11.32 11.32 11.32 11.33 11.33 11.33 11.33 11.34 11.34 11.34 11.34 11.35 11.35 11.35 11.35 11.35 11.36 11.36 11.36 11.36 11.36 11.36 11.37 11.37 11.37 11.37 11.37 11.37 11.37 11.37 11.38 11.38 11.38 11.38 11.38 11.38 11.38 11.38 11.38 11.38 11.38 11.39 11.39 11.39 11.39 11.39 11.39 11.39 11.39 11.39 11.39 11.39 11.39 11.39 11.39 11.39 11.39 11.39
11.21 11.22 11.22 11.22 11.23 11.23 11.23 11.24 11.24 11.24 11.25 11.25 11.25 11.26 11.26 11.26 11.27 11.27 11.27 11.27 11.28 11.28 11.28 11.28 11.29 11.29 11.29 11.29 11.29 11.30 11.30 11.30 11.30 11.30 11.31 11.31 11.31 11.31 11.31 11.31 11.32 11.32 11.32 11.32 11.32 11.32 11.33 11.33 11.33 11.33 11.33 11.33 11.33 11.33 11.34 11.34 11.34 11.34 11.34 11.34 11.34 11.34 11.34 11.34 11.34 11.34 11.34 11.35 11.35 11.35 11.35 11.35 11.35 11.35 11.35 11.35 11.35
11.17 11.17 11.18 11.18 11.18 11.19 11.19 11.19 11.20 11.20 11.20 11.20 11.21 11.21 11.21 11.22 11.22 11.22 11.22 11.23 11.23 11.23 11.23 11.24 11.24 11.24 11.24 11.25 11.25 11.25 11.25 11.26 11.26 11.26 11.26 11.26 11.26 11.27 11.27 11.27 11.27 11.27 11.27 11.28 11.28 11.28 11.28 11.28 11.28 11.28 11.29 11.29 11.29 11.29 11.29 11.29 11.29 11.29 11.29 11.29 11.29 11.30 11.30 11.30 11.30 11.30 11.30 11.30 11.30 11.30 11.30 11.30 11.30 11.30 11.30 11.30 11.30
11.12 11.13 11.13 11.13 11.14 11.14 11.14 11.15 11.15 11.15 11.15 11.16 11.16 11.16 11.17 11.17 11.17 11.18 11.18 11.18 11.18 11.19 11.19 11.19 11.19 11.20 11.20 11.20 11.20 11.20 11.21 11.21 11.21 11.21 11.21 11.22 11.22 11.22 11.22 11.22 11.22 11.23 11.23 11.23 11.23 11.23 11.23 11.23 11.24 11.24 11.24 11.24 11.24 11.24 11.24 11.24 11.25 11.25 11.25 11.25 11.25 11.25 11.25 11.25 11.25 11.25 11.25 11.25 11.26 11.26 11.26 11.26 11.26 11.26 11.26 11.26 11.26
11.08 11.08 11.08 11.09 11.09 11.09 11.10 11.10 11.10 11.11 11.11 11.11 11.12 11.12 11.12 11.12 11.13 11.13 11.13 11.13 11.14 11.14 11.14 11.14 11.15 11.15 11.15 11.15 11.16 11.16 11.16 11.16 11.16 11.17 11.17 11.17 11.17 11.17 11.18 11.18 11.18 11.18 11.18 11.18 11.19 11.19 11.19 11.19 11.19 11.19 11.19 11.20 11.20 11.20 11.20 11.20 11.20 11.20 11.20 11.20 11.20 11.21 11.21 11.21 11.21 11.21 11.21 11.21 11.21 11.21 11.21 11.21 11.21 11.21 11.21 11.21 11.21
11.03 11.03 11.04 11.04 11.04 11.05 11.05 11.05 11.06 11.06 11.06 11.07 11.07 11.07 11.07 11.08 11.08 11.08 11.09 11.09 11.09 11.09 11.10 11.10 11.10 11.10 11.11 11.11 11.11 11.11 11.12 11.12 11.12 11.12 11.12 11.12 11.13 11.13 11.13 11.13 11.13 11.13 11.14 11.14 11.14 11.14 11.14 11.14 11.15 11.15 11.15 11.15 11.15 11.15 11.15 11.15 11.15 11.16 11.16 11.16 11.16 11.16 11.16 11.16 11.16 11.16 11.16 11.16 11.16 11.17 11.17 11.17 11.17 11.17 11.17 11.17 11.17
10.98 10.99 10.99 10.99 11.00 11.00 11.01 11.01 11.01 11.01 11.02 11.02 11.02 11.03 11.03 11.03 11.04 11.04 11.04 11.04 11.04 11.05 11.05 11.05 11.05 11.06 11.06 11.06 11.06 11.07 11.07 11.07 11.07 11.07 11.08 11.08 11.08 11.08 11.09 11.09 11.09 11.09 11.09 11.09 11.09 11.10 11.10 11.10 11.10 11.10 11.10 11.10 11.11 11.11 11.11 11.11 11.11 11.11 11.11 11.11 11.11 11.12 11.12 11.12 11.12 11.12 11.12 11.12 11.12 11.12 11.12 11.12 11.12 11.12 11.12 11.12 11.12
10.94 10.94 10.95 10.95 10.95 10.96 10.96 10.96 10.97 10.97 10.97 10.97 10.98 10.98 10.98 10.99 10.99 10.99 10.99 11.00 11.00 11.00 11.01 11.01 11.01 11.01 11.02 11.02 11.02 11.02 11.02 11.03 11.03 11.03 11.03 11.03 11.04 11.04 11.04 11.04 11.04 11.04 11.05 11.05 11.05 11.05 11.05 11.05 11.05 11.06 11.06 11.06 11.06 11.06 11.06 11.06 11.06 11.07 11.07 11.07 11.07 11.07 11.07 11.07 11.07 11.07 11.07 11.07 11.08 11.08 11.08 11.08 11.08 11.08 11.08 11.08 11.08
10.89 10.90 10.90 10.90 10.91 10.91 10.91 10.92 10.92 10.92 10.93 10.93 10.93 10.94 10.94 10.94 10.94 10.95 10.95 10.95 10.95 10.96 10.96 10.96 10.96 10.97 10.97 10.97 10.97 10.98 10.98 10.98 10.98 10.98 10.99 10.99 10.99 10.99 10.99 11.00 11.00 11.00 11.00 11.00 11.00 11.01 11.01 11.01 11.01 11.01 11.01 11.01 11.02 11.02 11.02 11.02 11.02 11.02 11.02 11.02 11.02 11.03 11.03 11.03 11.03 11.03 11.03 11.03 11.03 11.03 11.03 11.03 11.03 11.04 11.04 11.04 11.04
10.85 10.85 10.86 10.86 10.86 10.87 10.87 10.87 10.88 10.88 10.88 10.88 10.89 10.89 10.89 10.90 10.90 10.90 10.90 10.91 10.91 10.91 10.91 10.92 10.92 10.92 10.92 10.93 10.93 10.93 10.93 10.94 10.94 10.94 10.94 10.94 10.95 10.95 10.95 10.95 10.95 10.95 10.96 10.96 10.96 10.96 10.96 10.96 10.96 10.97 10.97 10.97 10.97 10.97 10.97 10.97 10.97 10.98 10.98 10.98 10.98 10.98 10.98 10.98 10.98 10.98 10.98 10.99 10.99 10.99 10.99 10.99 10.99 10.99 10.99 10.99 10.99
10.80 10.81 10.81 10.81 10.82 10.82 10.82 10.83 10.83 10.83 10.84 10.84 10.84 10.85 10.85 10.85 10.85 10.86 10.86 10.86 10.86 10.87 10.87 10.87 10.87 10.88 10.88 10.88 10.88 10.88 10.89 10.89 10.89 10.89 10.90 10.90 10.90 10.90 10.90 10.91 10.91 10.91 10.91 10.91 10.91 10.92 10.92 10.92 10.92 10.92 10.92 10.92 10.93 10.93 10.93 10.93 10.93 10.93 10.93 10.93 10.94 10.94 10.94 10.94 10.94 10.94 10.94 10.94 10.94 10.94 10.94 10.95 10.95 10.95 10.95 10.95 10.95
