datasets/raw/temp/2019101120191011.grid
ncols 886
nrows 691
xllcenter 112.0000
yllcenter -44.5000
cellsize 0.0500
nodata_value 99999.90
[rows 306 to 339 of 691, columns 385 to 461 of 886]
37.75 37.75 37.75 37.72 37.72 37.72 37.67 37.68 37.69 37.64 37.65 37.59 37.58 37.60 37.55 37.52 37.53 37.51 37.44 37.39 37.40 37.39 37.38 37.45 37.41 37.51 37.53 37.54 37.50 37.56 37.60 37.64 37.62 37.63 37.62 37.61 37.65 37.65 37.61 37.57 37.55 37.54 37.44 37.45 37.44 37.40 37.29 37.21 37.16 36.99 36.79 36.85 36.88 36.75 36.66 36.66 36.72 36.91 36.82 36.96 36.76 36.37 36.33 36.28 35.85 36.20 35.36 36.03 36.04 36.07 36.05 36.11 36.12 36.10 36.05 35.98 35.95
37.72 37.70 37.69 37.67 37.65 37.65 37.63 37.64 37.62 37.63 37.64 37.61 37.61 37.59 37.56 37.53 37.53 37.50 37.47 37.45 37.44 37.42 37.44 37.40 37.46 37.56 37.58 37.57 37.58 37.58 37.63 37.60 37.57 37.64 37.61 37.54 37.64 37.62 37.62 37.57 37.59 37.54 37.46 37.39 37.38 37.33 37.28 37.18 37.06 36.94 36.79 36.61 36.70 36.82 36.83 36.80 36.88 37.04 37.07 36.93 36.82 36.51 36.19 36.17 36.29 36.39 36.25 36.11 36.11 36.16 36.13 36.07 36.07 36.07 36.03 36.03 35.99
37.63 37.62 37.59 37.60 37.61 37.59 37.58 37.60 37.58 37.60 37.58 37.54 37.52 37.50 37.53 37.55 37.51 37.45 37.46 37.46 37.42 37.45 37.41 37.44 37.45 37.55 37.52 37.54 37.60 37.59 37.61 37.69 37.62 37.60 37.58 37.51 37.55 37.53 37.56 37.50 37.54 37.48 37.41 37.36 37.33 37.31 37.26 37.17 36.99 37.00 36.99 36.98 37.01 36.97 37.01 36.91 36.96 37.12 37.13 36.93 36.90 36.78 36.65 36.42 36.43 36.44 36.42 36.25 36.19 36.20 36.14 36.15 36.14 36.11 36.07 36.06 36.00
37.57 37.58 37.56 37.54 37.49 37.52 37.53 37.54 37.53 37.53 37.52 37.38 37.16 37.22 37.44 37.49 37.43 37.47 37.43 37.42 37.43 37.44 37.47 37.43 37.44 37.50 37.47 37.44 37.51 37.51 37.52 37.59 37.62 37.61 37.55 37.53 37.53 37.58 37.47 37.44 37.45 37.41 37.38 37.35 37.31 37.27 37.15 36.96 37.07 37.07 37.04 37.06 37.00 36.88 37.01 37.04 36.89 36.92 36.99 37.06 36.81 36.84 36.61 36.58 36.40 36.45 36.50 36.39 36.31 36.26 36.23 36.21 36.21 36.14 36.08 36.05 36.03
37.52 37.52 37.49 37.48 37.46 37.49 37.50 37.51 37.51 37.50 37.49 37.33 37.27 35.68 37.15 37.34 37.40 37.40 37.38 37.39 37.42 37.46 37.48 37.45 37.45 37.46 37.46 37.44 37.49 37.50 37.52 37.49 37.49 37.59 37.50 37.53 37.41 37.47 37.46 37.30 37.35 37.35 37.32 37.31 37.22 37.17 37.07 37.16 37.09 37.06 37.03 37.03 36.97 37.03 37.00 36.97 36.92 36.95 37.00 36.95 36.96 36.78 36.75 36.47 36.50 36.44 36.44 36.35 36.29 36.15 36.26 36.21 36.20 36.15 36.10 36.08 36.06
37.45 37.41 37.40 37.41 37.36 37.44 37.44 37.43 37.44 37.46 37.45 37.43 37.40 37.37 37.39 37.35 37.37 37.37 37.37 37.39 37.41 37.44 37.42 37.44 37.44 37.45 37.46 37.48 37.50 37.45 37.47 37.47 37.49 37.50 37.45 37.39 37.33 37.30 37.35 37.38 37.35 37.30 37.26 37.22 37.08 36.99 37.04 37.06 37.01 37.00 36.90 36.89 36.93 36.90 36.84 36.98 36.93 37.00 36.84 36.79 36.72 36.74 36.66 36.73 36.73 36.63 36.60 36.42 36.50 36.36 36.20 36.25 36.16 36.16 36.11 36.01 35.95
37.38 37.38 37.31 37.35 37.35 37.36 37.37 37.35 37.35 37.36 37.34 37.37 37.35 37.34 37.34 37.33 37.35 37.35 37.36 37.39 37.41 37.46 37.46 37.44 37.40 37.47 37.46 37.46 37.48 37.46 37.46 37.44 37.46 37.44 37.48 37.40 37.37 37.23 37.26 37.30 37.25 37.21 37.21 37.11 37.10 37.04 36.95 36.97 36.96 36.85 36.91 36.91 36.86 36.80 36.85 36.92 36.94 36.83 36.81 36.56 36.69 36.62 36.68 36.56 36.51 36.56 36.41 36.33 36.31 36.35 36.29 36.19 36.18 36.09 35.91 35.92 35.84
37.32 37.31 37.22 37.29 37.30 37.30 37.29 37.29 37.30 37.27 37.33 37.31 37.32 37.32 37.31 37.31 37.32 37.33 37.34 37.37 37.45 37.43 37.45 37.43 37.41 37.43 37.44 37.40 37.44 37.42 37.38 37.44 37.42 37.42 37.34 37.35 37.31 37.22 37.06 37.13 37.16 37.14 37.11 37.03 36.98 36.96 36.92 36.88 36.83 36.97 36.98 37.01 37.01 36.95 36.92 36.93 36.67 36.71 36.70 36.71 36.64 36.60 36.46 36.53 36.61 36.49 36.39 36.45 36.39 36.35 36.33 36.27 36.15 36.04 36.00 35.85 35.90
37.23 37.22 37.18 37.16 37.20 37.16 37.20 37.23 37.20 37.27 37.27 37.27 37.26 37.27 37.29 37.30 37.32 37.33 37.35 37.39 37.37 37.43 37.36 37.40 37.40 37.43 37.42 37.39 37.41 37.36 37.38 37.42 37.24 37.42 37.35 37.25 37.28 37.18 37.12 36.88 37.06 37.11 37.07 36.99 36.90 36.87 36.79 36.69 36.81 36.91 36.95 36.90 36.96 36.88 36.89 36.71 36.56 36.61 36.64 36.55 36.43 36.55 36.62 36.56 36.40 36.48 36.41 36.34 36.29 36.04 36.15 36.21 36.13 36.10 35.96 35.92 35.88
37.19 37.18 37.12 37.05 37.04 37.12 37.15 37.15 37.20 37.23 37.22 37.23 37.21 37.23 37.27 37.30 37.31 37.32 37.38 37.39 37.37 37.38 37.38 37.38 37.37 37.39 37.36 37.39 37.37 37.36 37.37 37.40 37.32 37.33 37.30 37.18 37.23 37.19 37.06 36.94 37.02 37.00 36.97 36.95 36.84 36.73 36.52 36.75 36.79 36.85 36.88 36.87 36.76 36.72 36.82 36.51 36.51 36.53 36.56 36.51 36.56 36.60 36.48 36.47 36.46 36.41 36.48 36.38 36.34 36.22 36.24 36.19 36.09 36.03 35.83 35.92 35.92
37.07 37.10 37.00 36.81 36.79 36.98 37.06 37.07 37.12 37.17 37.17 37.14 37.16 37.20 37.25 37.30 37.27 37.30 37.34 37.34 37.32 37.35 37.33 37.34 37.36 37.35 37.34 37.28 37.31 37.32 37.30 37.30 37.25 37.23 37.22 37.15 37.16 37.09 37.01 36.92 36.92 36.80 36.59 36.72 36.87 36.70 36.78 36.75 36.55 36.54 36.83 36.74 36.64 36.82 36.62 36.56 36.55 36.66 36.65 36.64 36.61 36.49 36.15 36.48 36.55 36.51 36.49 36.48 36.41 36.36 36.23 36.21 36.10 35.99 35.97 35.89 35.78
37.05 36.95 36.82 36.80 35.87 37.02 36.99 36.96 37.03 37.09 37.08 37.09 37.12 37.19 37.24 37.28 37.27 37.32 37.33 37.33 37.30 37.31 37.32 37.33 37.29 37.32 37.32 37.30 37.27 37.17 37.20 37.25 37.23 37.17 37.15 37.07 37.08 37.01 36.94 36.95 36.98 36.93 36.90 36.86 36.92 36.90 36.82 36.90 36.68 36.66 36.62 36.46 36.69 36.68 36.45 36.51 36.56 36.50 36.56 36.61 36.55 36.26 36.35 36.37 36.43 36.43 36.50 36.47 36.30 36.37 36.26 36.18 36.12 36.00 35.93 35.88 35.82
37.07 36.89 36.84 36.69 36.71 36.98 36.94 36.92 36.81 36.97 37.01 37.03 37.09 37.14 37.24 37.26 37.28 37.24 37.27 37.32 37.28 37.27 37.28 37.30 37.31 37.28 37.26 37.33 37.13 37.04 37.17 37.22 37.15 37.03 37.02 36.99 36.94 36.83 36.42 36.90 36.97 37.06 36.86 36.94 36.94 36.96 36.89 36.98 36.73 36.46 36.55 36.53 36.60 36.67 36.69 36.69 36.65 36.65 36.54 36.54 36.23 36.47 36.38 36.18 35.68 36.20 35.86 36.38 36.41 36.31 36.24 36.16 36.08 36.00 35.92 35.89 35.80
36.96 36.93 36.92 36.84 36.84 36.90 36.90 36.86 36.87 36.86 36.91 36.93 37.07 37.12 37.20 37.21 37.20 37.16 37.21 37.22 37.20 37.20 37.20 37.23 37.25 37.22 37.20 37.19 37.20 37.14 37.15 37.16 37.08 36.73 36.87 36.88 36.79 36.68 36.77 36.89 36.92 37.05 37.08 37.04 37.02 37.01 36.99 36.93 36.75 36.60 36.64 36.68 36.58 36.63 36.59 36.61 36.53 36.46 36.53 36.56 36.49 36.52 36.36 36.44 36.21 36.46 36.33 36.38 36.34 36.27 36.17 36.09 36.05 35.94 35.90 35.86 35.82
36.96 36.87 36.86 36.83 36.81 36.80 36.82 36.81 36.71 36.64 36.70 36.92 37.04 37.13 37.17 37.16 37.18 37.08 36.03 36.79 37.08 37.12 37.01 36.99 36.87 37.13 37.11 37.12 37.12 37.12 37.11 37.05 37.01 37.04 36.83 36.99 36.90 36.83 36.86 36.87 36.94 37.02 37.06 37.03 37.06 37.06 37.05 36.97 36.77 36.46 36.59 36.58 36.57 36.68 36.70 36.59 36.62 36.72 36.70 36.64 36.52 36.62 36.51 36.46 36.41 36.48 36.45 36.31 36.30 36.22 36.09 36.08 36.03 35.93 35.85 35.85 35.80
36.91 36.82 36.67 36.79 36.83 36.73 36.45 36.29 35.31 36.63 36.85 36.88 36.99 37.12 37.17 37.19 37.06 36.85 36.60 36.57 37.02 36.90 36.91 36.03 36.36 37.05 37.06 36.99 37.08 37.02 37.07 36.99 37.03 37.00 37.10 37.13 37.00 36.96 36.98 36.99 37.00 36.96 37.03 37.09 37.09 37.07 37.05 37.00 36.83 36.68 36.52 36.49 36.42 36.56 36.36 36.58 36.77 36.77 36.75 36.74 36.70 36.62 36.53 36.49 36.48 36.47 36.31 36.30 36.26 36.02 35.67 36.03 35.97 35.37 35.80 35.74 35.37
36.77 36.76 36.58 36.47 36.74 36.76 36.63 36.36 36.41 36.62 36.73 36.77 36.92 37.10 37.13 37.08 34.91 36.66 36.85 36.03 36.83 36.74 35.56 36.83 36.86 37.02 37.01 37.03 37.10 37.12 37.13 36.97 37.09 37.11 37.17 37.20 37.16 37.09 37.02 37.05 37.08 37.00 37.02 37.13 37.13 37.12 37.04 37.07 36.94 36.78 36.69 36.69 36.80 36.75 36.65 36.56 36.74 36.76 36.70 36.68 36.66 36.57 36.49 36.38 36.40 36.43 36.37 36.31 36.15 36.05 35.93 35.92 35.93 35.92 35.82 35.72 35.39
36.58 36.69 36.50 36.48 36.56 36.65 36.64 36.60 36.41 36.41 36.57 36.72 36.96 37.06 37.05 37.02 36.36 35.46 35.40 34.95 36.77 36.66 36.60 36.77 36.92 36.95 37.03 37.00 37.18 37.18 37.11 37.24 37.25 37.24 37.25 37.26 37.30 37.15 37.14 37.16 37.12 37.14 37.13 37.02 37.18 37.13 37.08 37.15 37.00 36.87 36.70 36.68 36.77 36.74 36.72 36.72 36.67 36.65 36.74 36.67 36.64 36.56 36.48 36.42 36.40 36.41 36.34 36.24 36.13 36.08 35.91 36.02 35.98 35.92 35.86 35.73 35.73
35.42 36.21 36.49 35.48 35.45 35.86 36.54 36.63 36.48 36.49 36.37 36.42 36.95 35.52 36.86 36.64 36.40 35.84 36.37 35.96 36.56 36.78 36.73 36.56 36.82 37.00 36.96 37.02 36.99 37.08 37.19 37.25 37.31 37.31 37.30 37.34 37.33 37.25 37.25 37.23 37.19 37.17 37.23 37.14 37.16 37.20 37.17 37.18 37.09 36.88 36.71 36.77 36.80 36.79 36.61 36.78 36.69 36.62 36.63 36.68 36.62 36.56 36.49 36.40 36.38 36.38 36.33 36.23 36.11 36.06 35.89 36.00 35.95 35.89 35.80 35.68 35.56
36.62 35.70 35.99 36.18 36.38 36.52 36.05 35.83 36.44 36.47 36.72 36.71 34.59 33.50 35.35 35.35 36.15 36.18 35.92 36.32 36.51 36.61 36.30 36.49 36.68 36.78 36.77 36.97 36.97 37.04 37.06 37.19 37.30 37.35 37.35 37.37 37.33 37.37 37.33 37.33 37.29 37.25 37.23 37.23 37.09 37.22 37.25 37.17 37.15 37.05 36.94 36.86 36.85 36.86 36.80 36.80 36.75 36.69 36.65 36.62 36.62 36.55 36.41 36.45 36.45 36.40 36.32 36.22 36.22 36.15 36.03 36.00 35.95 35.88 35.79 35.70 35.69
36.83 36.73 36.62 36.63 36.88 34.86 34.67 35.24 36.25 36.01 35.78 36.49 34.52 36.16 35.69 33.95 35.25 36.42 35.92 36.35 36.15 36.21 36.43 36.52 36.79 36.82 36.78 37.09 37.06 37.11 37.14 37.13 37.19 37.23 37.32 37.40 37.44 37.45 37.39 37.36 37.35 37.32 37.29 37.29 37.30 37.29 37.22 37.15 37.13 37.12 36.94 36.85 36.76 36.89 36.85 36.83 36.78 36.71 36.66 36.61 36.58 36.55 36.40 36.29 36.41 36.37 36.29 36.14 36.06 36.02 36.02 35.97 35.93 35.86 35.71 35.68 35.62
36.83 36.60 36.87 36.93 36.97 37.03 36.64 36.69 36.40 33.29 35.32 35.40 36.18 36.38 36.97 36.82 37.07 36.86 35.39 36.70 36.67 36.75 36.69 36.86 36.85 37.04 37.06 37.12 37.23 37.23 37.14 37.20 37.13 37.23 37.28 37.37 37.43 37.37 37.43 37.37 37.45 37.35 37.33 37.31 37.29 37.26 37.18 37.12 37.16 37.14 37.04 36.96 36.94 36.92 36.92 36.87 36.77 36.67 36.62 36.63 36.56 36.47 36.40 36.44 36.43 36.37 36.28 36.23 36.16 36.10 35.90 35.95 35.92 35.86 35.80 35.64 35.66
37.02 37.04 37.04 37.01 37.05 37.10 37.18 37.23 36.94 37.20 37.15 36.82 36.79 37.15 37.06 37.12 37.18 37.03 36.91 36.92 36.79 36.87 36.93 36.91 36.92 36.94 37.06 37.23 37.23 37.25 37.16 37.32 37.13 37.24 37.32 37.39 37.42 37.36 37.30 37.31 37.42 37.40 37.30 37.31 37.20 37.10 37.19 37.07 37.06 37.11 37.12 37.01 36.98 36.90 36.79 36.84 36.78 36.62 36.57 36.55 36.53 36.44 36.44 36.43 36.37 36.20 36.24 36.07 36.09 35.92 36.01 35.95 35.92 35.85 35.80 35.75 35.66
37.03 37.09 36.92 37.08 37.10 37.14 37.12 37.32 37.40 37.38 37.21 37.25 37.18 37.17 37.25 36.29 36.89 36.91 37.06 36.97 37.03 37.05 37.03 36.98 36.94 36.87 36.90 37.03 37.20 37.30 37.35 37.36 37.28 37.30 37.35 37.47 37.46 37.46 37.38 37.40 37.42 37.43 37.35 37.31 37.13 37.05 37.12 37.04 36.95 37.02 37.10 37.02 37.00 36.95 36.81 36.78 36.82 36.60 36.61 36.58 36.51 36.41 36.41 36.49 36.40 36.25 36.20 36.14 35.97 35.94 35.93 35.93 35.88 35.81 35.72 35.72 35.59
37.12 37.14 37.14 37.12 37.09 37.11 37.07 37.24 37.08 37.48 37.38 37.33 37.41 37.45 37.34 37.25 37.34 37.21 37.23 37.13 37.15 37.13 37.11 37.01 36.97 37.10 37.10 37.15 37.24 37.33 37.41 37.34 37.39 37.45 37.39 37.31 37.34 37.33 37.42 37.37 37.35 37.39 37.25 37.30 37.11 37.01 37.19 37.07 37.15 37.15 37.10 37.06 37.06 37.01 36.91 36.83 36.84 36.72 36.67 36.59 36.48 36.38 36.43 36.44 36.40 36.24 36.16 36.01 35.68 35.63 35.76 35.77 35.63 35.71 35.66 35.51 35.47
37.17 37.13 37.13 37.14 37.05 36.96 36.96 37.25 37.37 37.47 37.34 37.30 37.42 37.52 37.53 37.37 37.41 37.33 37.31 37.25 37.24 37.21 37.20 37.12 37.06 37.02 37.13 37.21 37.23 37.33 37.36 37.18 37.28 37.37 37.33 37.38 37.33 37.34 37.16 37.23 37.33 37.37 37.40 37.23 37.13 37.12 37.06 37.02 37.13 37.15 37.10 37.15 37.08 36.99 36.90 36.80 36.82 36.74 36.65 36.57 36.46 36.46 36.38 36.36 36.31 36.29 36.19 36.02 35.64 35.80 35.40 35.64 35.52 35.52 35.59 35.54 35.52
37.18 37.05 37.09 37.02 37.01 37.01 37.06 37.21 37.40 37.45 37.39 37.33 37.42 37.52 37.54 37.51 37.47 37.42 37.41 37.38 37.32 37.30 37.19 37.21 37.18 37.04 37.11 37.24 37.25 37.30 37.31 37.33 37.29 37.32 37.33 37.35 37.28 37.15 37.22 37.32 37.35 37.32 37.40 37.26 37.15 37.05 37.20 37.19 37.19 37.18 37.16 37.14 37.13 36.94 36.98 36.90 36.81 36.80 36.71 36.65 36.55 36.60 36.53 36.36 36.29 36.23 36.18 35.99 35.94 35.94 35.83 35.76 35.73 35.64 35.60 35.54 35.50
37.17 37.17 37.14 37.00 37.07 37.10 37.18 37.19 37.34 37.47 37.46 37.31 37.42 37.50 37.50 37.64 37.51 37.50 37.46 37.41 37.38 37.37 37.32 37.33 37.15 37.06 37.15 37.26 37.27 37.22 37.27 37.29 37.29 37.28 37.28 37.16 37.06 37.21 37.28 37.31 37.31 37.31 37.35 37.29 37.18 37.30 37.21 37.22 37.19 37.16 37.16 37.13 37.13 37.07 37.00 36.94 36.88 36.80 36.75 36.65 36.61 36.56 36.51 36.45 36.31 36.31 36.08 35.87 35.85 35.91 35.98 35.83 35.79 35.67 35.62 35.46 35.44
37.20 37.17 37.15 37.14 37.09 37.13 37.23 37.24 37.31 37.44 37.42 37.34 37.49 37.49 37.49 37.65 37.63 37.58 37.54 37.45 37.44 37.41 37.38 37.27 37.11 37.08 37.06 37.09 37.05 37.07 37.19 37.19 37.17 37.19 37.13 37.00 37.04 37.01 37.11 37.13 37.15 37.24 37.25 37.31 37.32 37.25 37.22 37.22 37.18 37.08 37.12 37.10 37.08 37.01 36.96 36.89 36.86 36.81 36.75 36.69 36.60 36.53 36.48 36.42 36.36 36.18 36.14 35.93 36.04 35.73 35.93 35.86 35.76 35.66 35.53 35.62 35.44
37.21 37.22 37.23 37.17 37.13 37.23 37.28 37.31 37.33 37.36 37.45 37.40 37.42 37.43 37.43 37.64 37.65 37.66 37.63 37.54 37.49 37.35 37.37 37.13 37.09 37.19 37.12 37.10 37.08 37.09 37.11 37.15 37.11 37.05 37.01 37.06 36.94 36.87 36.73 36.99 37.10 37.19 37.20 37.24 37.27 37.26 37.16 37.20 37.12 37.13 37.09 37.04 37.04 36.99 36.94 36.90 36.85 36.80 36.75 36.67 36.63 36.57 36.51 36.42 36.41 36.33 36.24 36.12 36.09 36.03 35.97 35.85 35.78 35.69 35.64 35.53 35.49
37.25 37.27 37.27 37.21 37.19 37.16 37.24 37.25 37.36 37.41 37.44 37.50 37.58 37.45 37.55 37.62 37.62 37.60 37.57 37.56 37.44 37.27 37.16 37.08 37.12 37.20 37.17 37.15 37.15 37.05 37.07 36.98 36.90 36.85 37.02 37.03 37.05 37.07 37.06 37.08 37.13 37.20 37.21 37.23 37.12 37.19 37.20 37.19 37.16 37.12 37.05 36.99 37.00 36.95 36.93 36.88 36.81 36.76 36.71 36.64 36.55 36.50 36.42 36.36 36.27 36.19 36.12 36.09 36.03 35.96 35.85 35.72 35.64 35.57 35.52 35.46 35.45
37.25 37.19 37.16 37.25 37.17 37.10 37.19 37.21 37.38 37.38 37.44 37.42 37.50 37.49 37.58 37.61 37.60 37.51 37.51 37.49 37.40 37.24 37.17 37.17 37.15 37.20 37.19 37.22 37.20 37.18 37.13 36.99 36.88 36.89 36.79 36.85 36.96 37.04 37.06 37.08 37.09 37.12 37.06 37.01 37.10 37.11 37.06 37.10 37.11 37.10 37.05 37.03 36.98 36.93 36.92 36.86 36.78 36.74 36.69 36.61 36.54 36.47 36.43 36.33 36.22 36.13 36.04 35.99 35.96 35.90 35.80 35.69 35.58 35.53 35.46 35.42 35.40
37.13 37.23 37.26 37.26 37.12 37.00 37.11 37.15 37.15 37.15 37.38 37.44 37.44 37.36 37.43 37.56 37.54 37.50 37.48 37.31 37.30 37.22 37.03 36.88 36.91 37.08 37.13 37.14 37.20 37.21 37.13 37.05 36.80 36.82 36.88 36.91 36.76 36.79 36.96 36.92 36.83 37.04 37.04 37.00 36.90 36.98 37.07 37.08 37.12 37.07 37.07 37.04 36.98 36.94 36.91 36.85 36.79 36.74 36.67 36.63 36.51 36.44 36.38 36.29 36.18 36.11 36.04 35.98 35.92 35.85 35.76 35.66 35.56 35.50 35.44 35.39 35.35
37.18 37.33 37.35 37.22 37.09 37.10 37.14 37.09 37.10 37.23 37.37 37.42 37.43 37.38 37.49 37.55 37.48 37.47 37.44 37.34 37.27 37.11 37.03 36.92 36.88 36.93 36.94 37.02 37.06 37.05 37.20 37.13 37.01 36.88 36.76 36.91 36.87 36.83 36.84 36.82 36.94 37.02 36.99 37.00 36.93 36.83 37.06 37.07 36.98 37.03 36.88 36.92 36.96 36.92 36.87 36.78 36.63 36.59 36.63 36.55 36.55 36.47 36.36 36.29 36.20 36.11 36.04 35.98 35.91 35.82 35.71 35.62 35.54 35.47 35.40 35.35 35.28
