datasets/raw/temp/2019121820191218.grid
ncols 886
nrows 691
xllcenter 112.0000
yllcenter -44.5000
cellsize 0.0500
nodata_value 99999.90
[rows 578 to 611 of 691, columns 385 to 461 of 886]
19.97 20.24 20.51 20.81 21.10 21.42 21.74 22.09 22.44 22.81 23.20 23.59 24.01 24.44 24.90 25.37 25.86 26.35 26.88 27.43 28.00 28.57 29.18 29.81 30.46 31.03 31.36 31.47 31.49 31.49 31.50 31.51 31.54 31.54 31.56 31.57 31.58 31.59 31.60 31.61 31.62 31.64 31.66 31.67 31.68 31.69 31.71 31.72 31.74 31.76 31.77 31.78 31.80 31.81 31.83 31.85 31.86 31.88 31.89 31.91 31.93 31.95 31.97 31.98 32.00 32.01 32.04 32.06 32.08 32.09 32.11 32.13 32.14 32.17 32.19 32.21 32.23
19.65 19.90 20.16 20.44 20.73 21.02 21.33 21.66 22.00 22.35 22.72 23.09 23.49 23.91 24.33 24.78 25.25 25.72 26.23 26.75 27.29 27.85 28.42 29.02 29.65 30.28 30.87 31.28 31.42 31.44 31.45 31.46 31.47 31.49 31.50 31.51 31.52 31.53 31.54 31.55 31.56 31.58 31.59 31.61 31.62 31.63 31.65 31.66 31.67 31.69 31.70 31.71 31.74 31.75 31.76 31.78 31.79 31.81 31.82 31.84 31.85 31.88 31.89 31.91 31.93 31.94 31.96 31.98 31.99 32.01 32.03 32.05 32.07 32.09 32.11 32.12 32.13
19.34 19.57 19.83 20.09 20.36 20.64 20.94 21.25 21.57 21.91 22.25 22.62 22.99 23.39 23.80 24.22 24.66 25.13 25.59 26.09 26.61 27.14 27.70 28.26 28.85 29.47 30.10 30.71 31.19 31.35 31.39 31.40 31.41 31.42 31.43 31.45 31.46 31.47 31.48 31.49 31.50 31.52 31.53 31.54 31.55 31.56 31.58 31.59 31.61 31.63 31.64 31.65 31.67 31.68 31.70 31.71 31.72 31.74 31.75 31.77 31.78 31.80 31.82 31.84 31.86 31.87 31.89 31.90 31.92 31.94 31.95 31.97 31.99 32.01 32.02 32.03 32.05
19.03 19.27 19.50 19.75 20.01 20.28 20.56 20.86 21.16 21.48 21.81 22.16 22.52 22.89 23.28 23.69 24.10 24.54 25.00 25.47 25.95 26.46 26.99 27.53 28.10 28.68 29.28 29.91 30.54 31.06 31.27 31.33 31.35 31.36 31.37 31.38 31.39 31.40 31.41 31.44 31.45 31.46 31.47 31.48 31.49 31.51 31.52 31.53 31.54 31.56 31.57 31.58 31.60 31.61 31.62 31.64 31.65 31.67 31.68 31.70 31.71 31.73 31.74 31.76 31.77 31.79 31.81 31.82 31.84 31.86 31.87 31.89 31.90 31.92 31.94 31.95 31.96
18.75 18.96 19.18 19.43 19.67 19.93 20.20 20.48 20.77 21.07 21.39 21.71 22.06 22.42 22.78 23.17 23.57 23.98 24.41 24.86 25.33 25.80 26.31 26.83 27.37 27.92 28.50 29.10 29.71 30.34 30.88 31.18 31.28 31.30 31.31 31.32 31.33 31.34 31.36 31.37 31.38 31.39 31.40 31.41 31.43 31.44 31.45 31.47 31.49 31.50 31.51 31.52 31.54 31.54 31.56 31.57 31.58 31.60 31.61 31.63 31.64 31.66 31.67 31.69 31.70 31.72 31.74 31.75 31.77 31.78 31.79 31.81 31.82 31.84 31.86 31.86 31.88
18.47 18.67 18.89 19.11 19.35 19.59 19.85 20.11 20.39 20.67 20.97 21.29 21.61 21.95 22.31 22.66 23.05 23.44 23.86 24.28 24.72 25.18 25.66 26.15 26.66 27.19 27.74 28.31 28.90 29.51 30.13 30.70 31.10 31.23 31.26 31.27 31.28 31.29 31.30 31.31 31.32 31.33 31.34 31.36 31.37 31.38 31.39 31.40 31.42 31.43 31.44 31.46 31.47 31.48 31.50 31.51 31.52 31.54 31.54 31.56 31.57 31.59 31.60 31.62 31.63 31.65 31.66 31.67 31.69 31.70 31.72 31.73 31.74 31.76 31.77 31.79 31.80
18.19 18.39 18.59 18.81 19.03 19.27 19.50 19.76 20.02 20.29 20.58 20.87 21.19 21.50 21.84 22.19 22.54 22.92 23.32 23.72 24.14 24.58 25.03 25.50 25.99 26.49 27.01 27.55 28.11 28.69 29.30 29.91 30.51 31.00 31.16 31.20 31.22 31.23 31.24 31.25 31.26 31.27 31.29 31.30 31.31 31.32 31.33 31.34 31.35 31.36 31.37 31.39 31.40 31.41 31.43 31.44 31.46 31.47 31.48 31.49 31.50 31.52 31.53 31.55 31.56 31.57 31.58 31.60 31.61 31.63 31.64 31.65 31.67 31.67 31.69 31.71 31.72
17.94 18.12 18.32 18.52 18.73 18.95 19.18 19.42 19.67 19.92 20.20 20.48 20.77 21.08 21.39 21.73 22.07 22.42 22.79 23.18 23.59 24.00 24.42 24.87 25.34 25.82 26.32 26.83 27.36 27.91 28.48 29.07 29.68 30.30 30.81 31.06 31.15 31.16 31.17 31.18 31.20 31.21 31.22 31.23 31.24 31.25 31.27 31.28 31.29 31.30 31.32 31.33 31.34 31.35 31.36 31.37 31.39 31.40 31.41 31.42 31.43 31.45 31.46 31.48 31.48 31.50 31.51 31.53 31.53 31.55 31.56 31.57 31.59 31.60 31.61 31.63 31.63
17.68 17.87 18.04 18.24 18.44 18.64 18.86 19.10 19.33 19.58 19.83 20.10 20.38 20.67 20.97 21.29 21.61 21.95 22.30 22.66 23.04 23.44 23.85 24.28 24.71 25.17 25.64 26.13 26.64 27.16 27.71 28.26 28.85 29.45 30.06 30.61 30.96 31.10 31.12 31.13 31.14 31.15 31.16 31.17 31.18 31.20 31.20 31.21 31.22 31.23 31.25 31.26 31.27 31.29 31.29 31.30 31.32 31.33 31.34 31.35 31.36 31.38 31.39 31.40 31.41 31.43 31.44 31.45 31.46 31.48 31.48 31.50 31.52 31.52 31.54 31.54 31.56
17.45 17.61 17.79 17.97 18.16 18.36 18.57 18.78 19.01 19.23 19.48 19.73 20.00 20.28 20.56 20.86 21.17 21.48 21.82 22.17 22.54 22.90 23.29 23.70 24.12 24.55 24.99 25.46 25.94 26.44 26.96 27.49 28.04 28.62 29.21 29.82 30.40 30.86 31.02 31.06 31.07 31.08 31.09 31.11 31.12 31.13 31.14 31.15 31.16 31.18 31.18 31.19 31.21 31.22 31.23 31.23 31.25 31.26 31.28 31.28 31.29 31.31 31.32 31.33 31.34 31.36 31.36 31.38 31.39 31.40 31.41 31.42 31.43 31.44 31.46 31.46 31.48
17.21 17.36 17.54 17.70 17.89 18.07 18.27 18.48 18.69 18.91 19.14 19.38 19.63 19.89 20.17 20.44 20.74 21.05 21.36 21.69 22.04 22.39 22.75 23.14 23.54 23.95 24.38 24.82 25.27 25.74 26.24 26.74 27.27 27.81 28.38 28.96 29.56 30.16 30.66 30.92 31.00 31.03 31.04 31.05 31.06 31.07 31.07 31.08 31.10 31.11 31.12 31.13 31.14 31.15 31.16 31.18 31.18 31.19 31.21 31.21 31.22 31.24 31.24 31.26 31.27 31.28 31.29 31.31 31.31 31.33 31.33 31.35 31.35 31.37 31.38 31.39 31.40
16.99 17.14 17.29 17.46 17.62 17.81 17.99 18.19 18.39 18.60 18.82 19.04 19.28 19.54 19.79 20.06 20.33 20.62 20.92 21.24 21.56 21.90 22.25 22.61 22.99 23.37 23.78 24.20 24.64 25.09 25.55 26.04 26.54 27.04 27.58 28.14 28.70 29.30 29.90 30.44 30.82 30.95 30.97 30.98 30.99 31.00 31.01 31.03 31.04 31.04 31.05 31.07 31.08 31.08 31.09 31.11 31.11 31.12 31.14 31.14 31.16 31.17 31.17 31.19 31.20 31.21 31.22 31.23 31.24 31.25 31.26 31.27 31.28 31.29 31.30 31.31 31.32
16.77 16.91 17.06 17.21 17.38 17.54 17.72 17.90 18.10 18.30 18.50 18.72 18.94 19.18 19.43 19.68 19.94 20.22 20.50 20.80 21.11 21.43 21.75 22.10 22.46 22.83 23.22 23.61 24.02 24.45 24.89 25.35 25.82 26.31 26.82 27.35 27.89 28.45 29.03 29.62 30.20 30.69 30.86 30.91 30.94 30.94 30.95 30.96 30.97 30.98 30.99 31.00 31.01 31.01 31.03 31.04 31.05 31.06 31.07 31.07 31.09 31.10 31.11 31.12 31.12 31.14 31.15 31.16 31.17 31.18 31.19 31.20 31.20 31.22 31.22 31.23 31.25
16.57 16.70 16.83 16.99 17.13 17.30 17.46 17.64 17.82 18.01 18.21 18.41 18.62 18.84 19.08 19.32 19.56 19.82 20.10 20.38 20.67 20.97 21.29 21.62 21.95 22.30 22.67 23.05 23.44 23.84 24.26 24.70 25.14 25.61 26.09 26.59 27.10 27.63 28.19 28.75 29.34 29.95 30.45 30.75 30.86 30.88 30.89 30.89 30.90 30.92 30.93 30.94 30.94 30.96 30.96 30.97 30.99 30.99 31.00 31.01 31.02 31.03 31.04 31.05 31.05 31.07 31.07 31.09 31.09 31.11 31.11 31.13 31.13 31.14 31.15 31.16 31.17
16.36 16.49 16.62 16.76 16.91 17.05 17.22 17.38 17.55 17.73 17.91 18.11 18.31 18.52 18.75 18.97 19.21 19.46 19.70 19.97 20.25 20.54 20.83 21.14 21.47 21.80 22.14 22.50 22.87 23.26 23.66 24.07 24.50 24.94 25.40 25.87 26.36 26.86 27.39 27.93 28.49 29.06 29.65 30.20 30.63 30.78 30.82 30.84 30.85 30.85 30.86 30.87 30.88 30.89 30.89 30.90 30.92 30.92 30.93 30.95 30.95 30.96 30.97 30.98 30.99 31.00 31.01 31.02 31.02 31.03 31.04 31.05 31.05 31.07 31.08 31.08 31.10
16.16 16.29 16.41 16.55 16.68 16.83 16.97 17.13 17.30 17.46 17.64 17.82 18.01 18.21 18.42 18.64 18.86 19.09 19.34 19.59 19.85 20.12 20.41 20.70 21.00 21.32 21.64 21.99 22.34 22.70 23.07 23.46 23.87 24.29 24.72 25.17 25.64 26.11 26.61 27.12 27.66 28.20 28.77 29.35 29.93 30.43 30.67 30.76 30.78 30.79 30.79 30.81 30.82 30.82 30.83 30.84 30.85 30.85 30.87 30.88 30.88 30.89 30.90 30.90 30.92 30.92 30.94 30.94 30.95 30.96 30.96 30.98 30.99 30.99 31.01 31.01 31.02
15.98 16.09 16.22 16.34 16.47 16.60 16.75 16.89 17.05 17.21 17.37 17.55 17.72 17.92 18.12 18.31 18.53 18.75 18.97 19.22 19.47 19.73 19.99 20.27 20.56 20.86 21.17 21.48 21.82 22.16 22.52 22.89 23.28 23.67 24.09 24.51 24.95 25.40 25.88 26.37 26.87 27.39 27.93 28.48 29.05 29.63 30.16 30.55 30.68 30.73 30.74 30.74 30.75 30.75 30.77 30.77 30.78 30.79 30.80 30.81 30.82 30.82 30.83 30.84 30.85 30.85 30.87 30.87 30.88 30.89 30.90 30.90 30.92 30.92 30.93 30.93 30.94
15.81 15.91 16.02 16.14 16.26 16.39 16.52 16.66 16.81 16.96 17.12 17.28 17.45 17.64 17.82 18.01 18.21 18.42 18.64 18.87 19.09 19.34 19.60 19.86 20.13 20.41 20.71 21.01 21.33 21.65 21.99 22.34 22.70 23.08 23.47 23.87 24.29 24.72 25.17 25.63 26.11 26.60 27.11 27.64 28.18 28.74 29.31 29.89 30.37 30.58 30.66 30.68 30.69 30.69 30.70 30.70 30.72 30.73 30.73 30.74 30.75 30.75 30.76 30.77 30.78 30.79 30.79 30.80 30.81 30.81 30.83 30.83 30.84 30.84 30.86 30.86 30.87
15.63 15.74 15.84 15.95 16.06 16.19 16.31 16.45 16.58 16.73 16.87 17.03 17.19 17.36 17.54 17.71 17.91 18.11 18.30 18.52 18.75 18.98 19.21 19.46 19.72 19.99 20.26 20.55 20.85 21.16 21.48 21.82 22.16 22.52 22.89 23.26 23.67 24.08 24.49 24.93 25.39 25.86 26.34 26.84 27.35 27.89 28.44 29.00 29.58 30.09 30.45 30.59 30.62 30.63 30.63 30.65 30.65 30.66 30.66 30.67 30.68 30.68 30.70 30.70 30.70 30.72 30.72 30.73 30.74 30.75 30.75 30.76 30.77 30.77 30.78 30.78 30.79
15.47 15.56 15.66 15.76 15.88 15.99 16.11 16.23 16.36 16.49 16.64 16.79 16.94 17.10 17.26 17.44 17.62 17.80 17.99 18.20 18.40 18.62 18.85 19.09 19.33 19.58 19.85 20.12 20.40 20.70 20.99 21.31 21.64 21.97 22.33 22.69 23.06 23.45 23.85 24.27 24.70 25.14 25.60 26.07 26.56 27.06 27.58 28.12 28.69 29.25 29.81 30.28 30.48 30.55 30.57 30.58 30.58 30.60 30.60 30.60 30.61 30.62 30.63 30.63 30.64 30.65 30.65 30.66 30.66 30.68 30.68 30.68 30.69 30.70 30.71 30.71 30.72
15.30 15.40 15.49 15.59 15.69 15.80 15.91 16.03 16.15 16.28 16.42 16.55 16.70 16.84 17.00 17.17 17.33 17.51 17.70 17.88 18.08 18.29 18.51 18.72 18.96 19.20 19.45 19.70 19.97 20.25 20.54 20.83 21.14 21.46 21.80 22.14 22.49 22.86 23.23 23.63 24.03 24.46 24.89 25.34 25.81 26.29 26.78 27.29 27.82 28.36 28.92 29.49 30.00 30.35 30.48 30.50 30.52 30.53 30.53 30.53 30.55 30.55 30.55 30.57 30.57 30.57 30.59 30.59 30.60 30.60 30.61 30.62 30.62 30.63 30.63 30.64 30.64
15.15 15.23 15.32 15.41 15.52 15.61 15.72 15.83 15.95 16.07 16.19 16.33 16.46 16.61 16.75 16.91 17.07 17.24 17.40 17.59 17.78 17.97 18.17 18.38 18.60 18.82 19.06 19.31 19.56 19.82 20.10 20.37 20.66 20.96 21.28 21.61 21.94 22.29 22.65 23.02 23.41 23.81 24.22 24.64 25.08 25.53 26.00 26.49 26.99 27.51 28.04 28.59 29.15 29.70 30.16 30.37 30.44 30.46 30.46 30.47 30.48 30.48 30.49 30.50 30.50 30.51 30.51 30.52 30.53 30.53 30.54 30.54 30.54 30.56 30.56 30.57 30.57
15.00 15.08 15.16 15.25 15.35 15.44 15.54 15.65 15.76 15.87 15.99 16.11 16.24 16.38 16.51 16.66 16.81 16.97 17.13 17.30 17.48 17.66 17.86 18.05 18.26 18.47 18.70 18.93 19.16 19.41 19.67 19.94 20.21 20.50 20.80 21.10 21.42 21.74 22.08 22.45 22.80 23.18 23.58 23.98 24.39 24.83 25.27 25.73 26.20 26.69 27.19 27.71 28.26 28.81 29.37 29.87 30.23 30.37 30.40 30.40 30.40 30.42 30.42 30.42 30.44 30.44 30.44 30.45 30.45 30.46 30.47 30.47 30.48 30.48 30.49 30.49 30.49
14.85 14.93 15.01 15.10 15.18 15.27 15.36 15.47 15.57 15.68 15.78 15.90 16.02 16.15 16.29 16.42 16.56 16.71 16.86 17.03 17.20 17.37 17.55 17.74 17.93 18.14 18.34 18.56 18.79 19.02 19.27 19.52 19.78 20.04 20.33 20.62 20.92 21.23 21.55 21.89 22.23 22.59 22.96 23.34 23.73 24.14 24.56 24.99 25.45 25.91 26.39 26.89 27.40 27.92 28.46 29.03 29.57 30.03 30.24 30.33 30.34 30.35 30.35 30.36 30.36 30.37 30.38 30.38 30.38 30.39 30.39 30.39 30.41 30.41 30.42 30.42 30.43
14.72 14.78 14.86 14.94 15.03 15.11 15.20 15.29 15.39 15.48 15.59 15.71 15.82 15.94 16.06 16.19 16.33 16.46 16.61 16.77 16.92 17.09 17.26 17.44 17.62 17.81 18.01 18.22 18.43 18.64 18.88 19.12 19.36 19.62 19.89 20.16 20.45 20.74 21.05 21.36 21.69 22.03 22.38 22.74 23.11 23.50 23.89 24.31 24.73 25.17 25.62 26.09 26.58 27.08 27.59 28.12 28.67 29.23 29.73 30.11 30.24 30.27 30.29 30.29 30.29 30.30 30.30 30.31 30.32 30.32 30.32 30.33 30.33 30.34 30.34 30.34 30.35
14.59 14.65 14.71 14.79 14.88 14.95 15.04 15.12 15.22 15.31 15.41 15.51 15.62 15.74 15.85 15.98 16.10 16.23 16.37 16.51 16.66 16.82 16.99 17.14 17.32 17.50 17.69 17.89 18.08 18.29 18.51 18.74 18.97 19.21 19.46 19.72 19.99 20.26 20.55 20.85 21.16 21.48 21.81 22.15 22.50 22.87 23.25 23.64 24.05 24.46 24.89 25.34 25.79 26.27 26.75 27.26 27.78 28.32 28.86 29.40 29.88 30.11 30.20 30.22 30.23 30.23 30.23 30.24 30.24 30.24 30.26 30.26 30.27 30.27 30.27 30.27 30.27
14.45 14.52 14.58 14.66 14.72 14.80 14.88 14.97 15.05 15.14 15.23 15.33 15.44 15.54 15.65 15.76 15.89 16.01 16.14 16.27 16.42 16.57 16.71 16.87 17.04 17.20 17.38 17.57 17.76 17.96 18.16 18.38 18.59 18.82 19.06 19.30 19.56 19.82 20.09 20.37 20.67 20.97 21.28 21.61 21.94 22.29 22.64 23.01 23.39 23.79 24.19 24.61 25.05 25.50 25.97 26.44 26.93 27.44 27.97 28.51 29.06 29.56 29.97 30.11 30.15 30.17 30.17 30.17 30.17 30.18 30.18 30.18 30.19 30.19 30.20 30.20 30.20
14.33 14.38 14.45 14.51 14.59 14.65 14.73 14.80 14.89 14.97 15.06 15.16 15.25 15.35 15.46 15.56 15.68 15.79 15.92 16.05 16.17 16.32 16.46 16.61 16.76 16.92 17.09 17.27 17.45 17.63 17.82 18.02 18.23 18.45 18.67 18.91 19.15 19.39 19.64 19.91 20.19 20.47 20.77 21.07 21.39 21.72 22.06 22.41 22.78 23.15 23.53 23.93 24.34 24.77 25.20 25.66 26.13 26.61 27.10 27.61 28.15 28.70 29.24 29.70 29.98 30.08 30.09 30.09 30.11 30.11 30.11 30.12 30.12 30.12 30.12 30.12 30.13
14.21 14.26 14.33 14.38 14.45 14.51 14.59 14.66 14.74 14.81 14.90 14.98 15.08 15.18 15.27 15.38 15.49 15.59 15.71 15.82 15.95 16.08 16.22 16.35 16.50 16.66 16.82 16.98 17.14 17.32 17.50 17.69 17.89 18.10 18.30 18.52 18.75 18.98 19.23 19.48 19.74 20.01 20.29 20.58 20.88 21.19 21.51 21.84 22.18 22.53 22.89 23.27 23.67 24.07 24.49 24.91 25.35 25.81 26.29 26.77 27.27 27.79 28.33 28.87 29.39 29.82 29.97 30.02 30.03 30.04 30.04 30.04 30.05 30.05 30.05 30.06 30.06
14.08 14.14 14.19 14.26 14.31 14.38 14.44 14.52 14.58 14.66 14.74 14.82 14.91 15.00 15.09 15.19 15.29 15.40 15.51 15.61 15.74 15.86 15.98 16.12 16.26 16.40 16.54 16.70 16.86 17.03 17.20 17.38 17.56 17.75 17.95 18.16 18.37 18.60 18.83 19.07 19.31 19.57 19.83 20.10 20.39 20.68 20.98 21.30 21.62 21.95 22.29 22.65 23.02 23.40 23.80 24.21 24.63 25.06 25.50 25.96 26.45 26.94 27.44 27.96 28.51 29.05 29.52 29.82 29.94 29.96 29.97 29.98 29.98 29.97 29.98 29.98 29.99
13.97 14.03 14.08 14.14 14.19 14.25 14.31 14.38 14.45 14.52 14.59 14.67 14.74 14.83 14.93 15.01 15.11 15.21 15.30 15.42 15.53 15.64 15.76 15.89 16.02 16.15 16.29 16.44 16.59 16.74 16.90 17.07 17.25 17.43 17.62 17.82 18.02 18.22 18.44 18.66 18.90 19.14 19.39 19.64 19.91 20.19 20.47 20.77 21.08 21.39 21.73 22.06 22.41 22.77 23.14 23.53 23.92 24.34 24.76 25.20 25.65 26.11 26.60 27.10 27.61 28.13 28.68 29.20 29.64 29.83 29.89 29.90 29.90 29.91 29.91 29.91 29.91
13.87 13.91 13.96 14.01 14.07 14.12 14.19 14.24 14.31 14.38 14.45 14.52 14.59 14.68 14.75 14.84 14.93 15.02 15.12 15.22 15.32 15.44 15.55 15.67 15.79 15.92 16.05 16.19 16.32 16.47 16.63 16.79 16.95 17.12 17.30 17.48 17.67 17.87 18.08 18.29 18.51 18.74 18.97 19.22 19.47 19.73 20.00 20.28 20.57 20.87 21.17 21.49 21.82 22.17 22.53 22.89 23.26 23.65 24.05 24.46 24.90 25.34 25.79 26.26 26.76 27.25 27.77 28.30 28.84 29.32 29.67 29.80 29.83 29.83 29.84 29.84 29.84
13.76 13.80 13.85 13.90 13.96 14.00 14.06 14.12 14.18 14.24 14.31 14.37 14.45 14.53 14.60 14.68 14.77 14.85 14.94 15.04 15.13 15.24 15.35 15.45 15.57 15.69 15.82 15.94 16.08 16.22 16.36 16.51 16.67 16.82 16.99 17.17 17.35 17.54 17.73 17.93 18.14 18.36 18.58 18.81 19.05 19.29 19.55 19.81 20.09 20.37 20.66 20.96 21.27 21.60 21.93 22.27 22.64 23.00 23.38 23.77 24.18 24.60 25.03 25.48 25.94 26.41 26.91 27.41 27.93 28.46 28.99 29.44 29.67 29.75 29.76 29.76 29.77
13.65 13.70 13.74 13.79 13.83 13.89 13.94 14.00 14.05 14.11 14.18 14.23 14.31 14.37 14.45 14.53 14.60 14.69 14.77 14.86 14.95 15.05 15.15 15.25 15.37 15.48 15.59 15.71 15.84 15.97 16.11 16.25 16.39 16.55 16.71 16.87 17.04 17.22 17.40 17.58 17.78 17.98 18.19 18.41 18.63 18.87 19.11 19.36 19.62 19.89 20.17 20.45 20.75 21.05 21.37 21.69 22.03 22.38 22.74 23.11 23.50 23.89 24.30 24.73 25.17 25.62 26.08 26.55 27.06 27.57 28.09 28.63 29.12 29.51 29.65 29.69 29.69
