datasets/raw/temp/2019100120191001.grid
ncols 886
nrows 691
xllcenter 112.0000
yllcenter -44.5000
cellsize 0.0500
nodata_value 99999.90
[rows 34 to 67 of 691, columns 770 to 846 of 886]
28.70 28.67 28.65 28.62 28.61 28.58 28.56 28.54 28.52 28.51 28.49 28.47 28.45 28.44 28.42 28.41 28.40 28.38 28.37 28.36 28.34 28.33 28.33 28.31 28.30 28.29 28.28 28.27 28.25 28.25 28.24 28.23 28.22 28.21 28.20 28.18 28.17 28.16 28.15 28.14 28.14 28.13 28.11 28.10 28.09 28.08 28.07 28.06 28.04 28.03 28.02 28.01 28.00 27.98 27.97 27.96 27.95 27.93 27.92 27.91 27.90 27.89 27.88 27.87 27.86 27.84 27.83 27.82 27.80 27.79 27.78 27.77 27.75 27.74 27.73 27.71 27.70
28.67 28.66 28.63 28.61 28.59 28.56 28.55 28.53 28.51 28.49 28.47 28.46 28.44 28.43 28.41 28.39 28.38 28.37 28.36 28.34 28.33 28.32 28.30 28.30 28.29 28.28 28.26 28.25 28.24 28.23 28.22 28.21 28.20 28.19 28.18 28.17 28.16 28.15 28.14 28.12 28.11 28.11 28.10 28.09 28.07 28.06 28.05 28.04 28.03 28.01 28.00 27.99 27.98 27.97 27.95 27.94 27.93 27.92 27.90 27.89 27.88 27.87 27.86 27.85 27.84 27.83 27.81 27.80 27.79 27.77 27.76 27.75 27.73 27.72 27.71 27.70 27.68
28.66 28.64 28.61 28.59 28.57 28.55 28.53 28.51 28.50 28.48 28.46 28.44 28.42 28.41 28.40 28.38 28.37 28.35 28.34 28.33 28.32 28.30 28.29 28.28 28.27 28.26 28.25 28.24 28.23 28.21 28.20 28.19 28.19 28.18 28.17 28.15 28.14 28.13 28.12 28.11 28.09 28.08 28.07 28.07 28.06 28.05 28.03 28.02 28.01 28.00 27.99 27.97 27.96 27.95 27.94 27.92 27.91 27.90 27.89 27.87 27.86 27.85 27.83 27.83 27.82 27.81 27.79 27.78 27.77 27.75 27.74 27.73 27.72 27.70 27.69 27.68 27.66
28.64 28.62 28.60 28.58 28.55 28.53 28.52 28.50 28.48 28.46 28.45 28.43 28.41 28.39 28.38 28.37 28.36 28.34 28.33 28.31 28.31 28.29 28.28 28.27 28.25 28.24 28.24 28.23 28.21 28.20 28.19 28.18 28.16 28.15 28.15 28.14 28.13 28.11 28.10 28.09 28.08 28.07 28.06 28.04 28.04 28.03 28.02 28.00 27.99 27.98 27.97 27.96 27.94 27.93 27.92 27.91 27.89 27.88 27.87 27.86 27.84 27.83 27.82 27.80 27.79 27.79 27.77 27.76 27.75 27.74 27.72 27.71 27.70 27.68 27.67 27.66 27.64
28.62 28.60 28.58 28.55 28.54 28.52 28.50 28.48 28.47 28.45 28.43 28.41 28.40 28.38 28.37 28.35 28.34 28.33 28.31 28.30 28.29 28.27 28.27 28.25 28.24 28.23 28.21 28.20 28.20 28.19 28.17 28.16 28.15 28.14 28.13 28.12 28.11 28.10 28.09 28.08 28.06 28.05 28.04 28.03 28.01 28.01 28.00 27.99 27.98 27.96 27.95 27.94 27.93 27.91 27.90 27.89 27.88 27.86 27.85 27.84 27.82 27.81 27.80 27.79 27.77 27.76 27.76 27.74 27.73 27.72 27.70 27.69 27.68 27.67 27.65 27.64 27.62
28.60 28.57 28.56 28.54 28.52 28.50 28.49 28.46 28.45 28.43 28.42 28.40 28.38 28.36 28.36 28.34 28.32 28.31 28.29 28.29 28.27 28.26 28.25 28.24 28.23 28.22 28.20 28.19 28.18 28.17 28.16 28.15 28.14 28.12 28.11 28.10 28.09 28.08 28.07 28.06 28.05 28.04 28.02 28.01 28.00 27.99 27.98 27.97 27.96 27.95 27.93 27.92 27.91 27.90 27.88 27.87 27.86 27.85 27.83 27.82 27.81 27.79 27.78 27.77 27.75 27.74 27.73 27.73 27.71 27.70 27.69 27.67 27.66 27.65 27.63 27.62 27.61
28.57 28.56 28.54 28.52 28.51 28.49 28.46 28.44 28.43 28.42 28.40 28.38 28.37 28.35 28.34 28.32 28.31 28.30 28.28 28.27 28.26 28.25 28.24 28.22 28.21 28.20 28.19 28.18 28.16 28.15 28.14 28.14 28.12 28.11 28.10 28.09 28.07 28.06 28.06 28.05 28.03 28.02 28.01 28.00 27.98 27.97 27.96 27.95 27.94 27.93 27.92 27.91 27.89 27.88 27.87 27.85 27.84 27.83 27.82 27.80 27.79 27.78 27.76 27.75 27.74 27.72 27.71 27.70 27.68 27.68 27.67 27.65 27.64 27.63 27.61 27.60 27.59
28.56 28.54 28.52 28.50 28.48 28.46 28.45 28.43 28.41 28.39 28.39 28.37 28.35 28.33 28.33 28.31 28.29 28.29 28.27 28.26 28.24 28.23 28.22 28.21 28.20 28.18 28.18 28.16 28.15 28.14 28.13 28.11 28.11 28.10 28.08 28.07 28.06 28.05 28.03 28.03 28.02 28.01 27.99 27.98 27.97 27.96 27.94 27.93 27.92 27.91 27.90 27.89 27.88 27.86 27.85 27.84 27.82 27.81 27.80 27.79 27.77 27.76 27.75 27.73 27.72 27.71 27.69 27.68 27.67 27.65 27.65 27.64 27.62 27.61 27.60 27.58 27.57
28.54 28.51 28.50 28.48 28.46 28.45 28.43 28.41 28.40 28.38 28.36 28.35 28.34 28.32 28.30 28.30 28.28 28.27 28.25 28.25 28.23 28.22 28.20 28.20 28.18 28.17 28.16 28.14 28.14 28.13 28.11 28.10 28.09 28.07 28.07 28.06 28.05 28.03 28.02 28.01 27.99 27.99 27.98 27.97 27.95 27.94 27.93 27.91 27.90 27.89 27.88 27.87 27.86 27.85 27.83 27.82 27.81 27.79 27.78 27.77 27.75 27.74 27.73 27.71 27.70 27.69 27.67 27.66 27.65 27.64 27.62 27.61 27.60 27.59 27.58 27.56 27.55
28.51 28.50 28.48 28.46 28.45 28.43 28.41 28.40 28.38 28.36 28.35 28.34 28.32 28.31 28.30 28.28 28.26 28.26 28.24 28.23 28.21 28.20 28.19 28.18 28.16 28.16 28.14 28.13 28.12 28.11 28.10 28.09 28.07 28.06 28.05 28.04 28.03 28.02 28.00 27.99 27.98 27.97 27.96 27.95 27.94 27.92 27.91 27.90 27.89 27.87 27.86 27.85 27.84 27.83 27.82 27.80 27.79 27.78 27.76 27.75 27.74 27.72 27.71 27.70 27.68 27.67 27.66 27.64 27.63 27.62 27.60 27.59 27.58 27.57 27.56 27.55 27.53
28.49 28.48 28.46 28.45 28.43 28.41 28.40 28.38 28.36 28.35 28.33 28.32 28.31 28.29 28.27 28.27 28.25 28.24 28.23 28.21 28.20 28.18 28.18 28.17 28.15 28.14 28.13 28.12 28.11 28.09 28.08 28.07 28.06 28.05 28.03 28.02 28.02 28.00 27.99 27.98 27.96 27.95 27.94 27.94 27.92 27.91 27.90 27.88 27.87 27.86 27.84 27.83 27.82 27.81 27.80 27.79 27.77 27.76 27.75 27.73 27.72 27.71 27.69 27.68 27.67 27.65 27.64 27.63 27.61 27.60 27.58 27.57 27.56 27.54 27.53 27.53 27.51
28.48 28.45 28.44 28.43 28.41 28.40 28.38 28.36 28.35 28.33 28.31 28.31 28.29 28.27 28.26 28.25 28.23 28.23 28.21 28.19 28.19 28.17 28.16 28.15 28.14 28.12 28.11 28.11 28.09 28.08 28.07 28.05 28.05 28.04 28.02 28.01 27.99 27.98 27.98 27.96 27.95 27.94 27.92 27.91 27.90 27.89 27.88 27.87 27.86 27.84 27.83 27.81 27.80 27.79 27.77 27.77 27.76 27.74 27.73 27.72 27.70 27.69 27.68 27.66 27.65 27.64 27.62 27.61 27.59 27.58 27.57 27.55 27.54 27.53 27.51 27.50 27.50
28.45 28.43 28.42 28.40 28.38 28.38 28.36 28.35 28.33 28.31 28.30 28.29 28.28 28.26 28.24 28.24 28.22 28.20 28.20 28.18 28.17 28.16 28.15 28.13 28.12 28.11 28.10 28.09 28.07 28.07 28.05 28.04 28.03 28.02 28.01 27.99 27.98 27.97 27.95 27.95 27.94 27.92 27.91 27.90 27.88 27.87 27.87 27.85 27.84 27.83 27.81 27.80 27.79 27.77 27.76 27.74 27.74 27.73 27.71 27.70 27.69 27.67 27.66 27.65 27.63 27.62 27.60 27.59 27.58 27.56 27.55 27.54 27.52 27.51 27.49 27.48 27.47
28.43 28.41 28.40 28.38 28.37 28.35 28.34 28.33 28.31 28.30 28.28 28.27 28.26 28.24 28.23 28.22 28.20 28.19 28.18 28.16 28.16 28.14 28.13 28.12 28.11 28.09 28.09 28.07 28.06 28.05 28.04 28.03 28.01 28.00 27.99 27.98 27.97 27.95 27.94 27.93 27.92 27.91 27.90 27.88 27.87 27.86 27.84 27.84 27.82 27.81 27.80 27.78 27.77 27.76 27.74 27.73 27.71 27.71 27.70 27.68 27.67 27.66 27.64 27.63 27.61 27.60 27.59 27.57 27.56 27.55 27.53 27.52 27.50 27.49 27.48 27.46 27.45
28.41 28.39 28.38 28.36 28.35 28.33 28.32 28.30 28.30 28.28 28.26 28.25 28.24 28.23 28.21 28.21 28.19 28.17 28.17 28.15 28.14 28.13 28.12 28.10 28.10 28.08 28.07 28.05 28.05 28.03 28.02 28.02 28.00 27.99 27.97 27.96 27.95 27.94 27.93 27.91 27.90 27.90 27.88 27.87 27.85 27.84 27.83 27.81 27.81 27.80 27.78 27.77 27.75 27.74 27.73 27.71 27.70 27.68 27.67 27.67 27.65 27.64 27.63 27.61 27.60 27.58 27.57 27.56 27.54 27.53 27.51 27.50 27.49 27.47 27.46 27.44 27.43
28.38 28.36 28.36 28.34 28.33 28.31 28.30 28.29 28.28 28.26 28.25 28.23 28.23 28.21 28.20 28.19 28.17 28.16 28.15 28.13 28.13 28.11 28.11 28.09 28.08 28.07 28.05 28.04 28.03 28.02 28.01 27.99 27.98 27.97 27.96 27.95 27.93 27.93 27.91 27.90 27.89 27.87 27.86 27.85 27.84 27.83 27.81 27.80 27.78 27.77 27.77 27.75 27.74 27.73 27.71 27.70 27.68 27.67 27.65 27.64 27.64 27.62 27.61 27.59 27.58 27.57 27.55 27.54 27.52 27.51 27.50 27.48 27.47 27.45 27.44 27.43 27.41
28.36 28.34 28.33 28.33 28.31 28.30 28.28 28.27 28.26 28.25 28.23 28.22 28.21 28.19 28.18 28.17 28.16 28.14 28.14 28.12 28.11 28.10 28.08 28.07 28.06 28.05 28.03 28.03 28.01 28.00 28.00 27.98 27.97 27.95 27.95 27.93 27.92 27.91 27.90 27.89 27.87 27.86 27.84 27.83 27.83 27.81 27.80 27.78 27.77 27.76 27.74 27.74 27.72 27.71 27.70 27.68 27.67 27.65 27.64 27.62 27.61 27.61 27.59 27.58 27.56 27.55 27.54 27.52 27.51 27.49 27.48 27.46 27.45 27.44 27.42 27.41 27.39
28.34 28.32 28.31 28.30 28.29 28.28 28.26 28.25 28.24 28.23 28.21 28.20 28.19 28.18 28.16 28.16 28.14 28.13 28.12 28.10 28.10 28.08 28.07 28.06 28.04 28.04 28.02 28.01 28.00 27.99 27.97 27.97 27.95 27.94 27.93 27.92 27.91 27.89 27.88 27.86 27.86 27.84 27.83 27.82 27.80 27.80 27.78 27.77 27.75 27.74 27.73 27.71 27.71 27.69 27.68 27.66 27.65 27.64 27.62 27.61 27.59 27.58 27.56 27.56 27.55 27.53 27.52 27.50 27.49 27.48 27.46 27.45 27.43 27.42 27.40 27.39 27.38
28.32 28.30 28.29 28.28 28.26 28.26 28.24 28.23 28.21 28.21 28.19 28.18 28.18 28.16 28.15 28.14 28.12 28.11 28.10 28.09 28.07 28.07 28.05 28.04 28.03 28.02 28.01 28.00 27.98 27.98 27.96 27.95 27.93 27.93 27.91 27.90 27.88 27.88 27.87 27.85 27.84 27.83 27.82 27.80 27.79 27.77 27.77 27.75 27.74 27.73 27.71 27.70 27.68 27.67 27.66 27.65 27.64 27.62 27.61 27.59 27.58 27.56 27.55 27.54 27.53 27.52 27.50 27.49 27.47 27.46 27.44 27.43 27.41 27.40 27.39 27.37 27.36
28.30 28.28 28.27 28.26 28.24 28.24 28.22 28.21 28.20 28.19 28.18 28.16 28.16 28.14 28.13 28.12 28.11 28.09 28.09 28.07 28.06 28.05 28.04 28.03 28.01 28.01 27.99 27.98 27.97 27.96 27.94 27.94 27.92 27.91 27.90 27.89 27.87 27.86 27.85 27.84 27.82 27.81 27.80 27.79 27.77 27.76 27.74 27.73 27.73 27.71 27.70 27.68 27.67 27.65 27.64 27.63 27.62 27.61 27.59 27.58 27.56 27.55 27.53 27.52 27.50 27.49 27.48 27.47 27.45 27.44 27.43 27.41 27.40 27.38 27.37 27.35 27.34
28.26 28.26 28.25 28.23 28.22 28.22 28.20 28.19 28.18 28.17 28.16 28.14 28.14 28.13 28.11 28.11 28.09 28.08 28.07 28.06 28.05 28.04 28.02 28.01 28.00 27.99 27.98 27.96 27.95 27.95 27.93 27.91 27.91 27.89 27.88 27.87 27.86 27.84 27.83 27.82 27.81 27.80 27.78 27.77 27.76 27.75 27.73 27.72 27.70 27.70 27.68 27.67 27.65 27.64 27.62 27.61 27.60 27.59 27.57 27.56 27.55 27.53 27.52 27.50 27.49 27.47 27.46 27.45 27.44 27.42 27.41 27.39 27.38 27.36 27.35 27.34 27.32
28.24 28.23 28.23 28.21 28.20 28.20 28.18 28.17 28.16 28.15 28.14 28.13 28.12 28.11 28.09 28.09 28.07 28.06 28.06 28.04 28.04 28.02 28.00 28.00 27.98 27.98 27.96 27.95 27.94 27.92 27.92 27.90 27.89 27.88 27.87 27.85 27.85 27.83 27.82 27.80 27.80 27.78 27.77 27.75 27.74 27.73 27.72 27.70 27.69 27.67 27.67 27.65 27.64 27.62 27.61 27.59 27.58 27.56 27.56 27.54 27.53 27.51 27.50 27.48 27.47 27.45 27.44 27.43 27.41 27.41 27.39 27.38 27.36 27.35 27.33 27.32 27.30
28.22 28.21 28.20 28.19 28.18 28.18 28.16 28.15 28.14 28.13 28.12 28.11 28.10 28.09 28.08 28.07 28.06 28.04 28.04 28.02 28.02 28.00 27.99 27.98 27.97 27.95 27.95 27.93 27.92 27.91 27.90 27.89 27.88 27.86 27.86 27.84 27.83 27.81 27.80 27.79 27.77 27.76 27.75 27.74 27.72 27.71 27.70 27.69 27.67 27.66 27.64 27.63 27.62 27.61 27.59 27.58 27.56 27.55 27.53 27.53 27.51 27.50 27.48 27.47 27.45 27.44 27.42 27.41 27.39 27.38 27.37 27.36 27.34 27.33 27.32 27.30 27.29
28.20 28.18 28.17 28.17 28.16 28.16 28.14 28.13 28.12 28.12 28.10 28.09 28.09 28.07 28.06 28.05 28.04 28.03 28.02 28.01 28.00 27.99 27.97 27.97 27.95 27.95 27.93 27.92 27.91 27.89 27.89 27.87 27.85 27.85 27.83 27.82 27.81 27.80 27.78 27.78 27.76 27.75 27.73 27.73 27.71 27.70 27.68 27.67 27.66 27.64 27.63 27.61 27.60 27.59 27.58 27.56 27.55 27.53 27.52 27.50 27.49 27.48 27.47 27.45 27.44 27.42 27.41 27.39 27.38 27.36 27.35 27.33 27.33 27.31 27.30 27.28 27.27
28.17 28.16 28.15 28.15 28.14 28.12 28.12 28.11 28.10 28.10 28.08 28.07 28.07 28.05 28.04 28.04 28.02 28.01 28.01 27.99 27.99 27.97 27.96 27.95 27.94 27.92 27.92 27.90 27.90 27.88 27.86 27.86 27.84 27.83 27.82 27.81 27.79 27.79 27.77 27.75 27.75 27.73 27.72 27.70 27.70 27.68 27.67 27.65 27.64 27.63 27.61 27.60 27.58 27.57 27.56 27.55 27.53 27.52 27.50 27.49 27.47 27.46 27.45 27.44 27.42 27.41 27.39 27.38 27.36 27.34 27.33 27.31 27.30 27.30 27.28 27.26 27.25
28.15 28.14 28.13 28.13 28.11 28.11 28.10 28.09 28.09 28.08 28.06 28.05 28.05 28.04 28.02 28.02 28.01 28.00 27.99 27.97 27.97 27.96 27.94 27.94 27.92 27.91 27.90 27.89 27.88 27.86 27.85 27.84 27.83 27.82 27.80 27.79 27.78 27.76 27.76 27.74 27.73 27.72 27.70 27.69 27.67 27.67 27.65 27.64 27.62 27.61 27.60 27.58 27.57 27.55 27.54 27.52 27.52 27.50 27.49 27.47 27.46 27.44 27.42 27.42 27.40 27.39 27.37 27.36 27.34 27.33 27.31 27.30 27.28 27.27 27.25 27.25 27.23
28.13 28.11 28.10 28.10 28.09 28.08 28.08 28.07 28.07 28.06 28.04 28.04 28.03 28.02 28.00 28.00 27.99 27.98 27.97 27.96 27.95 27.94 27.92 27.92 27.91 27.89 27.89 27.87 27.86 27.85 27.83 27.83 27.81 27.80 27.79 27.77 27.77 27.75 27.74 27.73 27.71 27.70 27.68 27.68 27.66 27.64 27.63 27.62 27.61 27.59 27.58 27.57 27.55 27.54 27.52 27.51 27.49 27.49 27.47 27.45 27.44 27.42 27.41 27.39 27.38 27.37 27.36 27.34 27.33 27.31 27.30 27.28 27.26 27.25 27.23 27.22 27.20
28.10 28.09 28.08 28.08 28.07 28.06 28.06 28.05 28.05 28.04 28.02 28.02 28.01 28.00 28.00 27.98 27.97 27.97 27.95 27.94 27.94 27.92 27.91 27.90 27.89 27.87 27.87 27.85 27.84 27.83 27.82 27.81 27.80 27.78 27.77 27.76 27.74 27.74 27.72 27.71 27.70 27.68 27.67 27.65 27.65 27.63 27.61 27.60 27.59 27.58 27.56 27.55 27.53 27.52 27.51 27.49 27.48 27.46 27.45 27.44 27.42 27.41 27.39 27.38 27.36 27.35 27.34 27.32 27.31 27.29 27.28 27.26 27.25 27.23 27.22 27.20 27.19
28.08 28.07 28.06 28.06 28.05 28.04 28.04 28.03 28.03 28.01 28.00 28.00 27.99 27.98 27.98 27.96 27.95 27.95 27.94 27.92 27.92 27.91 27.89 27.89 27.87 27.86 27.85 27.84 27.82 27.82 27.80 27.80 27.78 27.77 27.76 27.74 27.73 27.72 27.70 27.69 27.68 27.66 27.66 27.64 27.62 27.62 27.60 27.59 27.57 27.56 27.55 27.53 27.52 27.50 27.49 27.48 27.46 27.45 27.43 27.41 27.41 27.39 27.38 27.36 27.34 27.33 27.31 27.30 27.29 27.28 27.26 27.25 27.23 27.21 27.20 27.18 27.17
28.05 28.04 28.03 28.03 28.02 28.02 28.02 28.01 28.00 27.99 27.98 27.98 27.97 27.96 27.96 27.95 27.93 27.93 27.92 27.90 27.90 27.89 27.87 27.87 27.86 27.84 27.84 27.82 27.81 27.80 27.79 27.77 27.77 27.75 27.74 27.73 27.71 27.70 27.69 27.67 27.67 27.65 27.63 27.63 27.61 27.59 27.59 27.57 27.55 27.54 27.52 27.52 27.50 27.49 27.47 27.45 27.45 27.43 27.41 27.40 27.38 27.37 27.36 27.34 27.33 27.31 27.30 27.28 27.27 27.25 27.24 27.23 27.21 27.20 27.18 27.17 27.15
28.03 28.02 28.01 28.01 28.00 28.00 27.99 27.98 27.98 27.97 27.96 27.96 27.95 27.95 27.94 27.93 27.92 27.91 27.90 27.89 27.88 27.87 27.86 27.85 27.84 27.83 27.82 27.81 27.79 27.79 27.77 27.76 27.75 27.74 27.72 27.71 27.70 27.68 27.68 27.66 27.64 27.64 27.62 27.60 27.60 27.58 27.56 27.55 27.54 27.52 27.51 27.49 27.49 27.47 27.45 27.44 27.42 27.41 27.40 27.38 27.37 27.35 27.33 27.33 27.31 27.30 27.28 27.26 27.25 27.23 27.22 27.21 27.20 27.18 27.16 27.15 27.13
28.03 28.01 27.99 27.99 27.98 27.98 27.97 27.96 27.96 27.95 27.95 27.94 27.93 27.93 27.92 27.91 27.91 27.89 27.88 27.88 27.87 27.85 27.84 27.84 27.82 27.81 27.81 27.79 27.78 27.77 27.76 27.74 27.73 27.72 27.71 27.70 27.68 27.67 27.65 27.65 27.63 27.61 27.61 27.59 27.57 27.56 27.55 27.54 27.52 27.51 27.50 27.48 27.46 27.46 27.44 27.42 27.41 27.39 27.38 27.37 27.35 27.33 27.32 27.30 27.29 27.28 27.26 27.25 27.23 27.22 27.20 27.18 27.17 27.16 27.15 27.13 27.12
28.02 28.00 28.00 27.98 27.96 27.96 27.95 27.95 27.94 27.93 27.93 27.92 27.91 27.91 27.90 27.89 27.89 27.88 27.86 27.86 27.85 27.84 27.82 27.82 27.81 27.79 27.79 27.78 27.76 27.76 27.74 27.73 27.71 27.71 27.69 27.67 27.67 27.65 27.64 27.63 27.61 27.60 27.58 27.57 27.56 27.55 27.53 27.52 27.50 27.49 27.47 27.46 27.45 27.43 27.42 27.41 27.39 27.38 27.36 27.34 27.34 27.32 27.30 27.29 27.27 27.25 27.25 27.23 27.22 27.20 27.18 27.17 27.15 27.14 27.13 27.11 27.10
28.02 28.00 27.99 27.97 27.96 27.95 27.93 27.93 27.92 27.92 27.91 27.90 27.90 27.89 27.88 27.88 27.87 27.86 27.85 27.84 27.83 27.82 27.82 27.80 27.79 27.78 27.77 27.76 27.74 27.74 27.73 27.71 27.70 27.69 27.68 27.66 27.64 27.64 27.62 27.61 27.60 27.58 27.57 27.55 27.54 27.53 27.51 27.50 27.49 27.47 27.46 27.44 27.43 27.42 27.40 27.38 27.38 27.36 27.34 27.33 27.31 27.30 27.29 27.27 27.25 27.24 27.22 27.21 27.20 27.18 27.17 27.15 27.14 27.12 27.10 27.09 27.08
