datasets/raw/temp/2019110420191104.grid
ncols 886
nrows 691
xllcenter 112.0000
yllcenter -44.5000
cellsize 0.0500
nodata_value 99999.90
[rows 476 to 509 of 691, columns 77 to 153 of 886]
23.00 22.99 24.37 24.30 24.18 24.30 24.35 24.71 24.74 25.04 25.30 25.18 25.62 25.88 25.75 25.95 26.11 25.90 26.14 26.21 26.33 26.43 26.62 26.53 26.59 26.64 26.69 26.73 26.95 27.00 27.03 27.05 27.10 27.12 27.36 27.55 27.58 27.74 27.67 27.78 27.81 27.82 27.77 27.78 28.06 27.90 27.98 28.00 27.97 27.99 27.99 28.04 28.21 28.33 28.34 28.37 28.36 28.45 28.47 28.62 28.53 28.51 28.53 28.45 28.28 28.27 28.28 28.32 28.45 27.90 27.83 27.78 27.71 27.44 27.62 27.42 27.58
23.41 24.30 24.03 23.85 23.85 24.18 24.28 24.71 24.80 25.05 25.39 25.51 25.42 25.62 25.80 25.87 25.94 25.93 26.04 26.00 26.16 26.16 26.27 26.55 26.31 26.46 26.38 26.53 26.73 26.86 26.91 26.88 26.88 27.22 27.22 27.26 27.34 27.43 27.47 27.43 27.53 27.55 27.60 27.69 27.89 27.76 27.67 27.69 27.78 27.91 27.86 27.92 28.15 28.26 28.27 28.22 28.23 28.32 28.45 28.55 28.58 28.65 28.59 28.43 28.21 28.06 28.04 27.94 28.12 28.34 27.89 27.65 27.72 27.26 27.27 27.74 27.60
23.09 23.22 23.67 24.36 24.33 24.74 24.33 24.61 24.67 25.27 25.48 25.66 25.46 25.65 25.55 25.46 25.89 25.91 25.96 25.95 26.05 26.03 26.00 26.17 26.24 26.42 26.36 26.39 26.47 26.62 26.60 26.80 26.96 27.03 27.10 27.10 27.30 27.20 27.26 27.40 27.46 27.59 27.50 27.68 27.65 27.77 27.58 27.59 27.61 27.64 27.90 28.04 28.21 28.18 28.21 28.22 28.13 28.11 28.26 28.41 28.38 28.31 28.62 28.45 28.11 28.16 27.99 28.09 27.92 28.00 28.38 27.71 27.53 27.60 27.36 27.32 27.41
23.06 23.01 24.03 23.69 24.99 24.15 25.15 24.80 24.80 25.35 25.45 25.68 25.49 25.68 25.76 25.82 25.68 25.66 25.68 25.57 25.72 25.98 25.96 26.14 26.06 26.10 26.00 26.26 26.08 26.22 26.41 26.67 26.79 26.99 26.96 27.07 27.12 27.02 27.07 27.25 27.47 27.47 27.50 27.55 27.67 27.70 27.58 27.42 27.70 27.67 27.83 28.04 28.17 28.15 28.14 28.08 28.01 27.99 28.12 28.16 28.15 28.14 28.13 28.54 28.40 28.16 28.00 28.14 28.29 27.97 28.17 27.92 27.92 27.50 27.47 27.14 27.10
23.26 23.16 23.38 24.17 24.85 24.48 24.95 25.27 25.09 25.42 25.28 25.35 25.59 25.55 25.31 25.46 25.75 25.62 25.47 25.83 25.82 25.93 25.86 25.67 25.78 25.77 26.04 26.17 26.20 26.36 26.07 26.33 26.62 26.68 26.89 26.97 26.96 26.92 26.91 27.01 27.23 27.34 27.44 27.40 27.54 27.48 27.51 27.54 27.61 27.59 27.90 27.89 27.89 27.96 27.80 27.90 27.87 27.77 27.97 28.14 28.26 28.31 28.07 28.14 28.36 28.08 27.91 27.88 28.25 28.28 28.16 28.01 27.94 27.29 27.45 27.19 27.09
23.09 23.28 23.60 23.66 24.33 24.31 24.11 24.38 24.78 24.59 24.94 25.05 25.09 25.35 25.27 25.30 25.28 25.42 25.44 25.70 25.62 25.88 25.72 25.86 25.76 25.76 26.01 25.86 26.03 26.21 26.14 26.39 26.25 26.39 26.61 26.78 26.82 26.76 26.79 26.81 26.91 27.04 27.14 27.31 27.37 27.42 27.45 27.52 27.55 27.50 27.68 27.61 27.63 27.74 27.74 27.69 27.69 27.89 27.98 28.15 28.21 28.36 28.09 28.23 28.12 28.13 28.06 28.11 27.99 27.86 27.84 27.88 27.65 27.57 27.30 27.14 26.65
22.89 23.24 23.57 23.86 24.00 24.16 24.07 24.40 24.37 24.49 24.80 25.02 24.96 25.03 25.14 25.14 25.26 25.24 25.61 25.60 25.66 25.52 25.42 25.76 25.89 25.74 25.95 26.04 26.09 26.02 26.29 26.29 26.04 26.35 26.43 26.59 26.58 26.64 26.66 26.74 26.77 26.81 26.94 26.97 27.06 27.11 27.19 27.31 27.24 27.30 27.39 27.60 27.63 27.65 27.66 27.63 27.83 28.04 28.13 28.17 28.31 28.12 28.20 28.19 28.06 28.27 28.24 28.10 27.81 27.66 27.57 27.42 27.16 27.08 26.99 26.81 26.69
23.21 23.02 23.52 24.00 23.79 24.18 24.23 24.52 24.55 24.33 24.93 24.77 24.91 25.28 25.07 24.96 25.20 25.40 25.49 25.30 25.51 25.47 25.62 25.75 25.45 25.63 25.71 25.89 25.84 25.94 26.11 26.10 26.19 26.25 26.36 26.28 26.39 26.41 26.46 26.32 26.43 26.64 26.65 26.68 26.81 26.83 26.91 27.14 27.20 27.10 27.06 26.88 27.07 27.27 27.36 27.69 27.92 27.97 28.08 28.20 28.16 27.95 27.73 28.06 28.19 27.86 27.77 27.92 27.57 27.24 27.29 27.13 27.00 26.89 26.58 26.62 26.38
23.29 23.40 23.70 23.71 23.63 24.09 24.19 24.56 24.53 24.28 24.80 25.06 25.01 25.26 24.89 25.02 25.09 24.91 25.16 25.02 25.20 25.29 25.51 25.53 25.71 25.71 25.62 25.75 25.82 25.80 25.87 25.82 25.98 26.09 26.14 26.16 26.19 26.17 26.09 26.14 26.21 26.34 26.44 26.47 26.53 26.60 26.70 26.87 26.84 26.87 26.88 26.98 27.00 27.06 27.30 27.68 27.82 27.96 28.13 28.00 27.90 27.77 27.85 27.89 27.94 27.98 27.88 27.65 27.53 27.32 27.13 26.59 26.54 26.52 26.53 26.33 26.08
23.06 23.45 23.19 23.33 23.56 23.79 23.89 24.30 24.29 24.51 24.63 24.74 25.11 24.98 24.89 24.74 24.71 25.05 25.07 24.92 25.01 25.19 25.22 25.50 25.26 25.17 25.41 25.52 25.64 25.67 25.64 25.83 25.86 25.78 25.78 25.77 25.95 25.97 26.00 26.01 26.03 26.05 26.07 26.08 26.02 26.33 26.42 26.56 26.63 26.63 27.00 26.88 26.79 26.76 27.39 27.59 27.71 27.93 27.95 27.77 27.64 27.59 27.57 27.65 27.73 27.79 27.68 27.61 27.37 27.37 27.03 26.80 26.64 26.40 26.31 26.03 25.78
23.79 23.48 23.28 23.58 23.80 23.68 24.08 24.03 24.42 24.60 24.70 24.45 24.61 24.86 24.68 25.05 25.04 24.92 24.98 24.88 24.72 24.81 24.93 24.98 24.93 24.91 24.96 25.21 25.34 25.25 25.27 25.33 25.44 25.54 25.56 25.12 25.34 25.30 25.55 25.71 25.73 25.71 25.77 25.81 25.77 25.79 25.99 26.01 26.05 26.14 26.10 26.43 26.89 27.11 27.13 27.36 27.56 27.73 27.68 27.56 27.58 27.66 27.70 27.70 27.64 27.61 27.48 27.43 27.32 27.07 26.88 26.65 26.49 26.30 26.03 25.74 25.47
23.04 23.11 23.47 23.74 23.84 23.77 24.03 24.19 23.90 24.52 24.73 24.55 24.60 24.33 24.58 24.85 24.75 24.59 24.76 24.68 24.68 24.74 24.86 25.04 24.89 24.97 24.97 24.90 24.98 25.10 25.01 25.12 25.03 25.07 25.18 25.18 25.23 25.02 24.41 24.75 25.07 24.79 25.04 24.82 25.05 23.89 25.36 25.43 25.17 24.56 25.41 26.20 26.52 26.67 26.88 27.08 27.20 27.34 27.15 27.30 27.44 27.49 27.53 27.53 27.48 27.45 27.31 27.18 27.04 26.93 26.77 26.49 26.24 25.95 25.75 25.46 25.19
23.18 23.32 23.28 23.71 23.66 23.87 23.76 24.34 24.33 24.23 24.39 24.54 24.68 24.56 24.53 24.63 24.55 24.46 24.21 24.41 24.29 24.47 24.49 24.89 24.90 24.80 24.80 24.79 24.83 24.88 24.83 25.01 25.04 24.99 24.99 25.01 25.02 25.21 25.28 23.96 25.11 24.80 23.01 24.80 23.83 24.96 24.43 24.64 24.51 25.22 25.59 26.04 26.11 26.23 26.49 26.51 26.77 26.98 27.42 27.14 27.16 27.32 27.30 27.31 27.27 27.25 27.14 27.03 26.83 26.65 26.43 26.31 26.06 25.48 25.48 25.18 24.89
23.17 23.23 23.33 23.43 23.37 23.61 24.13 24.15 24.23 23.86 23.89 23.90 24.02 24.26 24.15 24.15 24.33 24.42 24.38 24.34 24.21 24.49 24.57 24.37 24.34 24.51 24.47 24.63 24.66 24.73 24.77 24.67 24.73 24.73 24.75 24.82 25.01 25.11 25.14 25.06 25.04 24.60 24.55 24.92 24.86 24.89 24.96 25.09 25.23 25.38 25.51 25.56 25.59 25.81 26.09 26.16 26.38 26.62 26.75 27.04 27.18 27.29 27.36 27.28 26.89 27.06 26.19 26.73 26.49 26.60 26.36 25.91 25.81 25.51 25.21 24.90 24.60
23.14 23.36 23.11 23.72 23.97 23.69 24.10 23.79 23.66 23.77 23.69 23.69 23.74 23.83 24.01 24.03 24.06 24.10 24.15 24.19 24.25 24.06 24.21 24.23 24.11 24.21 24.35 24.44 24.43 24.45 24.46 24.38 24.48 24.51 24.49 24.72 24.56 24.85 24.83 24.89 24.70 24.76 24.57 24.64 24.63 24.62 24.72 24.85 24.95 24.98 25.04 25.18 25.32 25.40 25.61 25.75 25.92 26.13 26.34 26.52 26.88 26.83 27.10 27.11 27.07 27.00 26.89 26.75 25.51 26.36 26.12 25.85 25.57 25.26 24.96 24.65 24.34
22.92 23.39 23.59 23.34 23.46 23.40 23.56 23.48 23.53 23.36 23.51 23.37 23.65 23.57 23.75 23.74 23.58 23.71 23.89 23.97 23.90 23.88 23.61 23.85 23.76 23.82 24.17 24.13 23.98 24.01 24.11 24.22 24.22 24.22 24.11 24.30 24.52 24.52 24.13 24.54 24.40 24.55 24.66 24.49 24.45 24.44 24.44 24.44 24.47 24.59 24.58 24.80 25.00 24.92 25.14 25.37 25.45 25.97 26.41 26.54 26.62 26.68 26.71 26.72 26.70 26.65 26.55 26.44 26.29 26.10 25.89 25.66 25.39 25.11 24.81 24.51 24.20
23.31 23.30 23.33 23.20 23.38 23.43 23.44 23.33 23.34 23.35 23.31 23.57 23.10 23.32 23.62 23.38 23.43 23.46 23.78 23.86 23.73 23.76 23.65 23.82 23.87 23.71 23.81 23.94 23.90 23.88 23.88 23.99 24.13 24.00 24.11 24.10 23.90 24.11 23.34 24.09 24.13 24.07 24.26 24.34 24.20 24.03 24.04 24.19 24.18 24.24 24.32 24.43 24.53 24.83 24.92 25.04 25.22 25.52 25.99 26.13 26.21 26.27 26.31 26.33 26.32 26.28 26.22 26.13 26.01 25.86 25.68 25.48 25.26 25.02 24.77 24.51 24.23
23.16 22.87 23.17 23.14 23.15 23.29 23.15 23.34 23.29 23.15 23.36 23.45 23.24 23.17 23.10 23.37 23.28 23.31 23.00 23.21 23.59 23.50 23.20 23.18 23.54 23.68 23.58 23.72 23.70 23.64 23.53 23.75 23.80 23.80 24.07 24.08 23.41 23.84 23.54 23.70 23.55 23.48 23.80 23.83 24.11 23.83 23.71 23.91 23.86 23.87 23.88 23.83 24.06 24.69 24.42 24.73 24.94 25.38 25.62 25.73 25.81 25.88 25.93 25.95 25.96 25.94 25.90 25.83 25.74 25.62 25.48 25.32 25.14 24.94 24.73 24.51 24.29
23.00 23.12 22.54 22.83 22.96 22.99 23.30 23.24 23.27 23.11 23.14 22.98 23.04 23.13 23.17 23.15 23.23 22.94 23.19 22.91 23.14 23.34 23.42 23.48 23.58 23.62 23.56 23.76 23.72 23.63 23.51 23.59 23.75 23.70 23.78 24.08 23.79 23.81 23.71 23.61 23.45 23.18 23.17 23.48 23.76 23.62 23.64 23.67 23.73 23.79 23.85 24.06 24.12 24.25 24.62 24.88 24.99 25.12 25.24 25.35 25.44 25.51 25.57 25.60 25.62 25.62 25.60 25.55 25.49 25.40 25.29 25.17 25.02 24.86 24.69 24.51 24.33
22.83 22.94 23.04 22.76 22.88 22.76 23.03 23.21 23.07 23.05 23.24 23.02 22.98 23.22 22.84 23.10 23.09 23.11 23.09 22.84 23.26 22.94 23.35 22.91 23.43 23.22 23.34 23.47 23.40 23.29 23.31 23.46 23.63 23.76 23.79 23.61 23.62 23.63 23.56 23.51 23.48 23.40 23.24 23.35 23.50 23.31 23.35 23.41 23.37 23.52 23.60 23.87 24.23 24.35 24.44 24.54 24.65 24.76 24.88 24.99 25.09 25.17 25.24 25.28 25.31 25.32 25.32 25.29 25.24 25.19 25.10 25.01 24.90 24.78 24.64 24.49 24.34
22.65 22.75 22.84 22.53 22.78 22.94 23.01 23.07 22.92 23.00 23.00 23.15 23.08 22.85 23.01 22.99 22.48 22.84 22.46 23.10 23.01 22.97 22.89 23.28 23.32 23.18 23.27 23.24 23.38 23.22 23.47 23.30 23.50 23.73 23.69 23.55 23.39 23.39 23.39 23.34 23.34 23.36 23.13 23.39 23.24 23.04 22.82 23.10 23.23 23.31 23.47 23.81 23.96 24.05 24.13 24.22 24.33 24.43 24.55 24.66 24.76 24.85 24.92 24.98 25.02 25.05 25.06 25.05 25.01 24.98 24.92 24.84 24.76 24.67 24.57 24.45 24.34
22.46 22.56 22.64 22.71 22.76 22.82 22.87 22.77 22.80 22.87 22.93 22.85 22.93 22.73 22.71 22.85 22.72 22.71 22.83 22.70 22.66 22.90 23.06 23.05 23.24 23.13 23.16 22.99 23.04 22.71 23.05 23.39 23.29 23.21 23.65 23.47 23.35 23.19 23.20 23.22 23.19 23.07 23.09 23.23 22.89 22.73 22.73 22.88 22.96 23.19 23.30 23.59 23.66 23.75 23.84 23.93 24.03 24.13 24.23 24.35 24.45 24.55 24.63 24.69 24.75 24.78 24.80 24.81 24.80 24.77 24.74 24.69 24.64 24.57 24.48 24.40 24.32
22.28 22.36 22.44 22.50 22.55 22.59 22.64 22.67 22.70 22.72 22.57 22.73 22.78 22.72 22.64 22.73 22.56 22.08 22.77 22.53 22.61 22.94 23.08 22.90 23.06 23.06 23.05 22.89 22.72 23.14 23.37 23.13 23.21 23.38 23.27 23.16 23.01 23.03 23.04 23.09 23.08 22.79 22.79 22.94 22.62 22.64 22.62 22.74 22.24 22.58 23.18 22.26 23.39 23.47 23.56 23.65 23.73 23.84 23.94 24.05 24.16 24.27 24.35 24.42 24.48 24.53 24.57 24.59 24.59 24.58 24.57 24.53 24.50 24.45 24.39 24.33 24.26
22.09 22.16 22.23 22.28 22.33 22.36 22.40 22.43 22.46 22.48 22.51 22.03 22.40 22.54 22.57 22.51 22.25 22.61 22.16 22.61 22.29 22.69 22.75 22.83 22.82 22.73 22.89 22.80 22.26 22.41 22.87 23.03 23.16 23.18 23.03 23.00 22.84 22.95 22.93 22.70 22.26 22.79 22.65 22.46 22.29 22.42 22.53 22.74 22.80 22.88 22.95 23.04 23.12 23.21 23.29 23.38 23.46 23.56 23.66 23.79 23.91 24.00 24.10 24.18 24.25 24.30 24.34 24.38 24.39 24.40 24.39 24.38 24.35 24.33 24.29 24.24 24.19
21.90 21.96 22.02 22.07 22.10 22.14 22.16 22.19 22.22 22.24 22.26 22.30 22.33 21.88 22.03 22.15 21.92 22.47 22.54 22.50 22.46 21.96 22.71 22.66 22.74 22.77 22.88 22.81 22.08 21.80 22.93 22.94 22.93 22.95 22.85 22.82 22.71 22.64 22.56 22.55 22.42 22.41 22.38 22.24 21.98 22.35 22.39 22.13 22.53 22.61 22.69 22.78 22.87 22.96 23.04 23.13 23.21 23.31 23.41 23.53 23.65 23.76 23.86 23.95 24.02 24.08 24.13 24.17 24.20 24.21 24.22 24.22 24.21 24.20 24.17 24.14 24.11
21.71 21.76 21.80 21.85 21.87 21.91 21.94 21.96 21.98 22.01 22.03 22.05 22.08 22.11 22.15 22.18 22.21 22.26 22.30 22.34 22.39 22.15 22.48 22.52 22.57 22.61 22.46 22.68 22.71 22.73 22.73 22.74 22.02 22.66 22.49 22.36 22.59 22.57 22.05 22.19 22.36 22.26 22.17 22.09 22.05 22.06 22.11 22.18 22.27 22.36 22.45 22.54 22.63 22.72 22.81 22.90 22.98 23.07 23.18 23.30 23.43 23.54 23.64 23.74 23.81 23.87 23.93 23.97 24.01 24.03 24.05 24.06 24.06 24.06 24.04 24.02 24.00
21.51 21.55 21.59 21.62 21.66 21.68 21.70 21.72 21.75 21.77 21.79 21.82 21.84 21.88 21.91 21.95 21.98 22.02 22.06 22.11 22.15 22.20 22.24 22.29 22.33 22.38 22.41 22.44 22.47 22.48 22.49 22.50 22.49 22.48 22.45 21.64 22.37 22.31 22.24 22.16 22.08 21.40 21.48 21.51 21.81 21.82 21.88 21.96 22.05 22.14 22.23 22.32 22.41 22.50 22.58 22.67 22.75 22.85 22.96 23.09 23.22 23.33 23.44 23.53 23.61 23.68 23.74 23.79 23.83 23.86 23.88 23.91 23.91 23.91 23.91 23.90 23.88
21.31 21.34 21.38 21.41 21.43 21.46 21.47 21.50 21.51 21.53 21.56 21.59 21.61 21.64 21.67 21.71 21.75 21.79 21.83 21.88 21.92 21.97 22.02 22.06 22.11 22.15 22.19 22.21 22.24 22.25 22.26 22.26 22.26 22.24 22.20 22.17 22.12 22.06 21.99 21.91 21.82 21.74 21.67 21.62 21.61 21.63 21.68 21.76 21.85 21.94 22.02 22.11 22.21 22.30 22.38 22.46 22.55 22.64 22.77 22.90 23.02 23.14 23.25 23.34 23.42 23.50 23.56 23.61 23.66 23.70 23.72 23.74 23.76 23.77 23.76 23.77 23.76
21.10 21.13 21.17 21.20 21.21 21.23 21.24 21.27 21.29 21.31 21.33 21.36 21.38 21.42 21.45 21.48 21.52 21.57 21.61 21.65 21.70 21.75 21.79 21.84 21.88 21.92 21.96 21.99 22.01 22.03 22.04 22.04 22.03 22.01 21.98 21.93 21.89 21.83 21.76 21.68 21.61 21.54 21.48 21.45 21.44 21.47 21.52 21.59 21.66 21.75 21.84 21.93 22.01 22.10 22.19 22.26 22.35 22.45 22.59 22.72 22.84 22.96 23.07 23.16 23.25 23.32 23.39 23.44 23.49 23.53 23.56 23.59 23.60 23.62 23.62 23.63 23.63
20.91 20.93 20.96 20.98 20.99 21.01 21.03 21.05 21.07 21.09 21.11 21.13 21.16 21.19 21.22 21.27 21.30 21.35 21.39 21.43 21.48 21.54 21.59 21.62 21.68 21.71 21.75 21.78 21.79 21.82 21.82 21.82 21.81 21.80 21.76 21.72 21.67 21.62 21.55 21.49 21.42 21.36 21.33 21.30 21.30 21.32 21.38 21.43 21.50 21.58 21.67 21.75 21.83 21.92 22.00 22.08 22.17 22.29 22.43 22.56 22.68 22.80 22.90 22.99 23.08 23.15 23.21 23.28 23.33 23.36 23.40 23.43 23.45 23.47 23.48 23.49 23.49
20.70 20.72 20.75 20.77 20.78 20.79 20.81 20.83 20.85 20.86 20.89 20.92 20.95 20.98 21.01 21.05 21.09 21.14 21.18 21.23 21.27 21.32 21.37 21.42 21.46 21.50 21.54 21.57 21.59 21.61 21.61 21.61 21.61 21.58 21.56 21.52 21.48 21.43 21.37 21.32 21.26 21.21 21.19 21.17 21.17 21.19 21.23 21.29 21.36 21.43 21.51 21.58 21.67 21.74 21.83 21.90 22.01 22.14 22.28 22.41 22.53 22.64 22.74 22.83 22.92 23.00 23.06 23.11 23.17 23.21 23.24 23.28 23.30 23.32 23.34 23.34 23.35
20.50 20.52 20.54 20.56 20.57 20.58 20.60 20.62 20.63 20.66 20.68 20.71 20.74 20.78 20.81 20.85 20.89 20.94 20.98 21.02 21.08 21.12 21.17 21.22 21.26 21.30 21.34 21.37 21.39 21.41 21.42 21.42 21.41 21.39 21.37 21.34 21.30 21.25 21.20 21.16 21.12 21.08 21.06 21.05 21.05 21.07 21.11 21.16 21.22 21.29 21.36 21.43 21.51 21.58 21.67 21.75 21.88 22.02 22.14 22.27 22.39 22.50 22.59 22.68 22.77 22.84 22.91 22.96 23.01 23.05 23.09 23.12 23.15 23.18 23.19 23.20 23.21
20.31 20.33 20.35 20.36 20.36 20.38 20.39 20.40 20.43 20.45 20.48 20.51 20.54 20.57 20.60 20.65 20.69 20.74 20.78 20.83 20.88 20.93 20.97 21.03 21.07 21.11 21.14 21.17 21.21 21.22 21.23 21.23 21.22 21.21 21.19 21.17 21.13 21.09 21.05 21.01 20.98 20.96 20.94 20.93 20.94 20.97 21.00 21.04 21.09 21.16 21.23 21.29 21.36 21.43 21.52 21.63 21.77 21.90 22.03 22.15 22.26 22.36 22.45 22.54 22.62 22.69 22.76 22.81 22.86 22.91 22.94 22.98 23.00 23.03 23.05 23.06 23.07
20.16 20.18 20.20 20.21 20.21 20.20 20.20 20.21 20.24 20.26 20.28 20.31 20.34 20.38 20.41 20.46 20.50 20.54 20.59 20.64 20.69 20.74 20.79 20.84 20.89 20.92 20.96 20.99 21.02 21.04 21.05 21.05 21.04 21.04 21.02 21.00 20.97 20.95 20.91 20.88 20.85 20.84 20.82 20.82 20.83 20.86 20.89 20.93 20.97 21.03 21.09 21.15 21.22 21.30 21.41 21.54 21.66 21.79 21.91 22.03 22.13 22.23 22.32 22.41 22.48 22.55 22.61 22.66 22.71 22.76 22.80 22.83 22.85 22.88 22.90 22.91 22.93
