datasets/raw/temp/2019120120191201.grid
ncols 886
nrows 691
xllcenter 112.0000
yllcenter -44.5000
cellsize 0.0500
nodata_value 99999.90
[rows 136 to 169 of 691, columns 770 to 846 of 886]
29.41 29.34 29.26 29.19 29.13 29.06 28.98 28.91 28.85 28.79 28.72 28.65 28.59 28.52 28.45 28.39 28.32 28.25 28.18 28.11 28.04 27.98 27.91 27.83 27.76 27.70 27.64 27.57 27.51 27.45 27.40 27.35 27.29 27.24 27.18 27.12 27.08 27.02 26.97 26.92 26.87 26.83 26.79 26.75 26.72 26.68 26.65 26.61 26.56 26.53 26.49 26.46 26.42 26.39 26.35 26.31 26.27 26.24 26.20 26.17 26.13 26.09 26.06 26.02 25.99 25.95 25.92 25.90 25.86 25.84 25.82 25.79 25.77 25.79 25.81 25.83 25.86
29.36 29.29 29.23 29.16 29.09 29.03 28.96 28.89 28.82 28.77 28.70 28.63 28.57 28.50 28.43 28.37 28.31 28.24 28.17 28.09 28.03 27.96 27.89 27.81 27.75 27.68 27.62 27.56 27.50 27.45 27.39 27.33 27.28 27.23 27.17 27.12 27.07 27.01 26.97 26.91 26.86 26.82 26.77 26.74 26.70 26.67 26.63 26.59 26.56 26.52 26.49 26.45 26.42 26.38 26.34 26.30 26.27 26.23 26.20 26.16 26.12 26.08 26.05 26.02 25.98 25.95 25.92 25.89 25.86 25.83 25.81 25.78 25.75 25.76 25.78 25.80 25.82
29.31 29.25 29.18 29.13 29.06 28.99 28.94 28.87 28.80 28.74 28.68 28.62 28.55 28.48 28.43 28.36 28.29 28.22 28.15 28.08 28.01 27.94 27.87 27.80 27.73 27.67 27.61 27.55 27.50 27.44 27.38 27.33 27.27 27.21 27.17 27.11 27.06 27.01 26.96 26.91 26.86 26.81 26.77 26.72 26.68 26.65 26.61 26.59 26.55 26.52 26.48 26.45 26.41 26.37 26.33 26.30 26.26 26.23 26.19 26.16 26.11 26.08 26.05 26.01 25.98 25.94 25.91 25.88 25.85 25.83 25.79 25.77 25.75 25.73 25.75 25.78 25.80
29.27 29.21 29.15 29.09 29.03 28.97 28.90 28.85 28.79 28.72 28.67 28.60 28.54 28.47 28.41 28.34 28.27 28.20 28.13 28.07 28.00 27.92 27.85 27.79 27.72 27.66 27.61 27.55 27.49 27.43 27.38 27.32 27.26 27.21 27.16 27.10 27.05 27.00 26.94 26.90 26.85 26.81 26.75 26.71 26.68 26.64 26.61 26.57 26.54 26.50 26.47 26.44 26.39 26.36 26.33 26.29 26.25 26.22 26.19 26.15 26.11 26.07 26.04 26.00 25.97 25.94 25.90 25.88 25.84 25.82 25.79 25.76 25.74 25.71 25.72 25.75 25.77
29.22 29.17 29.11 29.06 29.00 28.95 28.88 28.82 28.77 28.70 28.64 28.59 28.52 28.45 28.39 28.33 28.26 28.19 28.12 28.06 27.98 27.91 27.84 27.77 27.71 27.66 27.60 27.54 27.48 27.43 27.37 27.31 27.26 27.20 27.15 27.10 27.04 26.99 26.94 26.89 26.85 26.80 26.74 26.70 26.66 26.64 26.60 26.57 26.53 26.49 26.46 26.42 26.39 26.35 26.32 26.28 26.25 26.21 26.18 26.14 26.11 26.07 26.03 26.00 25.96 25.93 25.90 25.87 25.84 25.81 25.78 25.76 25.73 25.71 25.70 25.72 25.75
29.18 29.13 29.08 29.03 28.98 28.91 28.86 28.80 28.74 28.69 28.62 28.56 28.51 28.44 28.38 28.32 28.25 28.18 28.11 28.04 27.97 27.89 27.83 27.76 27.70 27.65 27.59 27.53 27.48 27.42 27.36 27.31 27.25 27.19 27.15 27.09 27.03 26.99 26.94 26.88 26.84 26.79 26.74 26.69 26.66 26.62 26.59 26.56 26.52 26.49 26.45 26.43 26.39 26.35 26.31 26.28 26.24 26.21 26.17 26.14 26.10 26.07 26.04 26.00 25.97 25.93 25.90 25.86 25.83 25.81 25.77 25.75 25.72 25.69 25.68 25.70 25.72
29.15 29.11 29.05 29.00 28.94 28.89 28.83 28.78 28.72 28.67 28.61 28.55 28.49 28.43 28.36 28.30 28.23 28.16 28.10 28.03 27.96 27.89 27.82 27.75 27.70 27.64 27.58 27.52 27.47 27.41 27.36 27.30 27.24 27.19 27.14 27.08 27.04 26.98 26.93 26.88 26.83 26.79 26.74 26.70 26.65 26.62 26.59 26.55 26.52 26.48 26.46 26.42 26.39 26.35 26.32 26.27 26.24 26.20 26.17 26.13 26.10 26.06 26.03 25.99 25.96 25.93 25.89 25.86 25.82 25.80 25.77 25.74 25.72 25.69 25.67 25.68 25.70
29.12 29.07 29.03 28.97 28.92 28.88 28.82 28.77 28.71 28.65 28.60 28.53 28.48 28.41 28.35 28.29 28.22 28.15 28.09 28.02 27.95 27.88 27.81 27.74 27.69 27.63 27.57 27.52 27.46 27.40 27.35 27.29 27.24 27.18 27.13 27.08 27.03 26.97 26.93 26.87 26.82 26.78 26.73 26.69 26.64 26.62 26.58 26.55 26.52 26.49 26.45 26.41 26.38 26.34 26.31 26.27 26.24 26.20 26.16 26.12 26.09 26.06 26.02 25.99 25.95 25.92 25.89 25.85 25.82 25.79 25.76 25.73 25.71 25.68 25.66 25.66 25.68
29.09 29.04 29.00 28.95 28.91 28.85 28.80 28.74 28.69 28.63 28.58 28.52 28.46 28.40 28.34 28.28 28.21 28.14 28.08 28.01 27.95 27.87 27.80 27.74 27.68 27.62 27.57 27.51 27.45 27.40 27.34 27.28 27.23 27.18 27.12 27.07 27.02 26.97 26.92 26.88 26.82 26.77 26.73 26.68 26.65 26.61 26.57 26.55 26.51 26.48 26.44 26.41 26.37 26.34 26.30 26.27 26.23 26.20 26.16 26.13 26.08 26.05 26.01 25.98 25.95 25.91 25.88 25.85 25.82 25.79 25.76 25.73 25.70 25.68 25.65 25.63 25.66
29.06 29.02 28.98 28.92 28.88 28.83 28.78 28.73 28.68 28.62 28.57 28.51 28.45 28.39 28.33 28.27 28.20 28.14 28.07 28.00 27.94 27.87 27.79 27.73 27.67 27.61 27.56 27.50 27.45 27.39 27.33 27.28 27.23 27.17 27.12 27.07 27.02 26.97 26.91 26.87 26.82 26.78 26.72 26.68 26.64 26.61 26.58 26.54 26.51 26.48 26.45 26.41 26.38 26.34 26.30 26.26 26.23 26.19 26.16 26.12 26.09 26.05 26.02 25.98 25.95 25.92 25.88 25.85 25.81 25.78 25.76 25.72 25.70 25.67 25.65 25.63 25.63
29.04 28.99 28.95 28.91 28.86 28.81 28.76 28.72 28.66 28.61 28.55 28.50 28.44 28.38 28.32 28.26 28.19 28.14 28.07 28.00 27.93 27.86 27.79 27.73 27.66 27.61 27.55 27.49 27.44 27.38 27.33 27.28 27.22 27.17 27.12 27.06 27.02 26.96 26.92 26.86 26.82 26.77 26.72 26.68 26.64 26.61 26.58 26.55 26.51 26.48 26.44 26.40 26.37 26.34 26.30 26.26 26.23 26.20 26.15 26.12 26.08 26.05 26.01 25.98 25.94 25.91 25.88 25.84 25.81 25.78 25.75 25.73 25.69 25.67 25.64 25.62 25.62
29.01 28.97 28.93 28.89 28.84 28.79 28.75 28.69 28.65 28.60 28.54 28.49 28.43 28.37 28.31 28.25 28.19 28.12 28.06 27.99 27.93 27.86 27.79 27.72 27.66 27.60 27.54 27.49 27.44 27.38 27.33 27.27 27.21 27.17 27.11 27.07 27.01 26.96 26.91 26.86 26.82 26.76 26.72 26.68 26.65 26.61 26.58 26.55 26.51 26.48 26.44 26.41 26.37 26.34 26.29 26.26 26.22 26.19 26.15 26.12 26.08 26.05 26.02 25.97 25.95 25.91 25.88 25.84 25.81 25.78 25.74 25.72 25.69 25.66 25.64 25.61 25.60
28.99 28.95 28.91 28.87 28.82 28.78 28.74 28.68 28.64 28.58 28.53 28.48 28.42 28.37 28.30 28.25 28.18 28.11 28.06 27.99 27.93 27.85 27.79 27.72 27.65 27.60 27.54 27.49 27.43 27.38 27.32 27.27 27.22 27.16 27.12 27.06 27.01 26.96 26.91 26.86 26.81 26.77 26.72 26.68 26.65 26.61 26.58 26.54 26.52 26.48 26.45 26.40 26.37 26.33 26.30 26.26 26.23 26.19 26.15 26.11 26.08 26.04 26.01 25.97 25.94 25.91 25.87 25.84 25.80 25.78 25.74 25.71 25.69 25.66 25.63 25.61 25.59
28.97 28.93 28.89 28.85 28.81 28.77 28.72 28.67 28.63 28.57 28.52 28.46 28.41 28.36 28.29 28.24 28.18 28.11 28.05 27.99 27.92 27.85 27.79 27.72 27.66 27.59 27.54 27.48 27.42 27.38 27.32 27.27 27.21 27.16 27.11 27.06 27.01 26.96 26.91 26.86 26.81 26.77 26.72 26.69 26.65 26.62 26.58 26.55 26.51 26.48 26.44 26.41 26.37 26.33 26.30 26.26 26.22 26.19 26.15 26.12 26.08 26.05 26.01 25.98 25.94 25.91 25.88 25.84 25.81 25.77 25.74 25.71 25.68 25.66 25.63 25.60 25.58
28.96 28.92 28.88 28.84 28.79 28.75 28.71 28.66 28.61 28.56 28.51 28.45 28.40 28.34 28.29 28.24 28.17 28.11 28.05 27.99 27.92 27.86 27.79 27.72 27.66 27.60 27.54 27.48 27.43 27.37 27.31 27.27 27.21 27.16 27.11 27.06 27.01 26.95 26.91 26.86 26.82 26.77 26.74 26.70 26.67 26.63 26.59 26.56 26.51 26.48 26.44 26.41 26.37 26.34 26.29 26.26 26.22 26.19 26.15 26.11 26.08 26.04 26.01 25.97 25.94 25.90 25.87 25.83 25.80 25.77 25.74 25.71 25.68 25.66 25.63 25.60 25.58
28.93 28.90 28.86 28.82 28.78 28.74 28.70 28.64 28.60 28.55 28.50 28.44 28.40 28.33 28.28 28.23 28.17 28.11 28.05 27.99 27.92 27.86 27.80 27.74 27.67 27.60 27.54 27.48 27.43 27.37 27.32 27.26 27.21 27.16 27.10 27.06 27.00 26.96 26.91 26.87 26.82 26.79 26.75 26.70 26.67 26.63 26.60 26.56 26.53 26.48 26.45 26.41 26.38 26.33 26.30 26.26 26.23 26.19 26.15 26.11 26.08 26.04 26.01 25.98 25.94 25.91 25.87 25.84 25.80 25.77 25.74 25.71 25.68 25.65 25.63 25.59 25.57
28.92 28.89 28.85 28.81 28.77 28.73 28.69 28.63 28.59 28.54 28.50 28.44 28.39 28.33 28.28 28.22 28.16 28.11 28.04 27.99 27.92 27.87 27.80 27.74 27.67 27.62 27.55 27.49 27.43 27.38 27.32 27.26 27.21 27.16 27.11 27.06 27.01 26.96 26.91 26.88 26.83 26.80 26.75 26.72 26.68 26.64 26.60 26.57 26.53 26.49 26.45 26.42 26.38 26.34 26.30 26.27 26.22 26.19 26.15 26.12 26.08 26.05 26.00 25.97 25.93 25.90 25.86 25.84 25.81 25.77 25.74 25.70 25.68 25.66 25.62 25.60 25.57
28.91 28.87 28.84 28.80 28.76 28.72 28.67 28.62 28.58 28.54 28.48 28.43 28.38 28.32 28.27 28.22 28.16 28.11 28.04 27.99 27.92 27.87 27.80 27.75 27.68 27.62 27.56 27.50 27.44 27.39 27.33 27.28 27.22 27.17 27.12 27.06 27.02 26.97 26.93 26.89 26.85 26.80 26.77 26.73 26.69 26.65 26.61 26.57 26.54 26.49 26.45 26.42 26.38 26.34 26.30 26.27 26.22 26.19 26.16 26.12 26.07 26.04 26.01 25.97 25.94 25.90 25.87 25.83 25.80 25.77 25.74 25.71 25.68 25.65 25.62 25.59 25.57
28.90 28.86 28.83 28.79 28.75 28.70 28.66 28.62 28.57 28.53 28.47 28.43 28.38 28.32 28.27 28.22 28.16 28.10 28.04 27.99 27.92 27.87 27.82 27.75 27.70 27.63 27.58 27.51 27.45 27.40 27.34 27.29 27.23 27.18 27.13 27.09 27.03 26.99 26.94 26.91 26.86 26.82 26.78 26.73 26.70 26.65 26.62 26.57 26.54 26.50 26.46 26.42 26.39 26.34 26.31 26.26 26.23 26.19 26.16 26.11 26.08 26.04 26.01 25.97 25.94 25.91 25.87 25.84 25.80 25.77 25.73 25.71 25.68 25.65 25.62 25.59 25.57
28.89 28.84 28.82 28.77 28.73 28.69 28.65 28.61 28.57 28.52 28.47 28.42 28.37 28.31 28.27 28.22 28.15 28.10 28.05 27.99 27.94 27.87 27.82 27.75 27.70 27.64 27.58 27.52 27.47 27.41 27.36 27.30 27.25 27.20 27.15 27.10 27.05 27.00 26.95 26.92 26.87 26.83 26.78 26.75 26.70 26.67 26.62 26.59 26.54 26.51 26.46 26.43 26.39 26.35 26.31 26.27 26.23 26.20 26.15 26.12 26.08 26.05 26.01 25.98 25.94 25.91 25.88 25.84 25.81 25.77 25.74 25.70 25.68 25.65 25.62 25.60 25.56
28.87 28.84 28.80 28.76 28.72 28.69 28.64 28.60 28.56 28.52 28.46 28.42 28.37 28.32 28.26 28.21 28.15 28.10 28.05 27.99 27.94 27.87 27.82 27.76 27.71 27.64 27.59 27.54 27.48 27.42 27.37 27.32 27.26 27.21 27.16 27.11 27.07 27.02 26.98 26.93 26.89 26.84 26.80 26.76 26.72 26.67 26.64 26.59 26.56 26.51 26.48 26.43 26.39 26.35 26.32 26.27 26.24 26.20 26.16 26.12 26.09 26.05 26.02 25.98 25.94 25.90 25.87 25.84 25.81 25.78 25.74 25.71 25.68 25.65 25.62 25.59 25.57
28.86 28.83 28.79 28.76 28.72 28.68 28.64 28.60 28.55 28.51 28.46 28.41 28.36 28.32 28.26 28.21 28.16 28.10 28.05 27.99 27.94 27.89 27.83 27.77 27.71 27.66 27.60 27.55 27.49 27.44 27.38 27.33 27.28 27.23 27.18 27.13 27.08 27.04 26.99 26.95 26.90 26.86 26.81 26.76 26.73 26.68 26.64 26.61 26.56 26.51 26.48 26.43 26.40 26.35 26.32 26.27 26.24 26.20 26.16 26.12 26.09 26.05 26.01 25.98 25.94 25.91 25.87 25.84 25.81 25.78 25.75 25.71 25.68 25.65 25.62 25.59 25.57
28.85 28.82 28.78 28.75 28.71 28.67 28.63 28.59 28.55 28.51 28.45 28.41 28.36 28.31 28.26 28.21 28.16 28.10 28.05 28.00 27.94 27.89 27.83 27.78 27.72 27.67 27.61 27.56 27.51 27.45 27.40 27.34 27.30 27.24 27.20 27.14 27.10 27.05 27.01 26.96 26.91 26.87 26.82 26.78 26.73 26.69 26.65 26.61 26.56 26.53 26.48 26.44 26.40 26.36 26.32 26.28 26.24 26.21 26.16 26.13 26.09 26.06 26.01 25.98 25.95 25.91 25.88 25.84 25.81 25.77 25.75 25.71 25.68 25.66 25.62 25.60 25.56
28.85 28.81 28.78 28.74 28.70 28.67 28.63 28.59 28.54 28.50 28.46 28.40 28.36 28.31 28.27 28.21 28.16 28.11 28.05 28.00 27.94 27.89 27.84 27.78 27.73 27.67 27.62 27.57 27.52 27.46 27.41 27.35 27.31 27.25 27.21 27.16 27.11 27.06 27.02 26.97 26.93 26.88 26.84 26.79 26.75 26.70 26.66 26.61 26.58 26.53 26.49 26.45 26.41 26.36 26.33 26.28 26.25 26.21 26.17 26.13 26.10 26.06 26.02 25.98 25.95 25.91 25.88 25.84 25.81 25.78 25.75 25.72 25.68 25.65 25.62 25.60 25.57
28.84 28.81 28.77 28.74 28.70 28.66 28.62 28.58 28.54 28.50 28.45 28.41 28.36 28.31 28.26 28.21 28.16 28.11 28.05 28.00 27.96 27.90 27.85 27.79 27.74 27.69 27.63 27.58 27.53 27.48 27.42 27.38 27.32 27.27 27.22 27.18 27.12 27.08 27.03 26.99 26.94 26.90 26.85 26.81 26.76 26.72 26.67 26.63 26.58 26.54 26.50 26.46 26.41 26.38 26.33 26.30 26.25 26.22 26.17 26.14 26.10 26.06 26.02 25.99 25.95 25.92 25.88 25.85 25.81 25.78 25.75 25.72 25.69 25.65 25.63 25.59 25.57
28.84 28.81 28.78 28.74 28.70 28.66 28.62 28.58 28.54 28.49 28.45 28.41 28.35 28.31 28.26 28.22 28.16 28.11 28.06 28.01 27.96 27.91 27.85 27.80 27.74 27.70 27.64 27.59 27.54 27.49 27.44 27.39 27.34 27.29 27.24 27.19 27.15 27.09 27.05 27.00 26.96 26.91 26.87 26.81 26.77 26.72 26.68 26.64 26.59 26.55 26.51 26.46 26.42 26.38 26.33 26.30 26.26 26.22 26.17 26.14 26.11 26.06 26.03 25.99 25.96 25.92 25.89 25.85 25.82 25.78 25.75 25.73 25.69 25.66 25.63 25.60 25.57
28.84 28.80 28.77 28.73 28.70 28.66 28.62 28.58 28.53 28.49 28.45 28.40 28.36 28.31 28.26 28.22 28.17 28.11 28.06 28.02 27.96 27.91 27.86 27.81 27.76 27.70 27.66 27.60 27.55 27.51 27.45 27.40 27.35 27.31 27.25 27.21 27.16 27.12 27.06 27.02 26.97 26.93 26.88 26.83 26.78 26.73 26.69 26.64 26.60 26.55 26.51 26.47 26.43 26.38 26.35 26.30 26.26 26.22 26.18 26.14 26.11 26.07 26.03 26.00 25.96 25.93 25.89 25.86 25.82 25.79 25.75 25.72 25.69 25.66 25.64 25.60 25.58
28.83 28.80 28.77 28.73 28.69 28.66 28.62 28.58 28.54 28.49 28.45 28.40 28.36 28.32 28.27 28.21 28.17 28.12 28.07 28.02 27.97 27.92 27.87 27.82 27.77 27.72 27.66 27.62 27.56 27.52 27.46 27.42 27.36 27.32 27.27 27.22 27.17 27.13 27.09 27.03 26.99 26.94 26.89 26.84 26.80 26.75 26.70 26.66 26.61 26.57 26.52 26.48 26.43 26.39 26.35 26.31 26.27 26.23 26.19 26.15 26.11 26.08 26.03 26.00 25.96 25.93 25.89 25.86 25.83 25.79 25.76 25.72 25.70 25.66 25.63 25.61 25.57
28.83 28.80 28.76 28.73 28.69 28.65 28.61 28.58 28.54 28.50 28.45 28.41 28.36 28.31 28.27 28.23 28.17 28.12 28.08 28.02 27.98 27.93 27.87 27.83 27.77 27.73 27.68 27.63 27.58 27.53 27.48 27.43 27.39 27.33 27.29 27.25 27.20 27.14 27.10 27.05 27.01 26.95 26.91 26.86 26.81 26.76 26.72 26.67 26.63 26.58 26.54 26.49 26.45 26.40 26.36 26.31 26.28 26.23 26.20 26.15 26.12 26.08 26.04 26.00 25.97 25.93 25.90 25.86 25.83 25.80 25.76 25.73 25.70 25.67 25.63 25.61 25.57
28.84 28.80 28.77 28.73 28.70 28.66 28.61 28.57 28.53 28.49 28.45 28.41 28.37 28.31 28.27 28.23 28.18 28.13 28.08 28.03 27.98 27.93 27.89 27.83 27.79 27.74 27.69 27.65 27.59 27.55 27.50 27.45 27.40 27.36 27.31 27.26 27.21 27.17 27.12 27.07 27.02 26.98 26.92 26.88 26.83 26.78 26.73 26.69 26.63 26.59 26.54 26.50 26.45 26.41 26.36 26.33 26.28 26.24 26.20 26.16 26.12 26.09 26.04 26.01 25.97 25.94 25.90 25.87 25.83 25.80 25.76 25.73 25.70 25.67 25.64 25.61 25.58
28.83 28.80 28.77 28.73 28.69 28.66 28.62 28.58 28.54 28.50 28.45 28.41 28.37 28.32 28.28 28.23 28.18 28.14 28.08 28.04 27.99 27.95 27.89 27.85 27.80 27.75 27.71 27.66 27.61 27.56 27.52 27.47 27.43 27.38 27.33 27.28 27.24 27.19 27.14 27.09 27.05 26.99 26.95 26.89 26.85 26.80 26.75 26.70 26.65 26.60 26.56 26.51 26.47 26.42 26.38 26.33 26.29 26.25 26.21 26.16 26.13 26.09 26.05 26.01 25.98 25.94 25.91 25.87 25.84 25.80 25.77 25.73 25.70 25.68 25.64 25.62 25.58
28.83 28.80 28.76 28.74 28.70 28.66 28.62 28.58 28.54 28.50 28.46 28.42 28.38 28.32 28.28 28.24 28.18 28.14 28.09 28.05 28.00 27.95 27.91 27.86 27.81 27.76 27.72 27.68 27.63 27.59 27.54 27.49 27.44 27.40 27.35 27.31 27.26 27.22 27.16 27.12 27.07 27.02 26.97 26.92 26.87 26.82 26.76 26.72 26.66 26.62 26.57 26.52 26.47 26.43 26.38 26.34 26.30 26.26 26.21 26.18 26.13 26.10 26.05 26.02 25.98 25.95 25.91 25.88 25.84 25.81 25.77 25.74 25.70 25.68 25.64 25.61 25.59
28.84 28.81 28.77 28.74 28.70 28.67 28.63 28.59 28.55 28.50 28.46 28.42 28.38 28.33 28.29 28.24 28.20 28.15 28.10 28.05 28.01 27.96 27.92 27.87 27.82 27.78 27.74 27.69 27.65 27.60 27.56 27.51 27.47 27.42 27.38 27.33 27.29 27.24 27.20 27.14 27.10 27.04 27.00 26.94 26.89 26.84 26.79 26.73 26.69 26.63 26.59 26.53 26.49 26.44 26.40 26.35 26.31 26.26 26.22 26.18 26.14 26.10 26.06 26.02 25.99 25.95 25.92 25.88 25.85 25.81 25.78 25.74 25.71 25.67 25.65 25.61 25.59
28.84 28.82 28.78 28.75 28.70 28.66 28.63 28.59 28.55 28.51 28.47 28.43 28.39 28.34 28.29 28.25 28.21 28.15 28.11 28.07 28.02 27.97 27.93 27.88 27.84 27.80 27.75 27.71 27.66 27.63 27.58 27.54 27.49 27.45 27.41 27.37 27.32 27.27 27.23 27.18 27.12 27.07 27.02 26.97 26.91 26.86 26.80 26.76 26.70 26.65 26.60 26.55 26.50 26.45 26.40 26.36 26.31 26.27 26.22 26.19 26.14 26.11 26.06 26.03 25.99 25.96 25.92 25.89 25.85 25.82 25.78 25.75 25.71 25.68 25.65 25.62 25.59
