datasets/raw/temp/2019121820191218.grid
ncols 886
nrows 691
xllcenter 112.0000
yllcenter -44.5000
cellsize 0.0500
nodata_value 99999.90
[rows 442 to 475 of 691, columns 539 to 615 of 886]
43.64 43.77 43.71 43.85 44.12 44.09 44.05 44.00 43.95 43.82 43.75 43.62 43.58 43.53 43.56 43.50 43.38 43.24 43.12 42.88 42.89 42.93 43.03 42.91 42.73 43.12 42.83 42.79 42.71 42.85 42.89 43.00 42.88 43.01 43.01 42.94 42.88 42.73 42.58 42.50 42.41 42.28 42.23 42.08 41.75 41.73 41.88 41.96 41.98 41.98 41.88 41.91 41.99 42.25 42.38 42.41 42.42 42.55 42.67 42.73 42.78 42.85 42.92 42.93 42.92 42.91 43.02 43.01 43.06 43.11 43.15 43.16 43.15 43.14 43.12 43.12 43.08
43.66 43.69 43.76 44.09 44.18 44.13 44.09 44.01 43.92 43.81 43.68 43.59 43.47 43.50 43.59 43.48 43.33 43.11 42.92 42.72 42.40 42.78 42.69 42.57 42.44 42.66 42.82 42.71 42.56 42.80 42.95 42.97 42.99 42.89 42.95 42.91 42.85 42.61 42.49 42.40 42.39 42.28 42.15 42.03 41.62 41.78 41.97 42.05 42.11 42.08 42.13 42.05 42.23 42.33 42.47 42.47 42.57 42.67 42.74 42.77 42.84 42.91 42.97 42.94 42.97 43.10 43.16 43.03 43.14 43.20 43.21 43.21 43.21 43.20 43.15 43.15 43.14
42.98 43.47 44.06 44.16 43.99 44.15 43.97 43.88 43.81 43.75 43.44 43.46 43.58 43.46 43.43 43.42 43.14 42.79 42.59 42.62 42.26 42.25 42.39 42.26 42.48 42.19 42.64 42.73 42.55 42.72 42.87 42.94 42.99 42.95 42.92 42.84 42.81 42.65 42.40 42.34 42.28 42.15 42.11 42.05 41.82 41.97 42.03 42.12 42.21 42.25 42.27 42.27 42.36 42.43 42.47 42.61 42.69 42.77 42.83 42.85 42.90 42.95 42.98 42.97 43.02 43.15 43.18 43.19 43.21 43.23 43.23 43.22 43.24 43.15 43.18 43.14 43.10
43.63 43.93 44.13 44.15 44.21 44.18 44.04 43.87 43.75 43.71 43.41 43.48 43.55 43.47 43.32 43.35 43.13 42.90 42.57 42.36 42.31 42.27 42.37 42.37 42.40 42.25 42.52 42.75 42.76 42.74 42.72 42.75 42.89 42.86 42.75 42.78 42.79 42.61 42.50 42.30 42.27 42.07 42.15 42.19 42.10 42.12 42.14 42.24 42.35 42.40 42.36 42.42 42.34 42.51 42.58 42.67 42.74 42.82 42.88 42.96 42.97 42.97 43.03 43.01 43.14 43.18 43.20 43.22 43.28 43.25 43.22 43.18 43.22 43.21 43.18 43.13 43.09
44.02 44.18 44.25 44.24 44.17 44.07 43.96 43.65 43.68 43.57 43.39 43.43 43.36 43.25 43.06 43.23 43.17 42.98 42.62 42.39 42.37 42.40 42.37 42.44 42.56 42.61 42.71 42.82 42.85 42.95 42.95 42.90 42.83 42.71 42.76 42.75 42.73 42.64 42.49 42.39 42.27 42.25 42.35 42.26 42.17 42.29 42.30 42.31 42.41 42.48 42.46 42.54 42.44 42.55 42.68 42.75 42.83 42.88 42.93 43.00 43.04 43.05 43.12 43.14 43.20 43.23 43.28 43.27 43.26 43.20 43.22 43.21 43.21 43.19 43.16 43.11 43.09
44.12 44.26 44.27 44.19 44.08 43.85 43.73 43.58 43.42 43.46 43.33 43.20 43.22 43.05 43.00 43.04 43.01 42.97 42.77 42.41 42.34 42.50 42.53 42.36 42.54 42.65 42.70 42.75 42.78 42.90 42.92 42.99 42.75 43.02 43.00 42.82 42.95 42.77 42.55 42.69 42.48 42.36 42.52 42.45 42.38 42.44 42.48 42.48 42.51 42.46 42.56 42.65 42.67 42.72 42.78 42.84 42.90 42.96 43.00 43.07 43.10 43.12 43.17 43.20 43.23 43.26 43.28 43.27 43.26 43.25 43.23 43.23 43.20 43.19 43.15 43.12 43.07
44.21 44.25 44.26 44.21 44.06 43.93 43.68 43.60 43.42 42.74 43.12 43.30 43.17 42.94 42.68 42.81 42.83 42.50 42.26 42.53 42.52 42.58 42.58 42.56 42.56 42.51 42.48 42.63 42.74 42.81 42.75 42.93 43.05 43.03 43.16 43.01 43.07 42.79 42.65 42.63 42.57 42.46 42.61 42.57 42.49 42.60 42.59 42.61 42.66 42.60 42.64 42.71 42.77 42.80 42.87 42.92 42.98 43.02 43.07 43.12 43.16 43.18 43.23 43.26 43.28 43.30 43.28 43.27 43.26 43.27 43.23 43.23 43.21 43.16 43.13 43.10 43.07
44.00 44.28 44.08 44.17 44.04 43.97 43.80 43.64 43.33 43.22 43.37 43.48 43.39 42.98 42.88 42.52 42.69 42.59 42.35 42.24 42.58 42.49 42.48 42.51 42.39 42.20 42.49 42.54 42.67 42.66 42.83 42.90 42.95 42.98 43.14 43.18 43.15 42.97 42.69 42.81 42.88 42.79 42.76 42.75 42.65 42.75 42.73 42.71 42.73 42.76 42.75 42.79 42.81 42.90 42.94 42.99 43.04 43.10 43.14 43.18 43.21 43.25 43.30 43.29 43.27 43.30 43.29 43.23 43.27 43.28 43.26 43.23 43.19 43.15 43.12 43.03 43.01
44.32 44.37 44.16 44.08 43.74 43.69 43.65 43.51 43.53 43.24 43.30 43.50 43.59 42.84 43.00 43.24 43.02 42.78 42.41 42.44 42.38 42.14 42.32 42.41 42.42 42.27 42.41 42.61 42.50 42.84 43.02 43.15 43.30 43.19 43.25 43.29 43.30 43.09 43.03 42.91 42.95 42.90 42.95 42.92 42.84 42.84 42.87 42.86 42.86 42.90 42.88 42.88 42.96 43.01 43.03 43.07 43.12 43.17 43.20 43.24 43.27 43.37 43.33 43.33 43.30 43.30 43.30 43.26 43.29 43.27 43.25 43.19 43.17 43.12 43.07 42.99 42.96
44.41 44.37 44.30 44.11 43.87 43.88 43.73 43.66 43.09 43.51 43.34 42.92 43.63 43.67 43.63 43.45 43.07 42.53 42.16 42.14 42.41 42.37 42.40 42.35 42.38 42.60 42.78 42.92 42.92 43.07 43.20 43.35 43.41 43.39 43.45 43.45 43.38 43.10 43.10 43.16 43.15 43.13 43.09 43.00 42.99 42.97 42.98 42.97 42.97 42.98 42.99 43.03 43.06 43.09 43.15 43.16 43.20 43.24 43.27 43.33 43.24 43.32 43.32 43.29 43.25 43.29 43.32 43.29 43.28 43.23 43.23 43.17 43.14 43.09 43.02 42.92 42.96
44.32 44.31 44.23 44.21 44.05 43.70 43.88 43.75 43.73 43.52 43.51 43.59 43.90 43.24 43.78 43.64 43.33 42.54 42.24 42.31 42.49 42.65 42.41 42.78 42.72 42.78 43.05 43.16 43.07 43.34 43.43 43.48 43.55 43.57 43.59 43.58 43.50 43.45 43.40 43.35 43.35 43.32 43.21 43.16 43.14 43.10 43.04 43.07 43.07 43.09 43.10 43.14 43.16 43.18 43.23 43.25 43.26 43.30 43.34 43.29 43.29 43.27 43.32 43.32 43.25 43.30 43.34 43.30 43.24 43.23 43.21 43.15 43.10 43.05 42.93 42.87 42.91
44.20 44.21 44.17 44.10 43.91 43.90 43.93 43.91 43.99 43.86 43.64 43.75 43.90 43.90 43.93 43.76 43.29 43.07 43.14 43.17 43.03 42.77 42.72 42.94 43.01 43.09 43.19 43.34 43.38 43.42 43.56 43.62 43.66 43.68 43.69 43.64 43.60 43.58 43.56 43.50 43.45 43.45 43.30 43.30 43.24 43.21 43.18 43.16 43.17 43.20 43.20 43.21 43.23 43.26 43.30 43.31 43.35 43.37 43.38 43.34 43.31 43.31 43.33 43.32 43.27 43.33 43.31 43.27 43.25 43.21 43.19 43.13 43.03 42.97 42.91 42.85 42.76
44.13 43.63 44.10 43.99 43.77 43.79 43.80 43.65 43.97 44.05 43.98 43.78 43.84 43.78 43.78 44.13 43.61 43.42 43.43 43.32 43.17 42.93 42.90 42.95 43.12 43.08 43.22 43.39 43.52 43.54 43.68 43.71 43.75 43.77 43.77 43.71 43.70 43.66 43.63 43.57 43.51 43.50 43.48 43.44 43.38 43.32 43.30 43.29 43.30 43.30 43.19 43.20 43.31 43.35 43.38 43.39 43.42 43.44 43.38 43.26 43.38 43.36 43.33 43.32 43.36 43.29 43.27 43.26 43.24 43.21 43.13 43.03 42.98 42.96 42.87 42.87 42.72
43.98 44.01 43.86 43.75 43.63 43.49 43.63 43.71 43.62 44.08 43.88 43.95 44.11 44.06 43.96 43.95 43.92 43.64 43.58 43.55 43.41 43.27 43.22 43.08 43.14 43.26 43.37 43.32 43.55 43.71 43.77 43.82 43.84 43.91 43.89 43.83 43.80 43.78 43.71 43.68 43.63 43.58 43.56 43.50 43.47 43.42 43.40 43.36 43.37 43.33 43.21 43.32 43.35 43.40 43.43 43.47 43.46 43.42 43.35 43.37 43.34 43.30 43.34 43.36 43.29 43.32 43.30 43.26 43.17 43.16 43.05 43.01 43.01 42.89 42.87 42.75 42.70
43.82 43.86 43.45 43.36 43.00 43.13 43.34 43.36 43.54 44.03 44.04 44.17 44.12 44.10 44.01 44.09 44.08 43.88 43.76 43.58 43.47 43.46 43.26 43.40 43.37 43.41 43.54 43.50 43.79 43.81 43.85 43.88 43.92 43.95 43.94 43.92 43.89 43.83 43.78 43.73 43.69 43.63 43.61 43.58 43.54 43.50 43.47 43.45 43.41 43.32 43.33 43.42 43.42 43.42 43.46 43.48 43.43 43.39 43.21 43.33 43.36 43.27 43.22 43.37 43.31 43.24 43.25 43.23 43.15 43.10 43.01 43.01 42.89 42.82 42.76 42.71 42.66
43.49 43.63 43.15 43.14 42.81 42.99 43.46 43.72 43.99 44.10 44.12 44.05 43.95 43.91 43.91 43.90 43.73 44.07 43.87 43.78 43.68 43.51 43.70 43.60 43.58 43.65 43.73 43.77 43.86 43.92 43.96 43.99 44.01 44.04 44.05 44.03 43.95 43.89 43.81 43.77 43.73 43.69 43.67 43.64 43.61 43.54 43.52 43.51 43.49 43.35 43.45 43.46 43.47 43.46 43.39 43.41 43.45 43.37 43.23 43.26 43.39 43.26 43.21 43.25 43.34 43.22 43.24 43.18 43.14 43.08 43.01 42.88 42.88 42.83 42.68 42.66 42.61
43.05 42.94 43.28 42.88 42.92 43.30 43.51 43.78 43.91 44.02 44.10 43.95 43.55 43.40 43.77 43.38 43.86 44.09 43.95 44.02 43.98 43.94 43.86 43.82 43.81 43.80 43.86 43.91 44.00 44.04 44.05 44.05 44.11 44.13 44.09 44.05 43.99 43.95 43.88 43.78 43.77 43.72 43.70 43.66 43.62 43.57 43.57 43.53 43.51 43.42 43.49 43.47 43.45 43.47 43.43 43.28 43.40 43.36 43.20 43.25 43.23 43.33 43.22 43.27 43.28 43.17 43.16 43.15 43.10 43.03 42.90 42.91 42.81 42.72 42.66 42.60 42.58
43.35 43.34 43.01 43.17 43.29 43.18 43.51 43.70 43.86 43.95 44.08 43.85 43.63 42.92 43.48 43.51 43.83 44.10 44.21 44.17 44.16 44.10 44.03 43.97 43.93 43.96 44.00 44.05 44.08 44.14 44.15 44.17 44.15 44.14 44.12 44.07 44.01 43.98 43.85 43.83 43.76 43.72 43.71 43.67 43.60 43.55 43.48 43.49 43.50 43.51 43.50 43.44 43.41 43.35 43.35 43.43 43.29 43.28 43.23 43.33 43.17 43.26 43.23 43.28 43.18 43.18 43.14 43.10 43.06 42.97 42.80 42.84 42.76 42.69 42.67 42.64 42.54
43.35 43.20 43.02 43.34 43.33 43.04 43.11 43.74 43.90 44.00 43.87 43.87 43.33 43.69 43.90 44.09 44.21 44.11 44.31 44.30 44.28 44.24 44.23 44.19 44.13 44.11 44.15 44.19 44.23 44.24 44.24 44.23 44.25 44.22 44.11 44.09 44.01 43.86 43.86 43.86 43.66 43.75 43.67 43.64 43.55 43.52 43.40 43.32 43.29 43.34 43.35 43.37 43.26 43.26 43.32 43.35 43.26 43.22 43.24 43.20 43.17 43.19 43.28 43.16 43.08 43.12 43.12 43.08 43.02 42.83 42.76 42.77 42.68 42.70 42.66 42.57 42.51
43.36 43.28 43.05 43.31 43.30 43.05 43.57 43.63 43.79 44.01 44.04 43.93 43.71 43.63 44.10 44.15 44.28 44.38 44.40 44.40 44.36 44.32 44.29 44.26 44.22 44.19 44.20 44.23 44.26 44.26 44.24 44.26 44.21 44.27 44.11 44.01 43.94 43.84 43.81 43.75 43.67 43.61 43.57 43.52 43.61 43.46 43.35 43.25 43.16 43.19 43.21 43.26 43.06 43.17 43.30 43.26 43.27 43.21 43.26 43.22 43.15 43.25 43.24 43.20 43.01 43.10 43.11 43.01 42.98 42.79 42.72 42.81 42.67 42.70 42.62 42.57 42.47
43.43 43.04 43.26 43.46 42.86 43.35 43.93 43.54 43.85 44.10 44.23 43.96 43.31 44.16 44.34 44.50 44.42 44.53 44.54 44.50 44.46 44.42 44.38 44.35 44.29 44.26 44.23 44.17 44.25 44.24 44.20 44.17 44.17 44.11 43.97 43.93 43.95 43.80 43.78 43.80 43.76 43.55 43.41 43.41 43.41 43.35 43.22 43.21 43.27 43.33 43.24 43.09 43.06 43.14 43.18 43.17 43.13 43.13 43.21 43.20 43.10 43.21 43.20 43.17 43.08 43.03 43.05 43.03 42.80 42.80 42.85 42.77 42.69 42.70 42.60 42.52 42.46
43.45 43.34 43.66 43.50 43.60 43.54 44.15 44.25 44.12 44.40 44.26 44.25 44.22 44.35 44.57 44.67 44.70 44.56 44.65 44.59 44.51 44.51 44.45 44.45 44.39 44.33 44.27 44.22 44.19 44.17 44.18 44.15 44.07 44.07 43.98 43.89 43.87 43.64 43.60 43.59 43.50 43.47 43.42 43.28 43.22 43.18 43.04 43.13 43.18 43.20 43.06 42.99 42.90 43.12 43.03 43.06 43.07 43.07 43.13 43.14 43.19 43.16 43.10 43.14 43.08 43.05 42.99 43.02 42.88 42.76 42.80 42.75 42.74 42.66 42.57 42.49 42.42
43.40 43.36 43.83 43.63 43.84 43.96 44.15 44.37 44.29 44.37 44.53 44.43 44.46 44.53 44.64 44.71 44.78 44.77 44.72 44.67 44.65 44.61 44.58 44.53 44.45 44.38 44.34 44.26 44.18 44.13 44.11 44.07 44.01 43.99 43.90 43.84 43.78 43.65 43.63 43.45 43.32 43.30 43.20 43.14 43.11 43.06 43.08 43.00 42.96 42.90 42.90 42.91 42.85 42.73 42.90 42.93 42.97 43.06 43.08 43.12 43.10 43.14 43.08 42.91 43.00 42.91 42.91 43.01 42.96 42.82 42.77 42.73 42.67 42.61 42.59 42.49 42.43
42.96 43.50 43.76 43.89 43.98 43.78 44.23 44.47 44.59 44.66 44.67 44.63 44.57 44.58 44.78 44.89 44.86 44.88 44.82 44.74 44.72 44.71 44.64 44.61 44.57 44.49 44.38 44.31 44.22 44.20 44.09 44.02 43.92 43.81 43.74 43.65 43.54 43.45 43.39 43.34 43.20 43.07 42.95 42.95 42.88 42.91 42.91 42.82 42.74 42.54 42.71 42.77 42.74 42.64 42.74 42.73 42.84 42.96 42.95 43.04 43.03 43.05 43.07 42.95 42.99 42.92 42.89 42.92 42.93 42.92 42.68 42.77 42.69 42.63 42.56 42.45 42.40
42.81 43.02 43.58 43.64 44.03 43.98 44.34 44.53 44.72 44.75 44.77 44.74 44.69 44.51 44.87 44.98 44.99 44.90 44.86 44.83 44.80 44.76 44.71 44.61 44.61 44.54 44.45 44.39 44.33 44.20 44.07 44.02 43.95 43.80 43.61 43.42 43.36 43.31 43.16 43.06 42.96 42.87 42.83 42.74 42.68 42.52 42.53 42.57 42.49 42.37 42.38 42.38 42.51 42.49 42.42 42.65 42.76 42.81 42.86 42.81 42.98 43.01 43.02 42.99 42.94 42.98 42.93 42.91 42.78 42.84 42.87 42.79 42.69 42.61 42.54 42.40 42.28
42.85 42.71 43.08 43.60 44.16 44.14 44.43 44.45 44.70 44.79 44.83 44.80 44.83 44.88 44.94 44.94 44.98 44.89 44.90 44.91 44.85 44.81 44.75 44.71 44.66 44.60 44.50 44.43 44.34 44.22 44.13 44.03 43.92 43.88 43.72 43.53 43.31 43.10 42.93 42.83 42.71 42.60 42.56 42.46 42.39 42.30 42.20 42.02 42.15 42.21 42.11 42.04 42.23 42.34 42.39 42.53 42.66 42.71 42.83 42.82 42.91 42.96 42.97 42.96 42.88 42.92 42.83 42.92 42.78 42.84 42.79 42.81 42.77 42.59 42.60 42.47 42.37
41.90 42.50 42.85 43.14 44.12 44.39 44.32 44.57 44.70 44.76 44.83 44.85 44.90 44.91 44.94 44.98 45.01 44.98 44.98 44.95 44.92 44.86 44.83 44.78 44.69 44.65 44.61 44.50 44.37 44.32 44.22 44.05 43.90 43.82 43.71 43.52 43.36 43.10 42.91 42.77 42.59 42.38 42.21 42.19 42.10 41.96 41.80 41.95 41.86 41.96 41.95 41.95 41.97 42.17 42.29 42.34 42.59 42.70 42.75 42.82 42.86 42.86 42.97 42.88 42.85 42.85 42.90 42.82 42.82 42.85 42.82 42.77 42.79 42.72 42.60 42.50 42.38
42.15 42.60 43.07 43.32 44.10 44.38 44.49 44.56 44.69 44.76 44.83 44.88 44.92 44.97 45.00 45.03 45.01 45.03 45.01 45.00 44.94 44.91 44.87 44.82 44.76 44.76 44.64 44.49 44.37 44.33 44.23 44.11 44.06 43.80 43.59 43.44 43.30 43.11 43.03 42.81 42.74 42.48 42.27 42.02 42.02 41.96 41.79 41.76 41.87 41.85 41.89 41.94 42.05 41.92 42.09 42.28 42.46 42.62 42.73 42.77 42.87 42.96 42.88 42.81 42.83 42.86 42.75 42.86 42.81 42.84 42.78 42.84 42.79 42.73 42.64 42.50 42.36
42.44 43.01 43.40 43.72 44.09 44.32 44.40 44.57 44.70 44.79 44.84 44.90 44.95 45.01 45.05 45.09 45.06 45.16 45.09 45.06 45.00 45.04 44.87 44.90 44.86 44.80 44.70 44.46 44.47 44.37 44.28 44.24 43.97 43.78 43.68 43.57 43.39 43.20 42.97 42.70 42.64 42.59 42.37 42.11 42.07 41.93 41.73 41.74 41.79 41.80 41.81 41.93 41.94 41.99 42.11 42.22 42.45 42.57 42.64 42.70 42.70 42.83 42.86 42.79 42.88 42.85 42.86 42.93 42.88 42.86 42.86 42.83 42.79 42.70 42.56 42.51 42.42
42.22 42.20 42.43 43.58 44.07 44.35 44.47 44.60 44.72 44.81 44.88 44.93 44.98 45.05 45.09 45.12 45.13 45.17 45.14 45.10 45.04 45.03 44.94 44.93 44.86 44.78 44.70 44.62 44.50 44.41 44.35 44.14 43.97 43.82 43.66 43.54 43.30 43.24 43.04 42.89 42.61 42.44 42.32 42.15 42.13 41.94 41.90 41.87 41.75 41.77 41.89 41.85 41.92 41.98 42.13 42.24 42.41 42.41 42.59 42.69 42.70 42.72 42.77 42.87 42.83 43.01 42.88 42.88 42.92 42.90 42.92 42.85 42.78 42.74 42.60 42.52 42.38
41.80 42.47 42.89 43.85 43.96 44.39 44.53 44.63 44.76 44.83 44.91 44.97 44.99 45.08 45.14 45.17 45.17 45.17 45.15 45.12 45.08 45.04 45.00 44.95 44.87 44.83 44.84 44.75 44.64 44.52 44.40 44.25 44.00 43.84 43.60 43.52 43.43 43.31 43.01 42.92 42.65 42.52 42.36 42.22 42.08 42.03 42.00 41.86 41.82 41.86 41.80 41.87 41.93 42.00 42.05 42.19 42.35 42.36 42.50 42.66 42.67 42.70 42.73 42.82 42.80 42.98 42.97 42.90 42.95 42.94 42.93 42.80 42.73 42.66 42.52 42.50 42.38
42.48 43.07 43.56 43.96 44.24 44.45 44.49 44.69 44.80 44.87 44.94 44.99 45.05 45.11 45.15 45.21 45.24 45.22 45.15 45.18 45.18 45.06 45.02 44.96 44.93 44.83 44.85 44.68 44.68 44.55 44.33 44.27 44.06 43.88 43.73 43.64 43.55 43.28 43.04 42.88 42.76 42.52 42.39 42.23 42.20 42.05 41.97 41.97 41.95 41.81 41.79 41.85 41.86 41.99 42.04 42.18 42.34 42.37 42.44 42.55 42.65 42.71 42.75 42.85 42.86 42.89 42.99 42.99 42.97 42.91 42.91 42.85 42.67 42.74 42.58 42.53 42.40
42.94 43.11 43.58 44.00 44.23 44.44 44.60 44.73 44.84 44.94 45.00 45.04 45.11 45.19 45.18 45.24 45.29 45.27 45.19 45.17 45.19 45.17 45.06 45.02 44.94 44.90 44.87 44.84 44.69 44.58 44.35 44.28 44.10 43.92 43.83 43.67 43.49 43.32 43.11 42.94 42.82 42.57 42.35 42.30 42.25 42.06 42.09 41.96 41.93 41.85 41.89 41.82 41.92 42.08 42.08 42.24 42.31 42.39 42.48 42.57 42.67 42.71 42.78 42.85 42.89 42.98 43.03 43.01 42.96 42.90 42.80 42.76 42.73 42.69 42.60 42.43 42.30
42.73 42.77 43.68 44.06 44.32 44.42 44.62 44.73 44.87 44.95 45.05 45.10 45.28 45.24 45.23 45.31 45.32 45.22 45.21 45.25 45.25 45.21 45.15 45.08 45.05 45.00 44.94 44.87 44.78 44.64 44.42 44.34 44.17 44.04 43.89 43.71 43.52 43.32 43.14 42.99 42.88 42.63 42.41 42.29 42.28 42.11 42.03 41.90 41.96 41.88 41.88 41.83 41.90 42.04 42.07 42.22 42.39 42.43 42.44 42.55 42.68 42.73 42.86 42.92 42.97 43.02 43.03 42.99 42.90 42.90 42.93 42.89 42.80 42.76 42.60 42.46 42.31
