datasets/raw/temp/2019111620191116.grid
ncols 886
nrows 691
xllcenter 112.0000
yllcenter -44.5000
cellsize 0.0500
nodata_value 99999.90
[rows 544 to 577 of 691, columns 385 to 461 of 886]
13.23 13.22 13.21 13.21 13.20 13.20 13.20 13.19 13.19 13.19 13.20 13.20 13.21 13.22 13.22 13.23 13.24 13.26 13.27 13.28 13.29 13.32 13.33 13.36 13.38 13.40 13.44 13.46 13.50 13.53 13.57 13.60 13.65 13.69 13.74 13.79 13.84 13.90 13.95 14.01 14.05 14.07 14.10 14.12 14.15 14.17 14.20 14.23 14.26 14.30 14.32 14.36 14.39 14.40 14.41 14.41 14.41 14.41 14.41 14.41 14.40 14.40 14.40 14.40 14.39 14.39 14.39 14.39 14.38 14.37 14.38 14.37 14.36 14.36 14.35 14.35 14.34
13.16 13.15 13.15 13.14 13.14 13.13 13.13 13.13 13.13 13.13 13.13 13.13 13.13 13.14 13.15 13.16 13.16 13.17 13.19 13.20 13.22 13.24 13.26 13.27 13.30 13.32 13.34 13.38 13.40 13.44 13.47 13.51 13.54 13.59 13.63 13.68 13.73 13.78 13.84 13.89 13.95 13.99 14.02 14.04 14.06 14.09 14.12 14.14 14.17 14.20 14.23 14.27 14.31 14.33 14.35 14.35 14.35 14.35 14.35 14.35 14.35 14.34 14.34 14.34 14.34 14.34 14.33 14.33 14.32 14.32 14.32 14.31 14.30 14.30 14.29 14.29 14.28
13.09 13.09 13.08 13.07 13.07 13.07 13.05 13.06 13.06 13.06 13.06 13.06 13.06 13.07 13.08 13.09 13.09 13.10 13.11 13.13 13.14 13.15 13.18 13.19 13.21 13.24 13.26 13.29 13.31 13.34 13.38 13.41 13.45 13.49 13.53 13.58 13.62 13.67 13.72 13.78 13.84 13.89 13.93 13.96 13.99 14.00 14.03 14.06 14.09 14.12 14.14 14.17 14.21 14.24 14.27 14.29 14.30 14.30 14.30 14.30 14.30 14.29 14.29 14.29 14.28 14.28 14.27 14.27 14.27 14.26 14.25 14.25 14.25 14.24 14.23 14.23 14.22
13.03 13.01 13.00 13.00 12.99 12.99 12.99 12.98 12.98 12.99 12.99 12.99 12.99 13.00 13.00 13.02 13.02 13.03 13.04 13.05 13.07 13.08 13.09 13.11 13.13 13.15 13.18 13.20 13.23 13.25 13.29 13.32 13.36 13.39 13.43 13.47 13.52 13.57 13.61 13.67 13.71 13.78 13.83 13.87 13.90 13.93 13.95 13.97 13.99 14.02 14.05 14.08 14.12 14.14 14.17 14.21 14.23 14.24 14.24 14.24 14.24 14.23 14.23 14.23 14.22 14.22 14.22 14.21 14.21 14.20 14.20 14.19 14.18 14.17 14.17 14.16 14.16
12.95 12.95 12.94 12.93 12.93 12.92 12.92 12.92 12.92 12.92 12.92 12.92 12.93 12.93 12.93 12.94 12.95 12.96 12.96 12.97 12.99 13.00 13.01 13.04 13.05 13.07 13.09 13.11 13.14 13.17 13.20 13.22 13.25 13.29 13.33 13.37 13.41 13.45 13.50 13.55 13.60 13.66 13.71 13.77 13.82 13.85 13.86 13.89 13.91 13.94 13.96 13.99 14.02 14.05 14.08 14.12 14.15 14.18 14.18 14.18 14.19 14.18 14.18 14.18 14.17 14.17 14.16 14.15 14.15 14.15 14.14 14.13 14.12 14.12 14.11 14.11 14.10
12.89 12.88 12.87 12.87 12.86 12.86 12.85 12.85 12.85 12.85 12.86 12.86 12.86 12.86 12.86 12.87 12.88 12.88 12.89 12.90 12.92 12.93 12.94 12.95 12.97 12.99 13.01 13.03 13.05 13.08 13.10 13.14 13.16 13.20 13.23 13.27 13.30 13.35 13.39 13.44 13.49 13.53 13.59 13.65 13.70 13.75 13.78 13.81 13.82 13.85 13.87 13.90 13.93 13.96 13.98 14.01 14.04 14.08 14.11 14.12 14.13 14.12 14.12 14.11 14.11 14.10 14.11 14.10 14.09 14.09 14.08 14.08 14.07 14.06 14.06 14.05 14.03
12.82 12.82 12.81 12.80 12.80 12.79 12.79 12.79 12.78 12.78 12.79 12.79 12.79 12.79 12.79 12.80 12.80 12.81 12.82 12.83 12.83 12.85 12.86 12.87 12.89 12.91 12.92 12.95 12.97 12.99 13.01 13.04 13.07 13.11 13.13 13.17 13.20 13.25 13.28 13.33 13.38 13.42 13.48 13.52 13.58 13.64 13.70 13.72 13.74 13.77 13.79 13.81 13.83 13.86 13.89 13.92 13.95 13.98 14.01 14.04 14.07 14.07 14.07 14.06 14.06 14.05 14.05 14.04 14.03 14.03 14.03 14.02 14.01 14.01 13.99 13.98 13.98
12.76 12.75 12.74 12.74 12.73 12.73 12.72 12.72 12.72 12.71 12.71 12.71 12.72 12.72 12.72 12.73 12.73 12.74 12.75 12.75 12.76 12.78 12.79 12.80 12.81 12.83 12.84 12.87 12.88 12.91 12.93 12.95 12.98 13.00 13.04 13.07 13.11 13.14 13.18 13.22 13.26 13.31 13.36 13.41 13.46 13.52 13.57 13.63 13.66 13.69 13.70 13.72 13.75 13.77 13.80 13.83 13.84 13.87 13.91 13.94 13.97 13.99 14.00 14.00 14.00 13.99 13.99 13.99 13.98 13.97 13.96 13.96 13.95 13.94 13.93 13.93 13.92
12.69 12.69 12.68 12.67 12.67 12.66 12.66 12.65 12.65 12.65 12.65 12.65 12.65 12.65 12.66 12.66 12.66 12.66 12.68 12.68 12.69 12.70 12.71 12.72 12.74 12.75 12.76 12.79 12.80 12.82 12.84 12.86 12.89 12.91 12.95 12.97 13.01 13.04 13.08 13.12 13.15 13.20 13.24 13.29 13.34 13.39 13.45 13.51 13.55 13.59 13.62 13.64 13.66 13.69 13.70 13.73 13.75 13.78 13.81 13.84 13.87 13.90 13.93 13.94 13.94 13.94 13.93 13.92 13.93 13.92 13.91 13.90 13.89 13.89 13.88 13.86 13.86
12.63 12.62 12.61 12.61 12.60 12.60 12.59 12.59 12.58 12.58 12.58 12.59 12.59 12.59 12.59 12.59 12.59 12.60 12.61 12.61 12.61 12.62 12.64 12.65 12.65 12.67 12.68 12.71 12.72 12.73 12.76 12.78 12.80 12.82 12.86 12.88 12.91 12.94 12.98 13.01 13.05 13.09 13.13 13.18 13.22 13.27 13.32 13.38 13.43 13.48 13.53 13.56 13.57 13.59 13.61 13.64 13.66 13.69 13.71 13.74 13.77 13.79 13.82 13.86 13.88 13.88 13.88 13.87 13.86 13.85 13.86 13.85 13.83 13.82 13.82 13.81 13.79
12.57 12.56 12.55 12.54 12.54 12.53 12.53 12.52 12.52 12.52 12.51 12.52 12.52 12.52 12.52 12.52 12.52 12.53 12.54 12.54 12.54 12.55 12.56 12.57 12.58 12.60 12.61 12.62 12.64 12.65 12.68 12.69 12.71 12.74 12.77 12.79 12.81 12.84 12.88 12.91 12.95 12.98 13.02 13.07 13.10 13.15 13.20 13.25 13.30 13.36 13.42 13.45 13.48 13.50 13.53 13.55 13.57 13.59 13.61 13.63 13.66 13.69 13.71 13.74 13.77 13.79 13.82 13.82 13.81 13.80 13.79 13.78 13.78 13.77 13.76 13.74 13.74
12.52 12.49 12.48 12.48 12.47 12.47 12.46 12.46 12.45 12.45 12.46 12.46 12.45 12.45 12.45 12.45 12.45 12.46 12.47 12.47 12.47 12.48 12.49 12.50 12.50 12.52 12.53 12.54 12.56 12.57 12.59 12.61 12.62 12.65 12.68 12.70 12.72 12.75 12.78 12.81 12.84 12.87 12.91 12.96 12.99 13.04 13.07 13.12 13.18 13.23 13.28 13.33 13.38 13.42 13.44 13.46 13.47 13.49 13.51 13.54 13.56 13.59 13.61 13.64 13.66 13.69 13.72 13.74 13.75 13.75 13.74 13.73 13.71 13.71 13.70 13.69 13.68
12.51 12.45 12.42 12.41 12.41 12.40 12.40 12.39 12.39 12.38 12.39 12.39 12.39 12.39 12.38 12.38 12.38 12.39 12.40 12.40 12.40 12.41 12.42 12.42 12.43 12.45 12.45 12.46 12.48 12.49 12.51 12.52 12.54 12.56 12.58 12.61 12.63 12.66 12.68 12.71 12.75 12.77 12.81 12.84 12.88 12.92 12.96 13.01 13.05 13.10 13.15 13.20 13.26 13.31 13.34 13.36 13.38 13.40 13.42 13.44 13.47 13.49 13.51 13.53 13.56 13.58 13.61 13.64 13.66 13.67 13.68 13.67 13.66 13.65 13.63 13.63 13.61
12.55 12.44 12.38 12.36 12.35 12.35 12.34 12.34 12.33 12.33 12.33 12.32 12.32 12.32 12.32 12.32 12.32 12.33 12.33 12.33 12.33 12.34 12.35 12.35 12.36 12.37 12.38 12.38 12.40 12.41 12.43 12.44 12.46 12.48 12.49 12.52 12.54 12.56 12.58 12.61 12.65 12.67 12.71 12.73 12.77 12.81 12.84 12.89 12.93 12.97 13.02 13.07 13.13 13.18 13.22 13.27 13.29 13.31 13.33 13.35 13.37 13.39 13.41 13.43 13.46 13.48 13.50 13.53 13.55 13.57 13.59 13.61 13.60 13.59 13.58 13.57 13.56
12.59 12.47 12.36 12.30 12.29 12.28 12.28 12.27 12.27 12.26 12.26 12.26 12.25 12.25 12.25 12.26 12.26 12.26 12.26 12.26 12.27 12.27 12.27 12.28 12.29 12.30 12.30 12.32 12.33 12.33 12.35 12.36 12.38 12.39 12.41 12.43 12.46 12.47 12.49 12.52 12.55 12.57 12.61 12.63 12.67 12.70 12.73 12.77 12.82 12.85 12.90 12.94 12.99 13.04 13.09 13.14 13.19 13.22 13.24 13.26 13.28 13.29 13.32 13.32 13.35 13.37 13.40 13.42 13.44 13.46 13.48 13.50 13.53 13.53 13.52 13.50 13.50
12.64 12.51 12.39 12.28 12.23 12.22 12.21 12.21 12.20 12.20 12.20 12.19 12.19 12.19 12.18 12.19 12.19 12.19 12.19 12.19 12.20 12.20 12.20 12.21 12.22 12.22 12.23 12.24 12.25 12.26 12.27 12.28 12.30 12.31 12.33 12.35 12.37 12.38 12.41 12.43 12.46 12.47 12.51 12.53 12.56 12.60 12.62 12.66 12.70 12.73 12.78 12.82 12.87 12.90 12.95 13.01 13.06 13.11 13.15 13.17 13.18 13.20 13.21 13.23 13.24 13.26 13.29 13.31 13.33 13.35 13.37 13.39 13.41 13.44 13.45 13.44 13.43
12.68 12.56 12.44 12.31 12.21 12.16 12.15 12.14 12.14 12.13 12.13 12.13 12.12 12.12 12.13 12.13 12.12 12.12 12.12 12.13 12.13 12.13 12.13 12.14 12.15 12.15 12.15 12.17 12.17 12.19 12.19 12.20 12.22 12.23 12.25 12.26 12.28 12.30 12.32 12.34 12.36 12.38 12.41 12.43 12.46 12.49 12.52 12.55 12.59 12.62 12.66 12.70 12.74 12.79 12.82 12.87 12.92 12.97 13.02 13.07 13.09 13.10 13.12 13.13 13.15 13.16 13.18 13.21 13.22 13.24 13.26 13.28 13.30 13.31 13.34 13.36 13.36
12.71 12.60 12.48 12.36 12.24 12.13 12.09 12.08 12.07 12.07 12.07 12.06 12.07 12.06 12.06 12.06 12.06 12.05 12.05 12.06 12.06 12.06 12.07 12.07 12.07 12.08 12.09 12.09 12.10 12.11 12.12 12.12 12.14 12.15 12.17 12.18 12.20 12.21 12.23 12.25 12.27 12.29 12.31 12.34 12.36 12.39 12.41 12.45 12.48 12.52 12.54 12.58 12.62 12.66 12.70 12.74 12.79 12.83 12.88 12.93 12.97 13.00 13.02 13.04 13.05 13.07 13.08 13.10 13.12 13.13 13.15 13.17 13.18 13.20 13.22 13.24 13.26
12.76 12.64 12.54 12.41 12.29 12.16 12.06 12.03 12.02 12.02 12.01 12.01 12.00 12.00 12.00 11.99 11.99 12.00 12.00 11.99 11.99 11.99 12.00 12.00 12.00 12.01 12.02 12.02 12.03 12.04 12.04 12.06 12.06 12.07 12.09 12.09 12.11 12.12 12.14 12.16 12.18 12.20 12.22 12.24 12.26 12.29 12.32 12.34 12.37 12.40 12.43 12.47 12.50 12.54 12.57 12.61 12.65 12.70 12.74 12.79 12.84 12.87 12.91 12.94 12.96 12.97 12.98 12.99 13.02 13.03 13.04 13.06 13.07 13.08 13.11 13.12 13.14
12.79 12.69 12.58 12.46 12.35 12.23 12.10 12.00 11.96 11.95 11.95 11.94 11.94 11.93 11.93 11.94 11.93 11.93 11.93 11.93 11.92 11.93 11.93 11.93 11.93 11.94 11.94 11.95 11.96 11.96 11.97 11.98 11.98 12.00 12.01 12.02 12.03 12.05 12.06 12.08 12.09 12.11 12.13 12.15 12.16 12.19 12.22 12.24 12.27 12.30 12.32 12.35 12.39 12.42 12.46 12.49 12.53 12.57 12.61 12.65 12.70 12.73 12.78 12.82 12.85 12.87 12.88 12.91 12.91 12.93 12.94 12.95 12.96 12.97 12.99 13.01 13.02
12.82 12.72 12.61 12.51 12.39 12.28 12.15 12.03 11.93 11.89 11.88 11.88 11.87 11.88 11.87 11.87 11.87 11.86 11.86 11.87 11.87 11.86 11.86 11.87 11.87 11.87 11.87 11.88 11.89 11.89 11.90 11.90 11.91 11.92 11.93 11.94 11.95 11.97 11.97 11.99 12.00 12.02 12.04 12.06 12.08 12.09 12.12 12.15 12.16 12.19 12.22 12.24 12.27 12.31 12.34 12.37 12.40 12.44 12.48 12.52 12.56 12.60 12.63 12.68 12.72 12.76 12.79 12.80 12.82 12.83 12.84 12.84 12.85 12.86 12.88 12.89 12.90
12.84 12.75 12.65 12.54 12.44 12.32 12.21 12.09 11.96 11.86 11.83 11.82 11.82 11.81 11.81 11.80 11.80 11.80 11.80 11.80 11.80 11.80 11.79 11.80 11.80 11.80 11.81 11.81 11.81 11.82 11.83 11.83 11.84 11.84 11.86 11.86 11.88 11.88 11.90 11.91 11.93 11.93 11.95 11.96 11.99 12.01 12.02 12.05 12.06 12.09 12.11 12.13 12.16 12.19 12.22 12.26 12.28 12.31 12.35 12.39 12.42 12.46 12.50 12.54 12.58 12.63 12.66 12.70 12.72 12.73 12.73 12.74 12.75 12.76 12.77 12.78 12.79
12.88 12.79 12.69 12.59 12.49 12.38 12.27 12.15 12.03 11.90 11.80 11.76 11.75 11.75 11.74 11.74 11.74 11.74 11.74 11.73 11.73 11.74 11.74 11.73 11.73 11.74 11.74 11.74 11.75 11.75 11.75 11.76 11.76 11.78 11.78 11.78 11.80 11.80 11.82 11.82 11.84 11.85 11.87 11.88 11.89 11.92 11.93 11.95 11.97 11.99 12.01 12.04 12.05 12.08 12.11 12.14 12.17 12.19 12.23 12.26 12.29 12.33 12.37 12.40 12.44 12.48 12.52 12.56 12.59 12.62 12.63 12.64 12.65 12.65 12.66 12.67 12.68
12.90 12.81 12.72 12.62 12.52 12.42 12.31 12.20 12.08 11.96 11.84 11.73 11.69 11.68 11.69 11.68 11.68 11.68 11.67 11.67 11.67 11.67 11.67 11.67 11.67 11.67 11.67 11.68 11.68 11.68 11.69 11.69 11.69 11.70 11.70 11.72 11.72 11.73 11.74 11.75 11.76 11.77 11.78 11.80 11.80 11.82 11.84 11.85 11.88 11.90 11.91 11.93 11.96 11.97 12.00 12.03 12.06 12.09 12.11 12.14 12.17 12.20 12.23 12.27 12.30 12.34 12.37 12.41 12.45 12.48 12.51 12.53 12.54 12.55 12.56 12.57 12.57
12.91 12.83 12.74 12.65 12.56 12.46 12.35 12.25 12.13 12.03 11.91 11.78 11.68 11.64 11.62 11.62 11.61 11.61 11.62 11.61 11.61 11.60 11.61 11.61 11.60 11.60 11.61 11.61 11.61 11.62 11.62 11.62 11.63 11.63 11.64 11.64 11.64 11.65 11.66 11.67 11.68 11.69 11.70 11.71 11.73 11.73 11.75 11.77 11.78 11.80 11.82 11.83 11.86 11.88 11.89 11.92 11.94 11.97 12.00 12.03 12.04 12.07 12.10 12.14 12.17 12.20 12.23 12.27 12.30 12.34 12.37 12.40 12.43 12.45 12.46 12.46 12.46
12.94 12.86 12.78 12.69 12.60 12.50 12.40 12.30 12.19 12.08 11.96 11.84 11.72 11.61 11.57 11.55 11.56 11.55 11.55 11.55 11.54 11.55 11.54 11.54 11.54 11.54 11.54 11.54 11.55 11.54 11.54 11.55 11.55 11.55 11.56 11.56 11.57 11.57 11.59 11.59 11.60 11.60 11.62 11.62 11.64 11.66 11.66 11.68 11.70 11.70 11.72 11.74 11.75 11.78 11.80 11.82 11.83 11.86 11.88 11.91 11.94 11.96 11.98 12.01 12.04 12.07 12.10 12.13 12.16 12.19 12.22 12.26 12.30 12.32 12.35 12.36 12.36
12.95 12.88 12.79 12.71 12.62 12.53 12.44 12.34 12.24 12.13 12.02 11.90 11.79 11.67 11.56 11.51 11.50 11.49 11.48 11.49 11.48 11.48 11.48 11.48 11.48 11.47 11.47 11.48 11.48 11.47 11.48 11.48 11.48 11.49 11.49 11.50 11.50 11.51 11.51 11.52 11.52 11.53 11.54 11.55 11.55 11.57 11.58 11.59 11.60 11.62 11.63 11.65 11.67 11.68 11.70 11.72 11.74 11.76 11.77 11.80 11.82 11.84 11.87 11.89 11.92 11.95 11.97 12.00 12.03 12.06 12.09 12.12 12.15 12.18 12.20 12.23 12.26
12.97 12.90 12.82 12.74 12.66 12.57 12.48 12.39 12.29 12.18 12.08 11.97 11.85 11.73 11.61 11.50 11.45 11.44 11.43 11.42 11.42 11.41 11.42 11.41 11.41 11.41 11.41 11.41 11.41 11.41 11.41 11.42 11.42 11.41 11.42 11.42 11.43 11.43 11.44 11.44 11.45 11.45 11.46 11.47 11.48 11.48 11.50 11.51 11.51 11.53 11.55 11.55 11.57 11.59 11.59 11.61 11.63 11.65 11.67 11.68 11.71 11.73 11.75 11.77 11.80 11.82 11.85 11.87 11.90 11.92 11.95 11.98 12.00 12.03 12.05 12.09 12.12
12.98 12.91 12.84 12.76 12.68 12.60 12.51 12.42 12.32 12.23 12.12 12.02 11.91 11.79 11.68 11.56 11.45 11.39 11.36 11.37 11.36 11.36 11.35 11.35 11.35 11.35 11.34 11.35 11.35 11.34 11.35 11.35 11.34 11.35 11.35 11.36 11.36 11.36 11.36 11.37 11.37 11.38 11.38 11.39 11.40 11.41 11.41 11.42 11.44 11.44 11.45 11.47 11.47 11.49 11.51 11.52 11.53 11.55 11.57 11.59 11.61 11.62 11.64 11.66 11.68 11.70 11.72 11.75 11.77 11.79 11.82 11.84 11.86 11.89 11.92 11.94 11.97
12.99 12.92 12.86 12.78 12.71 12.62 12.54 12.46 12.37 12.27 12.18 12.07 11.97 11.86 11.74 11.62 11.50 11.40 11.33 11.30 11.30 11.29 11.30 11.29 11.29 11.29 11.29 11.28 11.28 11.28 11.28 11.29 11.28 11.28 11.29 11.28 11.29 11.29 11.29 11.30 11.29 11.30 11.30 11.31 11.32 11.32 11.34 11.34 11.35 11.36 11.36 11.38 11.39 11.40 11.41 11.43 11.44 11.46 11.46 11.48 11.50 11.52 11.54 11.55 11.57 11.59 11.61 11.62 11.64 11.66 11.70 11.72 11.74 11.76 11.78 11.80 11.82
13.00 12.93 12.87 12.80 12.72 12.65 12.57 12.48 12.40 12.31 12.22 12.12 12.02 11.92 11.81 11.70 11.58 11.46 11.34 11.26 11.24 11.23 11.23 11.22 11.23 11.22 11.22 11.22 11.22 11.21 11.22 11.22 11.21 11.22 11.21 11.22 11.22 11.21 11.22 11.22 11.23 11.23 11.23 11.23 11.24 11.25 11.25 11.26 11.27 11.27 11.29 11.29 11.30 11.31 11.33 11.33 11.34 11.36 11.37 11.39 11.39 11.41 11.43 11.44 11.46 11.48 11.50 11.51 11.53 11.55 11.57 11.59 11.61 11.63 11.65 11.66 11.69
13.01 12.95 12.88 12.80 12.74 12.66 12.60 12.52 12.44 12.35 12.26 12.17 12.07 11.97 11.86 11.75 11.64 11.53 11.41 11.29 11.20 11.18 11.17 11.17 11.16 11.16 11.16 11.15 11.15 11.15 11.15 11.14 11.15 11.15 11.15 11.15 11.14 11.15 11.15 11.15 11.15 11.16 11.16 11.16 11.17 11.17 11.18 11.18 11.19 11.20 11.20 11.21 11.22 11.22 11.23 11.25 11.26 11.26 11.27 11.29 11.30 11.32 11.33 11.35 11.35 11.37 11.38 11.40 11.42 11.43 11.45 11.46 11.49 11.51 11.52 11.54 11.56
13.00 12.95 12.89 12.82 12.75 12.69 12.61 12.54 12.46 12.38 12.29 12.20 12.12 12.02 11.92 11.82 11.71 11.60 11.48 11.37 11.25 11.15 11.11 11.11 11.10 11.10 11.09 11.10 11.09 11.09 11.09 11.09 11.08 11.09 11.08 11.09 11.08 11.09 11.08 11.08 11.09 11.09 11.09 11.10 11.09 11.10 11.10 11.11 11.12 11.11 11.12 11.12 11.13 11.14 11.15 11.15 11.17 11.18 11.19 11.20 11.20 11.22 11.23 11.24 11.25 11.27 11.28 11.30 11.31 11.33 11.34 11.35 11.37 11.38 11.40 11.41 11.43
13.01 12.95 12.90 12.84 12.77 12.71 12.64 12.57 12.49 12.41 12.33 12.25 12.16 12.06 11.97 11.87 11.78 11.67 11.55 11.44 11.31 11.20 11.10 11.05 11.04 11.04 11.04 11.03 11.03 11.03 11.02 11.03 11.02 11.01 11.02 11.01 11.02 11.01 11.02 11.01 11.02 11.02 11.02 11.02 11.02 11.02 11.03 11.04 11.03 11.04 11.04 11.05 11.06 11.06 11.06 11.07 11.08 11.08 11.09 11.10 11.12 11.13 11.14 11.14 11.15 11.16 11.18 11.19 11.20 11.21 11.23 11.24 11.25 11.26 11.29 11.30 11.31
