datasets/raw/temp/2019111820191118.grid
ncols 886
nrows 691
xllcenter 112.0000
yllcenter -44.5000
cellsize 0.0500
nodata_value 99999.90
[rows 476 to 509 of 691, columns 385 to 461 of 886]
34.54 34.52 34.50 34.47 34.44 34.40 34.37 34.33 34.29 34.25 34.21 34.17 34.14 34.10 34.06 34.02 33.99 33.96 33.93 33.90 33.88 33.85 33.83 33.82 33.80 33.79 33.77 33.77 33.76 33.76 33.76 33.76 33.76 33.77 33.77 33.77 33.78 33.79 33.79 33.81 33.81 33.82 33.82 33.82 33.81 33.80 33.78 33.76 33.72 33.68 33.61 33.54 33.45 33.34 33.21 33.07 32.90 32.72 32.53 32.37 32.33 32.37 32.42 32.47 32.53 32.60 32.67 32.74 32.82 32.92 33.02 33.15 33.30 33.49 33.72 33.99 34.26
34.38 34.38 34.36 34.34 34.30 34.27 34.24 34.19 34.16 34.12 34.09 34.04 34.00 33.97 33.93 33.90 33.87 33.84 33.81 33.79 33.76 33.74 33.72 33.70 33.69 33.67 33.67 33.65 33.65 33.65 33.65 33.65 33.65 33.66 33.66 33.67 33.68 33.69 33.70 33.70 33.71 33.71 33.72 33.72 33.72 33.70 33.69 33.67 33.63 33.59 33.54 33.47 33.38 33.28 33.17 33.03 32.88 32.70 32.52 32.32 32.19 32.19 32.24 32.28 32.35 32.42 32.49 32.57 32.66 32.75 32.87 33.01 33.16 33.35 33.57 33.81 34.07
34.22 34.22 34.21 34.19 34.17 34.13 34.10 34.06 34.03 33.99 33.95 33.91 33.88 33.85 33.81 33.78 33.75 33.72 33.69 33.67 33.64 33.62 33.60 33.59 33.58 33.57 33.55 33.55 33.55 33.55 33.54 33.54 33.54 33.55 33.56 33.57 33.57 33.58 33.59 33.60 33.61 33.61 33.61 33.62 33.62 33.62 33.60 33.58 33.55 33.51 33.47 33.39 33.32 33.23 33.12 32.99 32.85 32.68 32.51 32.32 32.14 32.05 32.07 32.13 32.19 32.25 32.33 32.41 32.51 32.61 32.74 32.88 33.04 33.22 33.43 33.66 33.91
34.06 34.06 34.05 34.04 34.03 34.00 33.97 33.93 33.90 33.87 33.82 33.79 33.75 33.72 33.69 33.66 33.62 33.60 33.58 33.55 33.53 33.51 33.49 33.47 33.47 33.45 33.45 33.44 33.44 33.44 33.44 33.44 33.44 33.44 33.45 33.45 33.47 33.48 33.48 33.49 33.50 33.51 33.51 33.53 33.52 33.52 33.51 33.49 33.46 33.43 33.38 33.33 33.26 33.17 33.08 32.96 32.83 32.68 32.52 32.34 32.16 31.99 31.94 31.98 32.04 32.11 32.19 32.28 32.38 32.49 32.62 32.76 32.92 33.11 33.32 33.53 33.77
33.90 33.90 33.90 33.89 33.87 33.86 33.83 33.80 33.77 33.73 33.70 33.66 33.63 33.59 33.56 33.54 33.51 33.49 33.46 33.44 33.42 33.40 33.38 33.37 33.35 33.35 33.34 33.34 33.32 33.33 33.33 33.33 33.33 33.33 33.35 33.35 33.37 33.37 33.38 33.40 33.40 33.41 33.41 33.42 33.42 33.42 33.42 33.40 33.39 33.35 33.31 33.26 33.20 33.13 33.03 32.93 32.81 32.67 32.53 32.37 32.20 32.03 31.88 31.86 31.91 31.98 32.07 32.16 32.27 32.38 32.52 32.66 32.84 33.02 33.22 33.43 33.66
33.74 33.74 33.75 33.74 33.72 33.72 33.69 33.67 33.64 33.60 33.57 33.54 33.51 33.47 33.44 33.42 33.39 33.37 33.34 33.32 33.31 33.28 33.26 33.26 33.25 33.23 33.22 33.22 33.22 33.22 33.22 33.22 33.22 33.23 33.24 33.25 33.25 33.27 33.27 33.29 33.30 33.30 33.31 33.32 33.32 33.32 33.32 33.30 33.30 33.27 33.23 33.20 33.14 33.08 32.99 32.90 32.80 32.68 32.54 32.40 32.25 32.10 31.94 31.82 31.80 31.87 31.96 32.06 32.18 32.30 32.43 32.59 32.76 32.94 33.14 33.36 33.58
33.59 33.59 33.60 33.59 33.57 33.57 33.55 33.54 33.51 33.47 33.44 33.41 33.38 33.35 33.32 33.30 33.27 33.25 33.23 33.21 33.19 33.17 33.16 33.14 33.13 33.13 33.12 33.11 33.11 33.12 33.11 33.11 33.12 33.12 33.13 33.15 33.15 33.16 33.17 33.18 33.19 33.21 33.21 33.22 33.22 33.23 33.23 33.22 33.20 33.18 33.15 33.13 33.08 33.02 32.96 32.87 32.79 32.68 32.57 32.43 32.30 32.17 32.02 31.88 31.79 31.79 31.87 31.98 32.10 32.23 32.37 32.53 32.71 32.89 33.10 33.30 33.52
33.44 33.44 33.45 33.44 33.43 33.42 33.41 33.40 33.38 33.35 33.32 33.29 33.26 33.23 33.20 33.19 33.16 33.13 33.12 33.10 33.08 33.06 33.05 33.04 33.03 33.02 33.01 33.01 33.00 33.01 33.01 33.01 33.01 33.02 33.03 33.03 33.05 33.06 33.06 33.08 33.09 33.10 33.11 33.12 33.13 33.13 33.13 33.13 33.12 33.11 33.08 33.05 33.01 32.96 32.91 32.84 32.76 32.68 32.57 32.47 32.36 32.24 32.12 32.00 31.88 31.81 31.82 31.92 32.04 32.18 32.33 32.50 32.68 32.86 33.07 33.27 33.49
33.30 33.30 33.30 33.29 33.28 33.28 33.26 33.25 33.24 33.22 33.20 33.17 33.14 33.11 33.09 33.07 33.04 33.02 33.00 32.98 32.97 32.95 32.94 32.93 32.92 32.91 32.91 32.90 32.90 32.90 32.90 32.91 32.91 32.91 32.92 32.93 32.94 32.96 32.97 32.97 32.99 33.00 33.01 33.01 33.03 33.03 33.03 33.03 33.03 33.02 33.00 32.98 32.95 32.91 32.87 32.81 32.74 32.67 32.59 32.50 32.40 32.30 32.20 32.11 32.01 31.92 31.87 31.89 32.00 32.16 32.31 32.48 32.66 32.86 33.05 33.25 33.46
33.15 33.15 33.16 33.15 33.15 33.14 33.12 33.12 33.11 33.09 33.07 33.05 33.02 32.99 32.97 32.95 32.93 32.91 32.89 32.87 32.86 32.85 32.83 32.82 32.81 32.80 32.81 32.80 32.79 32.80 32.80 32.80 32.81 32.81 32.82 32.83 32.84 32.85 32.86 32.87 32.88 32.90 32.91 32.91 32.93 32.94 32.93 32.94 32.94 32.93 32.92 32.91 32.89 32.85 32.82 32.77 32.72 32.66 32.59 32.52 32.44 32.36 32.28 32.20 32.13 32.06 32.00 31.97 32.02 32.14 32.31 32.48 32.67 32.86 33.06 33.26 33.46
33.01 33.02 33.02 33.01 33.01 33.00 33.00 32.98 32.97 32.95 32.94 32.92 32.90 32.88 32.85 32.83 32.82 32.79 32.78 32.76 32.75 32.73 32.72 32.71 32.71 32.70 32.69 32.69 32.70 32.69 32.70 32.70 32.71 32.72 32.72 32.72 32.74 32.75 32.76 32.77 32.78 32.79 32.80 32.82 32.82 32.84 32.84 32.85 32.85 32.84 32.84 32.83 32.81 32.79 32.76 32.72 32.68 32.64 32.59 32.53 32.47 32.41 32.34 32.28 32.23 32.17 32.14 32.11 32.11 32.18 32.32 32.50 32.68 32.88 33.07 33.27 33.47
32.89 32.89 32.88 32.88 32.88 32.87 32.86 32.85 32.84 32.83 32.81 32.80 32.78 32.76 32.74 32.72 32.70 32.68 32.67 32.65 32.64 32.62 32.62 32.61 32.60 32.60 32.59 32.59 32.59 32.60 32.59 32.60 32.60 32.61 32.61 32.62 32.63 32.64 32.66 32.67 32.68 32.69 32.71 32.71 32.72 32.74 32.74 32.75 32.76 32.75 32.75 32.75 32.74 32.72 32.71 32.67 32.65 32.61 32.57 32.53 32.48 32.43 32.39 32.34 32.31 32.27 32.25 32.24 32.25 32.28 32.37 32.54 32.72 32.91 33.11 33.30 33.49
32.75 32.75 32.75 32.75 32.74 32.73 32.73 32.71 32.71 32.70 32.69 32.67 32.66 32.64 32.62 32.61 32.59 32.57 32.55 32.54 32.53 32.52 32.51 32.51 32.49 32.49 32.49 32.49 32.49 32.49 32.49 32.50 32.50 32.51 32.51 32.52 32.53 32.54 32.56 32.57 32.58 32.59 32.60 32.61 32.63 32.63 32.64 32.65 32.65 32.66 32.67 32.66 32.65 32.65 32.64 32.62 32.60 32.57 32.54 32.51 32.49 32.45 32.42 32.39 32.37 32.35 32.34 32.35 32.36 32.40 32.47 32.60 32.77 32.95 33.15 33.33 33.51
32.61 32.62 32.62 32.62 32.61 32.61 32.60 32.59 32.58 32.57 32.56 32.55 32.54 32.53 32.51 32.50 32.48 32.46 32.45 32.44 32.42 32.41 32.41 32.40 32.39 32.39 32.39 32.38 32.38 32.39 32.39 32.39 32.40 32.40 32.42 32.42 32.43 32.44 32.46 32.47 32.47 32.49 32.50 32.51 32.52 32.53 32.55 32.55 32.56 32.57 32.58 32.57 32.58 32.57 32.56 32.55 32.54 32.53 32.51 32.49 32.47 32.44 32.43 32.41 32.40 32.40 32.40 32.42 32.46 32.50 32.58 32.68 32.82 33.00 33.18 33.36 33.54
32.44 32.48 32.49 32.49 32.48 32.48 32.47 32.47 32.46 32.45 32.44 32.43 32.42 32.41 32.40 32.39 32.37 32.35 32.35 32.33 32.32 32.31 32.31 32.29 32.29 32.29 32.29 32.29 32.29 32.29 32.29 32.30 32.30 32.30 32.31 32.33 32.33 32.34 32.36 32.36 32.37 32.38 32.40 32.41 32.42 32.44 32.45 32.45 32.47 32.47 32.49 32.48 32.49 32.48 32.48 32.48 32.48 32.47 32.46 32.44 32.44 32.42 32.42 32.41 32.41 32.42 32.44 32.47 32.52 32.58 32.66 32.75 32.90 33.06 33.22 33.39 33.55
32.25 32.31 32.35 32.36 32.37 32.36 32.36 32.34 32.34 32.32 32.31 32.31 32.30 32.29 32.29 32.28 32.26 32.25 32.24 32.23 32.21 32.21 32.21 32.19 32.19 32.19 32.19 32.18 32.19 32.19 32.19 32.19 32.20 32.21 32.21 32.23 32.23 32.24 32.26 32.26 32.27 32.29 32.30 32.31 32.32 32.33 32.34 32.35 32.37 32.38 32.39 32.39 32.40 32.40 32.41 32.41 32.40 32.40 32.40 32.40 32.39 32.40 32.39 32.40 32.41 32.43 32.45 32.49 32.55 32.62 32.70 32.82 32.95 33.11 33.27 33.42 33.58
32.04 32.11 32.18 32.23 32.24 32.23 32.23 32.22 32.21 32.21 32.19 32.19 32.18 32.17 32.17 32.16 32.15 32.14 32.14 32.12 32.11 32.11 32.10 32.09 32.09 32.08 32.08 32.08 32.08 32.09 32.09 32.10 32.10 32.11 32.11 32.12 32.13 32.14 32.15 32.16 32.17 32.19 32.20 32.20 32.22 32.24 32.25 32.26 32.27 32.28 32.29 32.30 32.30 32.31 32.32 32.32 32.32 32.33 32.33 32.33 32.33 32.34 32.35 32.36 32.38 32.41 32.44 32.48 32.55 32.63 32.72 32.83 32.98 33.13 33.30 33.45 33.59
31.85 31.91 31.99 32.06 32.10 32.12 32.11 32.11 32.09 32.09 32.08 32.08 32.06 32.06 32.05 32.05 32.04 32.04 32.03 32.02 32.01 32.00 31.99 31.99 31.99 31.98 31.99 31.99 31.99 31.99 31.99 32.00 32.00 32.01 32.02 32.02 32.04 32.04 32.06 32.06 32.08 32.09 32.09 32.11 32.12 32.13 32.14 32.16 32.17 32.18 32.19 32.20 32.21 32.22 32.22 32.23 32.24 32.25 32.26 32.26 32.27 32.28 32.29 32.31 32.34 32.37 32.40 32.46 32.52 32.61 32.71 32.83 32.97 33.13 33.31 33.47 33.60
31.66 31.73 31.80 31.87 31.94 31.98 32.00 31.99 31.99 31.97 31.97 31.96 31.96 31.95 31.95 31.93 31.94 31.93 31.93 31.92 31.90 31.90 31.89 31.89 31.90 31.89 31.89 31.89 31.89 31.90 31.90 31.91 31.91 31.91 31.92 31.92 31.94 31.94 31.96 31.96 31.98 31.99 32.00 32.01 32.02 32.04 32.05 32.06 32.07 32.08 32.09 32.10 32.11 32.12 32.13 32.14 32.15 32.16 32.17 32.18 32.19 32.20 32.22 32.25 32.27 32.31 32.35 32.41 32.48 32.57 32.66 32.78 32.93 33.08 33.28 33.46 33.60
31.48 31.54 31.61 31.68 31.75 31.83 31.87 31.88 31.87 31.87 31.85 31.85 31.84 31.84 31.83 31.83 31.83 31.83 31.82 31.81 31.81 31.80 31.80 31.80 31.80 31.79 31.79 31.80 31.79 31.79 31.80 31.80 31.81 31.81 31.83 31.83 31.84 31.85 31.86 31.86 31.88 31.88 31.90 31.91 31.92 31.93 31.94 31.95 31.97 31.98 31.99 32.00 32.02 32.02 32.03 32.05 32.05 32.07 32.08 32.08 32.10 32.12 32.15 32.17 32.19 32.24 32.28 32.34 32.41 32.49 32.60 32.71 32.85 33.01 33.20 33.40 33.58
31.30 31.37 31.44 31.50 31.57 31.64 31.70 31.75 31.76 31.75 31.75 31.73 31.73 31.73 31.72 31.72 31.72 31.72 31.71 31.71 31.71 31.71 31.70 31.70 31.70 31.70 31.70 31.69 31.70 31.70 31.71 31.71 31.72 31.72 31.73 31.73 31.74 31.75 31.76 31.76 31.78 31.79 31.80 31.81 31.82 31.83 31.85 31.86 31.87 31.88 31.89 31.90 31.91 31.92 31.93 31.95 31.95 31.97 31.98 31.99 32.01 32.03 32.05 32.08 32.11 32.15 32.19 32.25 32.32 32.40 32.50 32.61 32.76 32.91 33.08 33.29 33.49
31.14 31.20 31.26 31.33 31.39 31.46 31.53 31.59 31.64 31.64 31.64 31.63 31.63 31.62 31.61 31.61 31.61 31.61 31.62 31.62 31.61 31.61 31.61 31.60 31.61 31.60 31.61 31.60 31.60 31.61 31.61 31.61 31.62 31.62 31.64 31.64 31.65 31.65 31.66 31.67 31.68 31.70 31.70 31.72 31.72 31.73 31.75 31.75 31.76 31.77 31.79 31.80 31.81 31.82 31.83 31.84 31.85 31.86 31.88 31.89 31.91 31.93 31.95 31.98 32.01 32.04 32.10 32.15 32.22 32.29 32.39 32.50 32.63 32.78 32.95 33.14 33.35
30.98 31.04 31.09 31.15 31.21 31.29 31.35 31.43 31.49 31.53 31.53 31.52 31.52 31.52 31.51 31.51 31.51 31.51 31.51 31.51 31.51 31.51 31.51 31.51 31.51 31.51 31.51 31.51 31.51 31.52 31.51 31.52 31.52 31.53 31.54 31.54 31.55 31.55 31.57 31.58 31.58 31.60 31.60 31.62 31.62 31.64 31.64 31.65 31.66 31.68 31.69 31.69 31.70 31.71 31.72 31.74 31.75 31.76 31.78 31.78 31.80 31.82 31.84 31.87 31.90 31.94 31.98 32.03 32.10 32.17 32.26 32.36 32.49 32.62 32.78 32.96 33.16
30.81 30.87 30.93 30.99 31.05 31.11 31.18 31.25 31.32 31.38 31.42 31.42 31.42 31.41 31.41 31.41 31.41 31.40 31.40 31.41 31.41 31.42 31.42 31.41 31.42 31.41 31.42 31.41 31.42 31.43 31.42 31.43 31.43 31.44 31.45 31.45 31.46 31.47 31.47 31.48 31.49 31.50 31.50 31.52 31.52 31.54 31.54 31.55 31.57 31.57 31.58 31.59 31.60 31.61 31.62 31.63 31.64 31.65 31.67 31.68 31.69 31.71 31.73 31.75 31.78 31.82 31.86 31.91 31.97 32.04 32.12 32.22 32.33 32.45 32.60 32.76 32.95
30.66 30.72 30.77 30.83 30.89 30.95 31.01 31.08 31.15 31.22 31.29 31.31 31.31 31.31 31.30 31.30 31.30 31.30 31.30 31.30 31.31 31.32 31.32 31.32 31.32 31.32 31.33 31.32 31.33 31.33 31.33 31.34 31.34 31.35 31.35 31.35 31.36 31.37 31.38 31.39 31.39 31.40 31.40 31.42 31.42 31.44 31.44 31.45 31.46 31.47 31.48 31.48 31.49 31.50 31.51 31.52 31.53 31.54 31.55 31.57 31.58 31.59 31.62 31.63 31.66 31.70 31.73 31.77 31.83 31.89 31.97 32.05 32.15 32.27 32.40 32.54 32.72
30.51 30.56 30.62 30.68 30.73 30.80 30.85 30.91 30.99 31.05 31.13 31.19 31.20 31.21 31.21 31.21 31.21 31.21 31.21 31.21 31.21 31.21 31.22 31.23 31.23 31.23 31.23 31.23 31.24 31.23 31.24 31.25 31.24 31.25 31.26 31.26 31.27 31.28 31.28 31.29 31.29 31.30 31.32 31.32 31.32 31.34 31.34 31.35 31.36 31.37 31.37 31.38 31.39 31.39 31.40 31.41 31.42 31.43 31.44 31.45 31.47 31.48 31.49 31.52 31.54 31.57 31.60 31.64 31.68 31.74 31.81 31.89 31.98 32.07 32.19 32.32 32.47
30.37 30.42 30.47 30.52 30.58 30.64 30.70 30.76 30.83 30.89 30.97 31.03 31.09 31.11 31.10 31.10 31.10 31.10 31.10 31.11 31.11 31.11 31.12 31.13 31.14 31.14 31.14 31.14 31.15 31.14 31.15 31.16 31.16 31.16 31.17 31.18 31.17 31.19 31.19 31.20 31.21 31.21 31.22 31.22 31.22 31.24 31.24 31.24 31.26 31.26 31.27 31.27 31.28 31.29 31.30 31.30 31.31 31.32 31.33 31.33 31.34 31.35 31.38 31.39 31.41 31.44 31.46 31.49 31.54 31.58 31.64 31.71 31.79 31.88 31.98 32.09 32.21
30.23 30.28 30.33 30.38 30.43 30.49 30.54 30.61 30.66 30.73 30.80 30.87 30.95 30.99 31.01 31.01 31.01 31.00 31.01 31.01 31.02 31.02 31.03 31.03 31.04 31.05 31.05 31.05 31.06 31.05 31.06 31.06 31.07 31.07 31.08 31.08 31.08 31.09 31.10 31.10 31.11 31.11 31.12 31.12 31.12 31.14 31.14 31.14 31.16 31.16 31.17 31.17 31.18 31.18 31.19 31.20 31.20 31.20 31.21 31.22 31.23 31.24 31.25 31.26 31.28 31.30 31.33 31.35 31.39 31.43 31.48 31.54 31.60 31.67 31.76 31.86 31.96
30.08 30.13 30.19 30.24 30.28 30.33 30.39 30.45 30.51 30.57 30.64 30.70 30.78 30.85 30.89 30.90 30.91 30.91 30.91 30.91 30.92 30.92 30.93 30.93 30.95 30.96 30.96 30.96 30.97 30.97 30.97 30.98 30.98 30.98 30.98 30.99 30.99 31.00 31.01 31.00 31.01 31.01 31.03 31.03 31.03 31.04 31.04 31.04 31.05 31.06 31.06 31.07 31.07 31.08 31.08 31.08 31.09 31.10 31.09 31.10 31.11 31.12 31.13 31.14 31.15 31.17 31.19 31.21 31.24 31.27 31.31 31.36 31.42 31.48 31.55 31.63 31.71
29.95 30.00 30.04 30.10 30.15 30.19 30.24 30.30 30.36 30.42 30.48 30.55 30.62 30.69 30.76 30.80 30.81 30.81 30.81 30.81 30.81 30.82 30.82 30.84 30.85 30.86 30.87 30.88 30.88 30.88 30.88 30.89 30.89 30.90 30.89 30.90 30.91 30.91 30.91 30.91 30.92 30.92 30.93 30.93 30.93 30.94 30.94 30.95 30.95 30.95 30.95 30.96 30.96 30.97 30.97 30.98 30.97 30.98 30.99 30.98 30.99 31.00 31.01 31.01 31.02 31.03 31.05 31.06 31.09 31.11 31.15 31.18 31.23 31.28 31.33 31.39 31.47
29.83 29.87 29.91 29.96 30.01 30.06 30.10 30.16 30.21 30.28 30.33 30.40 30.46 30.53 30.61 30.67 30.71 30.72 30.72 30.72 30.72 30.73 30.73 30.74 30.75 30.76 30.78 30.79 30.79 30.80 30.80 30.80 30.80 30.81 30.80 30.81 30.81 30.81 30.82 30.82 30.83 30.83 30.84 30.83 30.83 30.85 30.85 30.85 30.85 30.85 30.85 30.86 30.86 30.86 30.86 30.86 30.87 30.86 30.87 30.87 30.87 30.88 30.88 30.88 30.89 30.89 30.90 30.92 30.94 30.96 30.98 31.01 31.04 31.08 31.12 31.18 31.23
29.70 29.74 29.78 29.83 29.87 29.92 29.97 30.01 30.07 30.12 30.19 30.24 30.31 30.38 30.45 30.53 30.59 30.62 30.62 30.62 30.62 30.63 30.63 30.64 30.65 30.67 30.68 30.69 30.70 30.71 30.71 30.72 30.71 30.72 30.72 30.72 30.72 30.73 30.73 30.74 30.73 30.73 30.74 30.74 30.74 30.75 30.75 30.75 30.75 30.75 30.75 30.76 30.75 30.75 30.76 30.76 30.75 30.76 30.75 30.76 30.75 30.76 30.75 30.76 30.76 30.76 30.77 30.77 30.79 30.81 30.82 30.84 30.86 30.89 30.92 30.96 31.00
29.57 29.62 29.66 29.70 29.74 29.78 29.83 29.88 29.93 29.98 30.04 30.10 30.16 30.22 30.29 30.37 30.44 30.51 30.53 30.53 30.53 30.54 30.54 30.55 30.56 30.57 30.58 30.59 30.61 30.62 30.62 30.63 30.62 30.63 30.63 30.63 30.63 30.64 30.64 30.64 30.64 30.64 30.65 30.64 30.64 30.64 30.65 30.65 30.65 30.65 30.64 30.65 30.65 30.65 30.64 30.64 30.64 30.64 30.64 30.64 30.63 30.64 30.63 30.63 30.63 30.63 30.63 30.64 30.64 30.65 30.66 30.68 30.69 30.71 30.73 30.76 30.78
29.45 29.49 29.54 29.57 29.61 29.65 29.70 29.75 29.79 29.85 29.89 29.95 30.01 30.07 30.14 30.21 30.29 30.36 30.42 30.43 30.43 30.44 30.44 30.45 30.46 30.47 30.49 30.50 30.51 30.52 30.54 30.54 30.54 30.54 30.54 30.55 30.54 30.55 30.54 30.55 30.55 30.55 30.55 30.55 30.55 30.55 30.55 30.55 30.55 30.55 30.55 30.55 30.54 30.54 30.54 30.53 30.54 30.53 30.52 30.52 30.52 30.51 30.51 30.51 30.50 30.51 30.50 30.50 30.50 30.50 30.50 30.51 30.52 30.53 30.54 30.56 30.58
