datasets/raw/temp/2019112220191122.grid
ncols 886
nrows 691
xllcenter 112.0000
yllcenter -44.5000
cellsize 0.0500
nodata_value 99999.90
[rows 136 to 169 of 691, columns 693 to 769 of 886]
30.48 30.36 30.18 29.98 29.81 29.63 29.46 29.30 29.14 28.97 28.81 28.63 28.46 28.28 28.10 27.91 27.75 27.63 27.55 27.47 27.41 27.33 27.26 27.19 27.11 27.04 26.97 26.90 26.83 26.75 26.69 26.61 26.54 26.46 26.41 26.41 26.44 26.48 26.51 26.54 26.56 26.57 26.58 26.59 26.59 26.59 26.57 26.56 26.55 26.53 26.51 26.49 26.47 26.46 26.44 26.41 26.40 26.39 26.38 26.37 26.36 26.37 26.37 26.38 26.38 26.39 26.41 26.42 26.45 26.47 26.49 26.53 26.56 26.59 26.62 26.66 26.70
30.46 30.36 30.21 30.03 29.84 29.66 29.50 29.34 29.18 29.02 28.86 28.69 28.52 28.35 28.18 27.99 27.82 27.66 27.56 27.48 27.41 27.34 27.27 27.19 27.13 27.05 26.98 26.91 26.84 26.77 26.69 26.62 26.55 26.48 26.42 26.43 26.45 26.48 26.50 26.53 26.55 26.56 26.57 26.57 26.58 26.58 26.56 26.55 26.54 26.53 26.51 26.49 26.47 26.46 26.44 26.43 26.40 26.40 26.38 26.38 26.37 26.37 26.37 26.37 26.38 26.38 26.41 26.42 26.44 26.46 26.49 26.52 26.55 26.58 26.62 26.65 26.68
30.44 30.34 30.23 30.06 29.88 29.70 29.53 29.38 29.21 29.06 28.90 28.75 28.58 28.42 28.25 28.09 27.92 27.75 27.60 27.50 27.42 27.35 27.27 27.20 27.14 27.06 26.98 26.91 26.84 26.77 26.70 26.63 26.55 26.48 26.44 26.44 26.46 26.48 26.50 26.51 26.53 26.54 26.54 26.55 26.56 26.55 26.55 26.54 26.53 26.52 26.50 26.49 26.47 26.46 26.44 26.42 26.41 26.39 26.39 26.38 26.37 26.37 26.37 26.37 26.37 26.38 26.39 26.41 26.44 26.45 26.48 26.51 26.54 26.58 26.60 26.64 26.68
30.42 30.33 30.23 30.09 29.91 29.74 29.57 29.41 29.25 29.10 28.95 28.80 28.65 28.49 28.33 28.18 28.02 27.86 27.70 27.55 27.44 27.35 27.28 27.21 27.13 27.07 26.99 26.92 26.85 26.78 26.70 26.63 26.56 26.49 26.44 26.45 26.45 26.45 26.47 26.47 26.49 26.50 26.51 26.52 26.52 26.52 26.52 26.51 26.51 26.51 26.50 26.48 26.47 26.45 26.44 26.42 26.42 26.40 26.39 26.39 26.38 26.36 26.37 26.37 26.37 26.38 26.39 26.41 26.43 26.45 26.47 26.50 26.53 26.56 26.59 26.63 26.66
30.39 30.30 30.21 30.11 29.95 29.77 29.61 29.45 29.30 29.15 29.00 28.85 28.71 28.56 28.41 28.26 28.11 27.96 27.81 27.66 27.52 27.39 27.30 27.21 27.14 27.07 27.00 26.93 26.86 26.79 26.71 26.64 26.57 26.49 26.45 26.42 26.42 26.42 26.42 26.44 26.44 26.46 26.46 26.47 26.48 26.49 26.50 26.49 26.50 26.49 26.49 26.48 26.47 26.45 26.44 26.43 26.42 26.41 26.40 26.39 26.38 26.38 26.38 26.37 26.37 26.39 26.39 26.41 26.43 26.44 26.48 26.49 26.52 26.56 26.59 26.62 26.66
30.36 30.29 30.20 30.11 29.98 29.81 29.64 29.48 29.34 29.19 29.05 28.91 28.77 28.63 28.49 28.35 28.20 28.06 27.91 27.77 27.63 27.49 27.37 27.25 27.16 27.08 27.00 26.93 26.86 26.79 26.71 26.64 26.58 26.50 26.43 26.39 26.38 26.37 26.36 26.37 26.38 26.39 26.40 26.42 26.43 26.44 26.45 26.46 26.46 26.47 26.47 26.47 26.46 26.46 26.44 26.43 26.43 26.42 26.41 26.40 26.39 26.38 26.38 26.37 26.39 26.39 26.40 26.41 26.43 26.44 26.47 26.50 26.53 26.55 26.58 26.62 26.65
30.34 30.26 30.19 30.09 29.99 29.84 29.67 29.52 29.37 29.23 29.09 28.96 28.83 28.69 28.56 28.42 28.29 28.15 28.01 27.87 27.73 27.59 27.46 27.33 27.21 27.10 27.01 26.94 26.87 26.79 26.72 26.65 26.58 26.51 26.44 26.38 26.33 26.30 26.30 26.30 26.31 26.32 26.33 26.35 26.37 26.39 26.41 26.43 26.44 26.44 26.45 26.45 26.46 26.45 26.44 26.43 26.43 26.42 26.42 26.40 26.39 26.39 26.38 26.39 26.39 26.39 26.40 26.42 26.43 26.45 26.47 26.49 26.52 26.55 26.58 26.61 26.65
30.31 30.23 30.16 30.09 29.99 29.86 29.71 29.55 29.41 29.27 29.13 29.00 28.88 28.74 28.62 28.49 28.36 28.23 28.09 27.95 27.82 27.68 27.55 27.41 27.28 27.15 27.03 26.94 26.87 26.80 26.73 26.66 26.59 26.52 26.45 26.39 26.32 26.26 26.22 26.21 26.22 26.23 26.25 26.28 26.30 26.33 26.36 26.38 26.40 26.42 26.43 26.44 26.45 26.45 26.44 26.44 26.43 26.42 26.42 26.41 26.41 26.40 26.40 26.39 26.39 26.40 26.40 26.42 26.43 26.45 26.47 26.49 26.51 26.54 26.58 26.61 26.64
30.29 30.21 30.15 30.07 29.99 29.89 29.74 29.58 29.44 29.30 29.17 29.05 28.92 28.80 28.67 28.55 28.43 28.30 28.16 28.04 27.90 27.75 27.62 27.47 27.33 27.20 27.06 26.96 26.88 26.81 26.74 26.67 26.60 26.53 26.46 26.40 26.33 26.26 26.21 26.15 26.13 26.13 26.17 26.19 26.23 26.27 26.30 26.33 26.36 26.39 26.41 26.43 26.44 26.44 26.44 26.44 26.44 26.43 26.43 26.43 26.41 26.41 26.40 26.40 26.41 26.41 26.41 26.42 26.44 26.45 26.48 26.50 26.52 26.55 26.58 26.60 26.64
30.26 30.20 30.13 30.06 29.98 29.90 29.76 29.61 29.47 29.33 29.21 29.09 28.96 28.85 28.73 28.61 28.49 28.36 28.23 28.10 27.96 27.82 27.67 27.52 27.37 27.23 27.08 26.96 26.89 26.82 26.75 26.69 26.62 26.55 26.48 26.42 26.35 26.28 26.22 26.15 26.10 26.06 26.07 26.10 26.14 26.20 26.24 26.28 26.32 26.35 26.38 26.42 26.43 26.44 26.45 26.45 26.45 26.45 26.44 26.44 26.43 26.42 26.42 26.42 26.42 26.42 26.43 26.44 26.44 26.45 26.48 26.50 26.52 26.55 26.57 26.61 26.63
30.24 30.18 30.11 30.04 29.98 29.89 29.79 29.64 29.50 29.37 29.24 29.12 29.00 28.89 28.77 28.66 28.54 28.41 28.28 28.15 28.01 27.87 27.71 27.56 27.40 27.25 27.10 26.97 26.90 26.83 26.77 26.70 26.64 26.56 26.50 26.43 26.36 26.30 26.25 26.18 26.12 26.06 26.02 26.02 26.06 26.12 26.18 26.23 26.28 26.33 26.36 26.40 26.42 26.44 26.45 26.46 26.46 26.46 26.46 26.45 26.45 26.44 26.43 26.43 26.43 26.44 26.43 26.44 26.45 26.47 26.48 26.51 26.53 26.55 26.58 26.60 26.63
30.22 30.16 30.09 30.04 29.96 29.89 29.79 29.66 29.52 29.39 29.27 29.15 29.04 28.92 28.81 28.70 28.58 28.46 28.33 28.20 28.05 27.90 27.75 27.59 27.42 27.25 27.09 26.99 26.91 26.85 26.78 26.72 26.65 26.58 26.52 26.46 26.39 26.33 26.27 26.20 26.14 26.08 26.02 25.98 25.99 26.05 26.11 26.18 26.24 26.30 26.35 26.39 26.41 26.44 26.45 26.47 26.47 26.47 26.48 26.47 26.47 26.46 26.45 26.45 26.44 26.45 26.45 26.45 26.46 26.48 26.49 26.51 26.53 26.55 26.58 26.60 26.63
30.21 30.15 30.08 30.02 29.96 29.89 29.80 29.67 29.54 29.41 29.29 29.18 29.07 28.96 28.85 28.74 28.61 28.49 28.36 28.24 28.09 27.94 27.77 27.61 27.43 27.25 27.09 27.00 26.93 26.86 26.80 26.74 26.67 26.61 26.54 26.48 26.42 26.36 26.30 26.24 26.18 26.12 26.06 26.00 25.97 25.99 26.05 26.13 26.20 26.26 26.32 26.37 26.41 26.44 26.46 26.48 26.49 26.49 26.49 26.49 26.49 26.48 26.47 26.47 26.47 26.47 26.46 26.47 26.48 26.49 26.50 26.52 26.54 26.56 26.58 26.61 26.63
30.19 30.13 30.07 30.01 29.95 29.88 29.79 29.68 29.55 29.42 29.31 29.20 29.10 28.98 28.88 28.76 28.65 28.53 28.40 28.26 28.11 27.96 27.79 27.62 27.44 27.25 27.10 27.01 26.95 26.88 26.82 26.76 26.70 26.63 26.57 26.51 26.45 26.39 26.33 26.26 26.20 26.15 26.09 26.03 25.98 25.96 26.02 26.10 26.17 26.25 26.31 26.37 26.42 26.45 26.48 26.49 26.51 26.51 26.51 26.51 26.50 26.50 26.50 26.49 26.49 26.48 26.48 26.49 26.49 26.51 26.52 26.53 26.54 26.56 26.59 26.61 26.63
30.18 30.12 30.06 30.00 29.93 29.87 29.79 29.69 29.57 29.44 29.33 29.21 29.11 29.00 28.90 28.80 28.68 28.56 28.43 28.29 28.14 27.99 27.81 27.63 27.43 27.25 27.11 27.04 26.97 26.91 26.84 26.78 26.73 26.67 26.60 26.54 26.48 26.42 26.35 26.30 26.24 26.18 26.12 26.06 26.01 25.97 25.99 26.07 26.15 26.23 26.31 26.36 26.42 26.46 26.49 26.51 26.52 26.54 26.54 26.53 26.53 26.53 26.52 26.52 26.51 26.50 26.51 26.51 26.51 26.52 26.53 26.54 26.56 26.57 26.59 26.62 26.64
30.18 30.11 30.05 29.98 29.92 29.86 29.78 29.68 29.56 29.44 29.33 29.23 29.13 29.03 28.92 28.82 28.71 28.58 28.45 28.31 28.16 28.01 27.83 27.64 27.44 27.26 27.13 27.06 27.00 26.93 26.88 26.82 26.75 26.69 26.63 26.57 26.51 26.45 26.39 26.33 26.28 26.21 26.16 26.10 26.05 25.99 25.97 26.05 26.14 26.23 26.31 26.37 26.43 26.47 26.51 26.53 26.55 26.56 26.56 26.56 26.55 26.56 26.55 26.54 26.53 26.53 26.53 26.53 26.54 26.54 26.55 26.56 26.57 26.59 26.61 26.63 26.65
30.17 30.10 30.04 29.98 29.91 29.84 29.76 29.68 29.56 29.45 29.34 29.24 29.15 29.04 28.95 28.84 28.73 28.61 28.48 28.34 28.19 28.03 27.85 27.66 27.45 27.26 27.15 27.08 27.02 26.96 26.90 26.84 26.79 26.72 26.67 26.60 26.55 26.48 26.42 26.37 26.31 26.25 26.20 26.14 26.08 26.03 25.99 26.05 26.14 26.24 26.32 26.39 26.45 26.50 26.53 26.56 26.58 26.59 26.59 26.60 26.59 26.59 26.58 26.58 26.56 26.56 26.56 26.55 26.56 26.56 26.56 26.58 26.59 26.60 26.62 26.64 26.66
30.16 30.10 30.03 29.96 29.89 29.82 29.74 29.66 29.55 29.44 29.34 29.25 29.15 29.06 28.96 28.86 28.75 28.63 28.51 28.37 28.22 28.05 27.87 27.68 27.47 27.28 27.18 27.11 27.05 27.00 26.93 26.88 26.82 26.75 26.70 26.63 26.58 26.51 26.46 26.41 26.34 26.29 26.23 26.18 26.12 26.07 26.03 26.06 26.16 26.25 26.34 26.41 26.47 26.53 26.56 26.59 26.61 26.63 26.63 26.63 26.62 26.62 26.61 26.61 26.59 26.59 26.59 26.58 26.58 26.58 26.59 26.60 26.61 26.62 26.63 26.65 26.67
30.16 30.09 30.02 29.95 29.87 29.80 29.72 29.64 29.53 29.43 29.34 29.25 29.16 29.07 28.98 28.88 28.77 28.66 28.54 28.39 28.24 28.08 27.90 27.71 27.50 27.32 27.21 27.14 27.08 27.03 26.97 26.91 26.85 26.79 26.73 26.68 26.61 26.56 26.50 26.45 26.38 26.33 26.27 26.21 26.16 26.12 26.07 26.09 26.19 26.28 26.38 26.45 26.51 26.56 26.60 26.63 26.65 26.66 26.66 26.66 26.66 26.65 26.64 26.64 26.62 26.62 26.62 26.61 26.61 26.61 26.61 26.61 26.63 26.64 26.65 26.66 26.68
30.15 30.08 30.00 29.93 29.85 29.77 29.70 29.60 29.51 29.42 29.34 29.25 29.17 29.08 28.99 28.91 28.80 28.69 28.56 28.43 28.28 28.12 27.94 27.75 27.55 27.35 27.24 27.17 27.11 27.05 27.00 26.94 26.88 26.83 26.77 26.71 26.66 26.60 26.53 26.48 26.42 26.37 26.32 26.26 26.21 26.15 26.11 26.14 26.23 26.32 26.42 26.49 26.55 26.60 26.65 26.68 26.69 26.70 26.71 26.71 26.70 26.70 26.68 26.67 26.67 26.65 26.65 26.64 26.64 26.63 26.63 26.64 26.65 26.66 26.67 26.68 26.69
30.15 30.06 29.99 29.90 29.82 29.75 29.66 29.57 29.48 29.39 29.32 29.25 29.17 29.09 29.01 28.92 28.82 28.72 28.59 28.47 28.32 28.16 27.98 27.80 27.60 27.40 27.27 27.20 27.15 27.10 27.04 26.98 26.92 26.86 26.81 26.75 26.69 26.63 26.58 26.52 26.46 26.42 26.36 26.30 26.24 26.20 26.16 26.19 26.30 26.39 26.47 26.54 26.60 26.65 26.69 26.73 26.74 26.74 26.75 26.75 26.74 26.73 26.73 26.71 26.70 26.69 26.68 26.68 26.67 26.66 26.66 26.67 26.67 26.68 26.68 26.69 26.70
30.13 30.05 29.97 29.88 29.79 29.71 29.62 29.52 29.45 29.37 29.30 29.24 29.17 29.10 29.03 28.94 28.86 28.75 28.63 28.51 28.37 28.21 28.04 27.86 27.67 27.47 27.32 27.25 27.19 27.13 27.07 27.02 26.96 26.90 26.84 26.79 26.74 26.68 26.62 26.56 26.52 26.46 26.40 26.35 26.29 26.24 26.21 26.27 26.37 26.46 26.54 26.61 26.66 26.71 26.74 26.77 26.79 26.79 26.80 26.80 26.79 26.77 26.76 26.75 26.74 26.73 26.71 26.71 26.70 26.69 26.70 26.69 26.69 26.70 26.70 26.71 26.72
30.12 30.03 29.94 29.85 29.76 29.67 29.57 29.48 29.40 29.34 29.28 29.23 29.18 29.11 29.05 28.97 28.88 28.78 28.68 28.55 28.42 28.26 28.10 27.93 27.75 27.55 27.37 27.28 27.22 27.17 27.11 27.05 27.00 26.94 26.88 26.83 26.77 26.71 26.67 26.61 26.56 26.50 26.45 26.39 26.34 26.29 26.28 26.36 26.45 26.54 26.62 26.68 26.74 26.77 26.80 26.83 26.84 26.85 26.85 26.85 26.83 26.82 26.81 26.79 26.78 26.76 26.76 26.74 26.73 26.73 26.72 26.72 26.72 26.72 26.72 26.73 26.73
30.10 30.01 29.91 29.82 29.71 29.62 29.52 29.43 29.35 29.30 29.26 29.22 29.17 29.11 29.05 28.98 28.91 28.82 28.71 28.61 28.47 28.34 28.18 28.01 27.84 27.64 27.46 27.33 27.27 27.21 27.16 27.10 27.04 26.98 26.93 26.87 26.82 26.76 26.71 26.65 26.60 26.54 26.49 26.44 26.38 26.35 26.38 26.46 26.55 26.63 26.70 26.76 26.81 26.85 26.88 26.89 26.90 26.91 26.91 26.89 26.88 26.87 26.85 26.84 26.82 26.81 26.79 26.79 26.77 26.76 26.75 26.75 26.75 26.74 26.74 26.75 26.75
30.09 29.98 29.88 29.78 29.68 29.57 29.47 29.37 29.30 29.27 29.23 29.20 29.16 29.12 29.07 29.01 28.93 28.86 28.76 28.65 28.54 28.40 28.25 28.10 27.93 27.75 27.57 27.41 27.30 27.25 27.19 27.14 27.09 27.03 26.98 26.92 26.86 26.81 26.75 26.70 26.65 26.60 26.54 26.48 26.44 26.43 26.50 26.58 26.66 26.73 26.80 26.84 26.88 26.92 26.94 26.95 26.96 26.96 26.96 26.94 26.94 26.91 26.90 26.88 26.87 26.85 26.84 26.82 26.80 26.79 26.79 26.78 26.78 26.77 26.77 26.77 26.78
30.06 29.95 29.84 29.74 29.63 29.53 29.42 29.32 29.25 29.21 29.20 29.18 29.15 29.12 29.09 29.03 28.96 28.89 28.81 28.71 28.60 28.48 28.34 28.19 28.03 27.87 27.69 27.52 27.37 27.29 27.24 27.19 27.13 27.07 27.02 26.96 26.91 26.85 26.80 26.75 26.69 26.64 26.59 26.54 26.52 26.56 26.63 26.71 26.78 26.83 26.89 26.93 26.97 26.99 27.01 27.03 27.02 27.02 27.02 27.00 26.99 26.97 26.95 26.93 26.92 26.89 26.87 26.86 26.85 26.83 26.82 26.81 26.80 26.80 26.80 26.79 26.79
30.04 29.93 29.81 29.70 29.59 29.48 29.37 29.26 29.19 29.17 29.17 29.16 29.15 29.12 29.09 29.06 29.00 28.93 28.86 28.77 28.66 28.55 28.42 28.29 28.14 27.99 27.82 27.66 27.50 27.37 27.29 27.23 27.17 27.11 27.06 27.01 26.95 26.90 26.85 26.80 26.74 26.69 26.65 26.62 26.66 26.72 26.78 26.84 26.90 26.94 26.99 27.03 27.05 27.08 27.08 27.09 27.09 27.08 27.08 27.06 27.04 27.02 27.00 26.98 26.95 26.94 26.92 26.90 26.88 26.88 26.86 26.85 26.84 26.83 26.83 26.82 26.82
30.01 29.90 29.78 29.67 29.55 29.44 29.34 29.23 29.14 29.12 29.14 29.14 29.14 29.13 29.11 29.07 29.03 28.97 28.91 28.82 28.73 28.62 28.51 28.39 28.25 28.10 27.96 27.81 27.66 27.51 27.39 27.29 27.23 27.17 27.12 27.06 27.01 26.95 26.90 26.85 26.80 26.76 26.75 26.78 26.82 26.87 26.92 26.97 27.02 27.06 27.10 27.12 27.14 27.15 27.16 27.16 27.16 27.14 27.13 27.11 27.10 27.07 27.05 27.03 27.00 26.98 26.97 26.94 26.93 26.91 26.89 26.88 26.87 26.86 26.85 26.84 26.84
30.00 29.87 29.76 29.64 29.53 29.41 29.31 29.20 29.11 29.08 29.10 29.12 29.13 29.13 29.11 29.09 29.05 29.01 28.95 28.88 28.79 28.70 28.59 28.49 28.36 28.23 28.09 27.96 27.82 27.68 27.55 27.43 27.33 27.24 27.17 27.12 27.06 27.02 26.96 26.93 26.91 26.90 26.93 26.95 26.99 27.03 27.07 27.11 27.15 27.17 27.20 27.22 27.24 27.24 27.24 27.23 27.22 27.21 27.19 27.18 27.15 27.12 27.10 27.08 27.05 27.03 27.00 26.99 26.97 26.95 26.93 26.92 26.90 26.89 26.88 26.88 26.87
29.99 29.86 29.74 29.63 29.51 29.40 29.29 29.19 29.10 29.04 29.06 29.09 29.12 29.13 29.12 29.11 29.08 29.04 29.00 28.93 28.86 28.77 28.67 28.58 28.47 28.35 28.23 28.10 27.98 27.85 27.73 27.61 27.51 27.41 27.33 27.27 27.21 27.16 27.12 27.10 27.09 27.09 27.12 27.13 27.16 27.19 27.21 27.25 27.27 27.28 27.31 27.31 27.31 27.32 27.31 27.30 27.29 27.27 27.25 27.23 27.20 27.18 27.15 27.13 27.10 27.07 27.05 27.03 27.01 26.99 26.97 26.96 26.94 26.93 26.92 26.90 26.89
29.98 29.86 29.74 29.62 29.50 29.39 29.29 29.20 29.10 29.03 29.03 29.07 29.10 29.12 29.13 29.13 29.10 29.08 29.03 28.98 28.92 28.84 28.76 28.67 28.57 28.46 28.35 28.24 28.13 28.02 27.91 27.80 27.70 27.61 27.53 27.46 27.41 27.36 27.33 27.30 27.29 27.29 27.30 27.31 27.32 27.33 27.36 27.37 27.38 27.39 27.41 27.41 27.40 27.40 27.39 27.37 27.35 27.34 27.31 27.28 27.26 27.23 27.21 27.18 27.15 27.12 27.09 27.07 27.05 27.02 27.00 27.00 26.98 26.95 26.94 26.93 26.92
30.00 29.87 29.74 29.63 29.51 29.41 29.31 29.22 29.13 29.06 29.02 29.04 29.09 29.12 29.14 29.14 29.12 29.11 29.07 29.02 28.97 28.91 28.84 28.75 28.66 28.57 28.47 28.37 28.27 28.17 28.07 27.97 27.88 27.80 27.73 27.67 27.61 27.57 27.53 27.50 27.49 27.47 27.47 27.47 27.47 27.48 27.49 27.49 27.50 27.51 27.50 27.50 27.49 27.48 27.46 27.44 27.42 27.39 27.37 27.34 27.32 27.29 27.26 27.23 27.20 27.17 27.14 27.11 27.09 27.07 27.04 27.02 27.01 26.99 26.97 26.96 26.95
30.02 29.89 29.77 29.66 29.55 29.45 29.35 29.26 29.18 29.10 29.04 29.03 29.07 29.11 29.13 29.14 29.14 29.12 29.09 29.06 29.02 28.96 28.89 28.83 28.75 28.67 28.59 28.50 28.40 28.31 28.23 28.14 28.06 27.99 27.92 27.86 27.80 27.75 27.71 27.68 27.66 27.64 27.63 27.62 27.62 27.62 27.62 27.61 27.61 27.60 27.59 27.58 27.57 27.55 27.54 27.51 27.49 27.46 27.43 27.40 27.37 27.33 27.30 27.27 27.24 27.21 27.18 27.16 27.13 27.11 27.08 27.06 27.04 27.02 27.01 26.99 26.98
30.06 29.93 29.81 29.70 29.60 29.50 29.40 29.32 29.24 29.17 29.11 29.06 29.06 29.10 29.13 29.14 29.15 29.14 29.12 29.09 29.06 29.01 28.95 28.89 28.83 28.75 28.68 28.61 28.53 28.44 28.37 28.29 28.22 28.14 28.08 28.03 27.98 27.92 27.88 27.85 27.83 27.81 27.79 27.77 27.76 27.75 27.74 27.73 27.72 27.70 27.69 27.67 27.64 27.62 27.59 27.58 27.55 27.51 27.48 27.45 27.42 27.39 27.36 27.33 27.30 27.27 27.24 27.20 27.18 27.15 27.12 27.10 27.08 27.06 27.04 27.02 27.01
