datasets/raw/temp/2019110420191104.grid
ncols 886
nrows 691
xllcenter 112.0000
yllcenter -44.5000
cellsize 0.0500
nodata_value 99999.90
[rows 374 to 407 of 691, columns 77 to 153 of 886]
33.39 33.47 33.47 33.34 33.35 33.61 33.47 33.78 33.69 33.97 34.11 34.22 34.09 34.08 34.04 33.89 33.79 33.83 33.87 33.79 33.66 33.37 33.55 33.41 33.40 33.33 33.43 33.44 33.47 33.63 33.79 33.84 33.86 33.84 33.76 33.78 33.75 33.68 33.66 33.68 33.60 33.49 33.44 33.33 33.14 32.81 32.74 33.07 33.16 33.19 33.35 33.35 33.19 33.16 33.10 33.10 33.18 33.35 33.53 33.63 33.77 33.86 33.95 34.02 34.01 34.08 34.24 34.37 34.39 34.35 34.23 34.19 34.10 34.16 34.00 34.09 34.03
33.42 33.41 33.41 33.28 33.31 33.57 33.67 33.70 33.79 33.93 34.00 34.16 34.05 33.91 33.91 33.66 33.61 33.73 33.74 33.79 33.77 33.57 33.38 33.59 33.56 33.62 33.50 33.49 33.57 33.80 33.87 33.88 33.78 33.72 33.60 33.76 33.69 33.50 33.47 33.64 33.61 33.51 33.30 33.26 32.90 32.89 33.01 33.07 33.01 33.21 33.36 33.39 33.31 33.16 33.02 33.05 33.03 33.31 33.43 33.52 33.70 33.74 33.84 33.76 33.94 33.90 34.10 34.22 34.34 34.35 34.07 34.02 33.87 33.89 33.93 33.96 33.88
33.16 33.20 33.13 33.26 33.47 33.53 33.70 33.60 33.90 33.96 34.07 34.06 33.86 33.78 33.69 33.53 33.41 33.57 33.66 33.62 33.74 33.65 33.18 33.58 33.72 33.71 33.66 33.59 33.62 33.82 33.95 33.90 33.80 33.83 33.83 33.84 33.73 33.59 33.49 33.49 33.59 33.53 33.45 33.30 32.97 33.01 33.13 33.14 33.26 33.33 33.25 33.42 33.37 33.28 33.14 33.23 33.14 33.18 33.26 33.45 33.53 33.66 33.72 33.55 33.63 33.87 34.10 34.22 34.25 34.10 34.09 33.92 33.72 33.68 33.82 33.94 33.91
32.93 33.03 33.15 33.30 33.43 33.55 33.58 33.44 33.71 33.89 34.01 34.01 33.95 33.83 33.70 33.62 33.38 33.46 33.46 33.60 33.59 33.62 33.42 33.65 33.73 33.79 33.78 33.76 33.55 33.83 33.94 33.94 33.97 33.96 33.94 33.87 33.79 33.69 33.57 33.26 33.43 33.37 33.34 33.19 33.10 33.16 33.15 33.33 33.35 33.38 33.42 33.50 33.41 33.37 33.36 33.25 33.23 33.19 32.99 33.24 33.49 33.56 33.50 33.62 33.81 33.85 34.04 34.07 34.07 34.08 33.89 33.84 33.79 33.79 33.81 33.82 33.81
32.72 33.06 33.03 33.29 33.41 33.30 33.23 33.25 33.59 33.73 33.87 33.97 33.91 33.85 33.76 33.60 33.67 33.65 33.46 33.41 33.41 33.53 33.50 33.56 33.65 33.70 33.86 33.81 33.69 33.89 33.98 33.98 33.88 33.86 33.79 33.75 33.78 33.62 33.40 33.28 33.46 33.40 33.31 33.37 33.22 33.39 33.28 33.37 33.45 33.42 33.47 33.49 33.40 33.15 33.26 33.19 33.06 33.04 33.03 33.20 33.23 33.26 33.40 33.66 33.70 33.86 33.84 33.84 33.77 33.78 33.97 34.04 34.04 33.96 33.73 33.95 34.02
32.74 33.04 33.13 33.17 33.33 33.25 33.01 33.16 33.34 33.53 33.72 33.90 33.86 33.76 33.56 33.53 33.66 33.63 33.48 33.33 33.29 33.21 33.26 33.49 33.50 33.82 33.89 33.91 33.92 33.95 33.94 33.89 33.86 33.85 33.71 33.50 33.63 33.54 33.53 33.47 33.58 33.48 33.51 33.53 33.52 33.39 33.31 33.28 33.48 33.54 33.39 33.41 33.38 33.24 33.04 32.94 33.05 33.05 32.97 32.97 33.28 33.25 33.35 33.35 33.52 33.56 33.52 33.52 33.67 33.90 34.01 34.09 34.05 33.86 33.82 33.82 33.89
32.60 32.93 33.10 33.12 33.19 33.06 33.13 33.30 33.43 33.63 33.73 33.79 33.77 33.64 33.64 33.70 33.57 33.47 33.29 33.37 33.46 33.33 33.42 33.59 33.67 33.77 33.85 33.78 33.87 33.93 33.85 33.91 33.88 33.85 33.79 33.71 33.43 33.64 33.63 33.57 33.58 33.50 33.65 33.63 33.47 33.36 33.44 33.42 33.55 33.52 33.19 33.34 33.34 33.21 33.13 33.00 33.02 33.21 33.19 33.03 33.30 33.44 33.49 33.49 33.39 33.51 33.65 33.65 33.70 33.83 33.98 34.01 33.98 33.91 33.85 33.89 34.02
32.49 32.60 32.79 33.13 33.09 33.06 33.08 33.41 33.31 33.45 33.71 33.75 33.70 33.64 33.67 33.51 33.45 33.39 33.39 33.47 33.39 33.45 33.22 33.42 33.23 33.60 33.65 33.65 33.85 33.87 33.86 33.90 33.80 33.90 33.86 33.73 33.73 33.67 33.53 33.31 33.50 33.62 33.65 33.63 33.59 33.44 33.31 33.58 33.61 33.53 33.32 33.15 33.23 33.14 32.93 33.14 33.26 33.28 33.16 33.19 33.19 33.42 33.56 33.51 33.35 33.50 33.67 33.66 33.61 33.77 33.86 33.88 33.90 33.84 33.88 33.91 33.94
32.49 32.60 32.78 32.98 33.15 33.16 33.31 33.39 33.46 33.47 33.64 33.67 33.64 33.51 33.58 33.60 33.51 33.43 33.25 33.39 33.37 33.11 33.25 33.15 33.46 32.61 33.64 33.59 33.88 33.54 33.96 33.90 33.85 33.85 33.81 33.77 33.69 33.48 33.38 33.25 33.51 33.68 33.77 33.70 33.47 33.43 33.60 33.68 33.62 33.42 33.35 33.15 33.22 33.12 32.95 33.16 33.33 33.40 33.38 33.38 33.15 33.36 33.56 33.55 33.53 33.62 33.68 33.70 33.72 33.74 33.75 33.76 33.77 33.79 33.80 33.80 33.78
32.47 32.65 32.71 32.94 33.12 33.23 33.25 33.27 33.34 33.49 33.52 33.60 33.61 33.55 33.51 33.33 33.25 33.32 33.30 33.50 33.24 33.26 33.01 32.84 33.32 33.54 33.55 33.78 33.89 33.85 33.85 33.87 33.87 33.86 33.74 33.70 33.41 33.42 33.41 33.45 33.59 33.74 33.76 33.61 33.42 33.35 33.59 33.75 33.63 33.47 33.32 33.19 33.38 33.27 33.16 33.10 33.15 33.30 33.28 33.46 33.38 33.42 33.55 33.56 33.54 33.54 33.60 33.61 33.63 33.64 33.67 33.62 33.67 33.67 33.68 33.68 33.60
32.13 32.52 32.75 32.81 33.00 33.12 33.13 32.99 32.87 33.24 33.38 33.41 33.56 33.54 33.44 33.32 33.38 33.44 33.41 33.41 33.06 33.14 33.26 33.26 33.30 33.57 33.57 33.75 33.68 33.73 33.73 33.66 33.68 33.70 33.70 33.62 33.52 33.61 33.58 33.62 33.75 33.82 33.74 33.66 33.63 33.58 33.65 33.74 33.70 33.56 33.47 33.42 33.48 33.45 33.32 33.15 33.13 33.08 32.97 33.31 33.45 33.49 33.39 33.34 33.32 33.32 33.50 33.44 33.54 33.55 33.56 33.47 33.56 33.57 33.57 33.55 33.47
32.11 32.50 32.70 32.82 32.94 32.89 32.98 32.92 32.24 32.99 33.25 33.28 33.48 33.51 33.41 33.38 33.49 33.32 33.26 33.48 33.25 33.32 33.41 33.23 33.45 33.59 33.70 33.74 33.71 33.58 33.56 33.48 33.47 33.41 33.49 33.61 33.65 33.74 33.74 33.78 33.82 33.86 33.82 33.80 33.68 33.71 33.79 33.75 33.63 33.49 33.54 33.53 33.59 33.52 33.37 33.10 32.80 32.86 33.09 33.27 33.41 33.37 33.23 33.08 33.12 33.12 33.33 33.47 33.47 33.47 33.47 33.40 33.48 33.48 33.47 33.28 33.24
32.23 32.47 32.63 32.73 32.81 32.84 32.74 32.88 32.80 32.88 32.96 33.21 33.36 33.32 33.48 33.47 33.51 33.36 33.22 33.45 33.38 33.39 33.40 33.26 33.41 33.63 33.53 33.66 33.68 33.64 33.62 33.57 33.46 33.36 33.61 33.65 33.75 33.80 33.79 33.86 33.87 33.87 33.88 33.87 33.85 33.81 33.77 33.74 33.66 33.51 33.62 33.60 33.62 33.52 33.37 33.21 33.04 33.12 33.24 33.30 33.33 33.32 33.13 32.77 32.96 33.17 33.30 33.41 33.40 33.36 33.32 33.27 33.39 33.39 33.38 33.33 33.33
32.16 32.35 32.50 32.51 32.62 32.59 32.65 32.72 32.77 32.85 32.94 33.17 33.25 33.33 33.29 33.29 33.27 33.44 33.37 33.31 33.41 33.47 33.43 33.35 33.41 33.58 33.54 33.53 33.57 33.34 33.47 33.41 33.33 33.28 33.56 33.68 33.56 33.79 33.82 33.83 33.85 33.82 33.75 33.77 33.82 33.77 33.72 33.64 33.51 33.47 33.55 33.62 33.59 33.38 33.21 33.19 32.89 33.05 32.96 33.03 33.22 33.27 33.20 33.09 32.92 33.01 33.24 33.34 33.32 33.24 33.18 33.22 33.32 33.32 33.33 33.30 33.29
32.15 32.27 32.31 32.32 32.41 32.48 32.51 32.54 32.71 32.86 32.93 33.11 33.20 33.22 33.05 33.00 33.14 33.38 33.24 33.26 33.43 33.41 33.47 33.47 33.49 33.46 33.33 33.36 32.78 33.54 33.52 33.40 33.41 33.33 33.60 33.59 33.55 33.70 33.79 33.80 33.75 33.70 33.51 33.49 33.66 33.65 33.56 33.47 33.45 33.66 33.67 33.62 33.55 33.49 33.39 33.17 32.92 32.87 32.99 33.11 33.18 33.07 32.89 32.94 32.97 32.99 33.03 33.20 33.19 33.06 32.98 33.24 33.26 33.24 33.22 33.16 33.21
32.16 32.21 32.20 32.22 32.32 32.24 32.52 32.46 32.63 32.81 32.89 33.01 33.01 32.98 33.12 33.16 33.19 33.29 33.31 33.33 33.35 33.24 33.31 33.17 33.20 33.22 33.06 33.32 33.01 32.80 33.20 33.41 33.38 33.50 33.57 33.39 33.52 33.65 33.72 33.70 33.68 33.55 33.30 33.49 33.63 33.51 33.56 33.57 33.44 33.62 33.55 33.52 33.41 33.26 33.19 33.04 32.92 32.63 32.75 32.93 32.97 33.08 32.99 32.84 32.77 32.91 33.00 33.15 33.15 33.09 32.91 33.20 33.22 33.20 33.16 33.03 33.04
32.01 32.15 32.18 32.12 32.12 32.30 32.40 32.48 32.45 32.64 32.79 32.77 32.80 32.91 32.79 32.93 33.11 33.19 33.17 33.23 33.21 33.08 33.31 33.15 33.16 33.05 33.20 33.28 33.22 32.79 32.78 33.40 33.48 33.51 33.54 33.51 33.61 33.63 33.64 33.60 33.50 33.31 33.47 33.62 33.54 33.52 33.65 33.66 33.60 33.55 33.35 33.43 33.37 33.21 33.00 33.01 32.94 32.62 32.88 32.76 32.90 32.96 32.95 32.84 32.65 32.78 32.96 32.97 33.09 33.07 33.12 33.16 33.14 33.15 33.01 32.82 33.02
31.92 31.88 31.98 32.02 32.15 32.29 32.35 32.21 32.38 32.41 32.63 32.66 32.54 32.56 32.67 32.64 32.91 33.08 33.09 32.97 32.92 33.10 33.17 33.21 33.09 32.93 32.85 33.20 32.97 33.02 32.61 32.96 33.14 33.40 33.47 33.51 33.53 33.56 33.52 33.49 33.29 33.39 33.54 33.58 33.60 33.61 33.51 33.48 33.50 33.39 33.22 33.39 33.43 33.31 33.09 33.16 32.99 32.73 32.69 32.85 32.78 32.79 32.72 32.72 32.51 32.55 32.65 32.88 33.01 33.10 33.11 33.13 33.10 33.04 33.00 32.95 33.02
31.96 31.90 32.04 32.16 32.25 32.27 32.22 32.33 32.29 32.34 32.30 32.48 32.62 32.49 32.51 32.74 32.85 33.00 33.01 32.91 32.85 32.80 32.88 33.10 33.08 33.03 32.99 32.95 32.97 33.05 32.96 32.98 32.96 33.16 33.39 33.42 33.46 33.41 33.33 33.23 33.20 33.41 33.50 33.40 33.26 33.37 33.45 33.45 33.47 33.50 33.43 33.47 33.25 33.30 33.25 33.15 33.03 32.78 32.57 32.56 32.52 32.59 32.57 32.65 32.33 32.46 32.65 32.87 32.96 33.01 33.01 32.97 32.88 32.73 32.92 32.96 32.83
31.77 31.86 32.05 31.96 32.01 32.09 32.19 32.26 32.13 32.40 32.23 32.47 32.50 32.54 32.39 32.50 32.66 32.90 32.99 32.87 32.92 32.76 32.85 32.93 32.84 32.79 32.89 32.92 33.01 32.92 32.73 32.97 33.14 33.28 33.32 33.28 33.37 33.39 33.36 33.25 33.15 33.38 33.40 33.29 33.15 33.40 33.47 33.48 33.37 33.34 33.40 33.40 33.33 33.21 33.03 32.81 32.89 32.76 32.53 32.30 32.26 32.37 32.33 32.46 32.43 32.52 32.64 32.76 32.85 32.93 32.81 32.59 32.63 32.68 32.73 32.73 32.81
31.89 31.73 31.85 31.83 31.97 31.94 31.93 31.99 32.19 32.35 32.37 32.54 32.49 32.30 32.32 32.45 32.61 32.83 32.90 32.84 32.61 32.73 32.56 32.79 32.62 32.65 32.85 32.96 32.96 32.75 32.70 32.80 33.09 33.20 33.23 33.07 33.12 33.28 33.30 33.16 33.24 33.33 33.31 33.17 33.26 33.37 33.29 33.19 33.12 33.08 33.10 33.14 33.14 33.01 32.92 32.65 32.67 32.62 32.70 32.39 32.50 32.45 32.26 32.46 32.47 32.39 32.43 32.34 32.62 32.66 32.71 32.49 32.60 32.66 32.72 32.81 32.79
31.84 31.84 31.97 31.98 31.95 31.96 31.90 32.17 32.10 32.35 32.47 32.49 32.44 32.40 32.25 32.39 32.57 32.63 32.80 32.85 32.80 32.78 32.76 32.56 32.62 32.62 32.62 32.71 32.87 32.88 32.78 32.75 33.02 33.11 33.13 33.09 32.98 33.00 33.13 33.22 33.19 33.24 33.22 33.20 33.25 33.27 33.29 33.27 33.26 33.23 33.13 33.01 32.85 32.90 32.83 32.55 32.71 32.78 32.79 32.68 32.54 32.52 32.35 32.62 32.42 32.53 32.42 32.55 32.65 32.63 32.41 32.63 32.65 32.59 32.78 32.48 32.69
31.76 31.87 31.92 31.89 31.83 31.89 31.91 31.97 32.26 32.33 32.40 32.29 32.35 32.39 32.30 32.13 32.32 32.55 32.70 32.77 32.64 32.77 32.63 32.58 32.75 32.67 32.67 32.75 32.82 32.78 32.87 32.85 32.99 33.01 32.97 32.91 32.91 32.80 32.91 32.97 32.89 33.02 33.10 33.08 33.07 32.97 33.07 33.15 33.19 33.17 33.08 32.99 32.80 32.64 32.53 32.62 32.59 32.66 32.70 32.76 32.63 32.36 32.53 32.64 32.61 32.40 32.26 32.29 32.40 32.38 32.55 32.57 32.58 32.75 32.60 32.37 32.54
31.68 31.86 31.88 31.82 31.68 31.77 31.84 32.15 32.25 32.22 32.17 32.31 32.15 32.24 32.15 32.11 32.30 32.44 32.52 32.72 32.70 32.63 32.73 32.74 32.64 32.59 32.36 32.56 32.54 32.69 32.63 32.74 32.89 32.84 32.83 32.93 32.94 32.93 32.83 32.67 32.54 32.66 32.81 32.79 32.71 32.72 32.71 32.92 33.03 33.03 33.03 32.94 32.81 32.64 32.46 32.38 32.33 32.40 32.54 32.79 32.59 32.55 32.64 32.55 32.42 32.20 32.41 32.33 32.51 32.47 32.28 32.16 32.58 32.56 32.31 32.32 32.54
31.70 31.83 31.75 31.93 31.93 31.92 31.94 32.15 32.06 32.08 31.90 32.05 32.20 32.13 31.99 31.96 32.14 32.32 32.51 32.65 32.58 32.49 32.54 32.58 32.53 32.62 32.60 32.54 32.31 32.49 32.50 32.69 32.79 32.79 32.79 32.79 32.80 32.72 32.80 32.73 32.60 32.38 32.46 32.35 32.29 32.29 32.47 32.66 32.83 32.85 32.83 32.76 32.61 32.38 32.20 32.19 32.23 32.50 32.45 32.65 32.62 32.55 32.67 32.49 32.40 32.29 32.48 32.55 32.55 32.39 32.14 32.06 32.44 32.41 32.09 32.22 32.45
31.66 31.78 31.82 31.76 31.84 32.04 32.10 32.06 31.96 31.83 31.94 31.84 31.83 31.92 32.13 32.00 31.92 32.25 32.36 32.50 32.61 32.61 32.63 32.61 32.65 32.69 32.45 32.58 32.37 32.35 32.43 32.56 32.67 32.67 32.60 32.65 32.62 32.54 32.44 32.59 32.59 32.47 32.51 32.44 32.41 32.36 32.17 32.37 32.57 32.68 32.67 32.66 32.56 32.45 32.23 32.30 32.32 32.32 32.57 32.63 32.64 32.62 32.42 32.35 32.22 32.43 32.57 32.65 32.39 32.18 32.24 32.20 32.26 32.23 32.30 32.26 32.17
31.55 31.70 31.80 31.66 31.77 31.77 31.82 31.99 31.92 31.96 31.88 31.98 31.76 31.96 32.15 31.96 31.88 32.17 32.26 32.39 32.43 32.53 32.53 32.62 32.61 32.59 32.45 32.16 32.37 32.05 32.21 32.30 32.46 32.54 32.47 32.29 32.31 32.36 32.16 32.39 32.40 32.31 32.20 32.17 32.26 32.22 31.84 32.09 32.31 32.41 32.38 32.37 32.43 32.27 32.28 32.21 32.43 32.44 32.55 32.48 32.59 32.55 32.49 32.55 32.42 32.33 32.51 32.65 32.51 32.28 32.42 32.40 32.22 32.27 32.33 32.33 32.24
31.49 31.62 31.69 31.68 31.60 31.51 31.74 31.73 31.64 31.93 31.96 31.90 31.94 32.06 32.04 31.93 31.83 32.05 32.23 32.29 32.34 32.28 32.45 32.54 32.52 32.41 32.45 32.47 32.23 32.17 32.09 32.22 32.31 32.41 32.38 32.11 32.10 32.10 32.00 32.00 32.12 32.13 31.90 31.89 31.88 32.08 32.04 31.81 31.95 32.02 32.09 32.05 32.11 32.17 32.17 32.27 32.22 32.27 32.33 32.15 32.37 32.51 32.62 32.52 32.41 32.46 32.58 32.64 32.55 32.35 32.46 32.29 32.11 32.13 32.31 32.37 32.42
31.36 31.56 31.62 31.76 31.68 31.51 31.61 31.77 31.80 31.89 31.76 31.70 31.74 31.88 31.82 31.88 31.79 31.91 32.06 32.08 32.27 32.27 32.28 32.48 32.47 32.43 32.47 32.42 32.34 32.21 32.18 32.27 32.18 32.27 32.10 31.91 31.82 31.78 31.59 31.42 31.75 31.88 31.83 31.84 31.83 31.79 31.89 31.85 31.82 31.77 31.86 31.80 31.82 31.99 32.11 32.15 32.08 32.04 32.10 31.93 32.16 32.29 32.51 32.55 32.42 32.44 32.60 32.59 32.53 32.50 32.42 32.29 32.17 32.10 32.27 32.38 32.18
31.21 31.42 31.57 31.67 31.62 31.58 31.53 31.70 31.64 31.85 31.69 31.85 31.82 31.95 31.92 31.97 31.85 31.81 31.88 31.92 32.03 32.22 32.04 32.20 32.43 32.39 32.31 32.17 32.03 32.00 32.06 32.02 32.19 32.13 32.04 31.96 31.81 31.78 31.59 31.41 31.46 31.52 31.56 31.54 31.37 31.23 31.44 31.51 31.69 31.74 31.70 31.62 31.55 31.75 31.81 31.95 31.92 31.72 32.09 32.14 32.27 32.42 32.54 32.49 32.50 32.57 32.40 32.49 32.49 32.35 32.25 32.16 31.92 31.90 32.06 32.26 32.12
31.06 31.22 31.44 31.53 31.47 31.37 31.52 31.52 31.47 31.53 31.76 31.75 31.64 31.71 31.72 31.80 31.72 31.80 32.00 32.08 32.07 31.98 31.91 32.19 32.31 32.23 32.20 32.18 32.02 31.96 32.02 31.93 32.07 32.01 31.94 31.82 31.76 31.61 31.38 31.23 31.02 31.00 31.01 31.04 31.18 31.08 31.11 31.11 31.40 31.25 31.45 31.43 31.41 31.33 31.67 31.66 31.64 31.82 31.99 32.18 32.23 32.31 32.43 32.45 32.51 32.33 32.18 32.33 32.21 32.22 32.23 32.09 32.09 31.92 31.93 32.10 32.15
30.88 31.14 31.33 31.25 31.19 31.37 31.27 31.23 31.40 31.55 31.61 31.53 31.51 31.68 31.70 31.60 31.70 31.85 31.99 31.85 31.72 31.72 31.92 32.03 32.26 32.23 32.23 32.23 32.05 31.94 32.02 31.88 31.95 31.89 31.76 31.52 31.47 31.38 31.28 30.96 30.92 30.96 30.89 30.79 30.65 30.61 30.71 30.77 30.95 30.99 30.94 31.13 31.01 31.36 31.50 31.47 31.45 31.73 31.87 31.84 31.98 32.13 32.23 32.40 32.40 32.18 32.08 31.86 31.99 31.62 32.20 32.01 32.17 32.08 31.96 31.85 31.86
30.59 30.91 31.15 31.27 31.24 31.25 31.14 31.26 31.40 31.32 31.40 31.37 31.63 31.65 31.72 31.66 31.58 31.72 31.94 31.95 31.92 31.95 31.77 32.03 32.12 32.15 32.17 32.16 32.12 31.77 31.81 31.89 31.77 31.78 31.63 31.39 31.28 31.07 31.01 30.92 30.84 30.68 30.56 30.73 30.47 30.52 30.66 30.67 30.77 30.79 30.72 30.82 30.85 31.10 31.28 31.43 31.49 31.45 31.50 31.56 31.69 31.91 32.04 32.20 32.32 32.28 32.24 32.10 32.07 32.18 32.22 32.19 31.92 31.88 31.78 31.70 31.68
30.24 30.67 30.93 31.04 31.14 31.19 31.26 31.23 31.23 31.26 31.29 31.48 31.55 31.56 31.64 31.68 31.58 31.77 31.86 31.98 31.92 31.95 31.90 31.77 32.06 31.96 32.03 32.08 32.00 31.81 31.70 31.70 31.62 31.64 31.42 31.44 31.20 30.87 30.85 30.76 30.71 30.50 30.38 30.55 30.52 30.53 30.52 30.46 30.37 30.58 30.50 30.72 30.98 31.05 31.24 31.42 31.49 31.62 31.62 31.61 31.67 31.94 32.08 32.21 32.21 32.21 32.24 32.21 32.17 32.16 32.18 31.97 32.02 31.97 31.84 31.49 31.78
