datasets/raw/temp/2019100920191009.grid
ncols 886
nrows 691
xllcenter 112.0000
yllcenter -44.5000
cellsize 0.0500
nodata_value 99999.90
[rows 102 to 135 of 691, columns 616 to 692 of 886]
37.78 37.74 37.80 37.76 37.71 37.59 37.59 37.46 37.36 37.37 37.26 37.38 37.38 37.39 37.44 37.32 37.33 37.19 36.95 36.98 36.92 36.79 36.66 36.50 36.34 36.11 35.99 35.69 35.39 35.05 34.73 34.33 33.87 33.34 32.86 32.33 31.91 31.56 31.29 30.86 30.09 30.23 30.00 29.53 29.91 29.99 29.83 29.82 29.66 29.35 29.50 29.37 29.26 29.15 29.05 28.95 28.86 28.77 28.69 28.61 28.53 28.46 28.39 28.36 28.43 28.53 28.61 28.68 28.71 28.74 28.74 28.73 28.72 28.70 28.66 28.62 28.58
37.93 37.95 37.88 37.89 37.76 37.78 37.68 37.56 37.48 37.40 37.22 37.54 37.61 37.52 37.55 37.52 37.47 37.07 37.07 37.19 37.14 36.94 36.87 36.70 36.48 36.32 36.12 35.82 35.56 35.23 34.88 34.47 34.00 33.42 32.78 32.35 32.09 31.67 31.31 31.03 30.57 30.43 30.00 29.29 29.92 29.31 29.87 29.76 29.38 29.59 29.46 29.33 29.21 29.10 29.00 28.91 28.83 28.74 28.66 28.58 28.51 28.44 28.37 28.33 28.42 28.52 28.61 28.67 28.72 28.74 28.75 28.75 28.73 28.71 28.68 28.64 28.60
38.01 38.08 38.00 37.94 37.85 37.83 37.76 37.71 37.62 37.51 37.37 37.65 37.64 37.72 37.71 37.65 37.55 37.35 37.36 37.35 37.30 37.18 37.08 36.85 36.77 36.54 36.32 36.02 35.72 35.34 35.06 34.61 34.12 33.63 33.08 32.64 32.19 31.81 31.41 31.06 30.58 30.22 29.52 29.51 29.25 28.74 28.78 29.32 29.08 29.54 29.41 29.29 29.17 29.07 28.97 28.87 28.79 28.70 28.62 28.55 28.48 28.41 28.35 28.31 28.40 28.51 28.60 28.68 28.73 28.75 28.77 28.77 28.75 28.73 28.70 28.66 28.62
38.23 38.18 38.09 38.15 38.11 37.97 38.01 37.88 37.90 37.77 37.68 37.57 37.64 37.82 37.84 37.77 37.24 37.24 37.47 37.53 37.46 37.42 37.16 37.05 37.00 36.84 36.53 36.24 35.96 35.53 35.22 34.78 34.21 33.75 33.26 32.79 32.31 31.87 31.52 31.18 30.83 29.84 29.35 28.92 28.50 28.36 29.31 29.53 29.26 28.79 29.37 29.25 29.13 29.03 28.92 28.84 28.76 28.67 28.60 28.53 28.46 28.39 28.33 28.30 28.39 28.51 28.61 28.69 28.73 28.77 28.79 28.79 28.77 28.76 28.72 28.68 28.64
38.37 38.34 38.31 38.30 38.15 38.14 38.13 38.12 38.09 38.01 37.93 37.89 37.86 37.80 37.93 37.98 37.85 37.25 37.62 37.76 37.62 37.65 37.47 37.17 37.30 37.05 36.80 36.49 36.23 35.84 35.42 34.96 34.38 33.91 33.34 32.69 32.36 31.81 31.26 30.17 30.73 30.29 29.72 28.69 28.87 29.36 29.54 29.52 29.38 29.12 29.31 29.19 29.08 28.98 28.89 28.80 28.71 28.64 28.56 28.49 28.43 28.36 28.30 28.27 28.38 28.51 28.61 28.70 28.75 28.78 28.80 28.80 28.79 28.78 28.74 28.70 28.66
38.49 38.43 38.39 38.35 38.27 38.28 38.27 38.31 38.28 38.22 38.10 38.16 38.11 38.03 37.88 38.06 38.05 37.34 37.85 37.95 37.95 37.89 37.74 37.69 37.58 37.26 36.95 36.81 36.46 36.04 35.65 35.14 34.58 34.06 33.49 32.77 31.92 31.86 31.30 30.27 30.56 30.36 29.51 28.97 29.41 29.28 28.78 28.01 29.18 28.99 29.27 29.14 29.04 28.94 28.85 28.77 28.69 28.61 28.54 28.47 28.41 28.35 28.29 28.27 28.38 28.51 28.62 28.71 28.76 28.80 28.82 28.82 28.82 28.79 28.76 28.73 28.68
38.60 38.55 38.51 38.53 38.50 38.50 38.42 38.40 38.27 38.29 38.17 38.16 38.18 38.13 38.04 38.10 38.06 37.48 38.16 38.20 38.20 38.19 37.94 37.89 37.87 37.45 37.29 37.12 36.73 36.27 35.83 35.33 34.78 34.28 33.67 32.95 32.20 31.24 31.42 30.67 30.43 30.11 29.40 28.50 27.71 29.70 29.52 29.40 29.46 27.94 29.21 29.10 28.99 28.90 28.81 28.73 28.66 28.59 28.52 28.45 28.39 28.33 28.27 28.26 28.39 28.52 28.63 28.72 28.78 28.82 28.84 28.84 28.83 28.81 28.79 28.74 28.71
38.68 38.66 38.62 38.61 38.55 38.49 38.44 38.41 38.38 38.45 38.39 38.31 38.27 38.29 38.27 38.20 38.13 38.08 38.37 38.36 38.44 38.39 38.29 38.15 38.07 37.27 37.60 37.34 37.00 36.48 35.91 35.56 35.06 34.34 33.73 33.06 32.26 30.97 30.93 30.58 28.78 29.96 28.63 29.81 29.59 27.56 29.55 29.55 29.48 29.28 29.16 29.05 28.96 28.87 28.78 28.70 28.63 28.57 28.50 28.44 28.38 28.32 28.27 28.27 28.40 28.54 28.64 28.73 28.79 28.83 28.85 28.86 28.85 28.83 28.80 28.76 28.72
38.68 38.65 38.67 38.70 38.58 38.54 38.56 38.57 38.62 38.41 38.48 38.56 38.45 38.38 38.43 38.20 37.72 38.06 38.44 38.55 38.53 38.59 38.42 38.42 38.25 37.68 37.74 37.64 37.14 36.65 36.17 35.80 35.18 34.60 33.75 33.24 31.89 31.93 31.14 30.48 28.97 29.82 28.85 29.49 29.59 29.46 29.00 28.99 29.24 28.90 29.12 29.01 28.92 28.84 28.77 28.69 28.62 28.56 28.49 28.43 28.38 28.32 28.27 28.29 28.41 28.55 28.66 28.74 28.81 28.85 28.87 28.87 28.87 28.84 28.82 28.78 28.74
38.82 38.77 38.83 38.81 38.71 38.75 38.74 38.66 38.54 38.63 38.65 38.61 38.58 38.67 38.56 38.24 37.90 38.13 38.56 38.35 38.72 38.74 38.60 38.42 38.21 38.19 37.99 37.63 37.21 36.72 36.47 35.93 35.31 34.72 33.89 33.12 31.78 31.45 29.78 30.15 28.91 28.58 29.55 28.97 28.83 29.39 29.33 29.31 29.25 29.17 29.09 28.99 28.91 28.83 28.75 28.68 28.62 28.56 28.50 28.45 28.39 28.33 28.28 28.30 28.43 28.56 28.67 28.76 28.81 28.85 28.87 28.89 28.88 28.86 28.83 28.80 28.75
38.93 38.92 38.92 38.87 38.86 38.88 38.84 38.78 38.81 38.79 38.78 38.72 38.63 38.64 38.46 38.20 38.33 38.55 38.65 38.42 38.77 38.79 38.69 38.65 38.49 38.14 37.15 37.46 37.36 37.00 36.48 36.01 35.46 34.75 33.88 32.60 31.87 31.00 29.57 29.28 28.71 28.41 29.20 28.76 28.25 28.38 28.61 28.12 29.06 28.85 28.96 28.98 28.91 28.83 28.76 28.70 28.64 28.58 28.52 28.46 28.41 28.35 28.31 28.31 28.44 28.57 28.68 28.76 28.81 28.86 28.88 28.89 28.89 28.87 28.84 28.80 28.77
39.03 38.99 39.00 39.01 39.03 38.98 38.99 39.02 38.93 38.98 38.90 38.96 38.64 38.42 38.66 38.85 39.01 39.12 39.14 38.96 38.80 38.88 38.87 38.68 38.42 37.70 37.22 36.82 37.36 37.06 36.57 36.05 35.39 34.75 33.65 33.41 32.81 30.77 30.19 28.80 29.10 27.78 28.45 29.16 28.63 27.89 28.25 28.20 28.21 28.72 28.47 28.99 28.92 28.85 28.79 28.73 28.67 28.61 28.55 28.50 28.45 28.39 28.34 28.33 28.44 28.57 28.67 28.75 28.82 28.86 28.89 28.89 28.89 28.88 28.85 28.81 28.77
39.12 39.14 39.13 39.12 39.09 39.06 39.12 39.11 39.09 39.09 39.16 38.95 38.92 38.95 38.90 39.31 39.51 39.59 39.51 39.33 38.95 38.72 38.82 38.52 38.29 37.74 37.61 37.16 37.33 36.86 36.47 36.01 35.38 33.73 33.71 33.00 32.84 31.49 31.22 30.32 28.35 27.43 28.62 29.20 28.74 28.43 28.24 28.67 28.08 27.90 25.86 29.03 28.96 28.89 28.83 28.77 28.72 28.66 28.61 28.55 28.49 28.44 28.38 28.34 28.44 28.56 28.66 28.74 28.80 28.85 28.88 28.89 28.89 28.88 28.85 28.82 28.78
39.21 39.22 39.22 39.19 39.20 39.22 39.24 39.25 39.27 39.26 39.14 39.13 39.27 39.23 39.42 39.52 39.80 39.65 39.50 39.34 39.16 38.70 39.14 38.93 38.20 38.56 37.91 36.68 37.12 36.85 36.27 35.21 34.93 34.65 33.80 32.40 32.37 31.81 31.39 30.30 29.43 28.02 28.90 28.93 28.68 28.09 27.97 28.12 27.89 26.95 27.58 26.29 29.02 28.96 28.90 28.84 28.79 28.73 28.68 28.61 28.56 28.50 28.44 28.38 28.43 28.53 28.63 28.71 28.78 28.83 28.85 28.87 28.88 28.87 28.85 28.82 28.78
39.30 39.31 39.31 39.31 39.33 39.30 39.31 39.29 39.30 39.34 39.33 39.33 39.45 39.42 39.70 39.85 39.93 39.62 39.18 39.42 39.17 39.16 39.22 38.70 38.45 38.58 37.70 37.12 37.03 36.29 36.25 35.47 33.64 33.92 33.90 32.31 31.66 31.62 31.36 30.52 29.11 28.25 28.59 28.39 28.10 28.44 28.01 27.37 26.78 27.40 25.64 29.09 29.11 29.05 29.00 28.93 28.87 28.82 28.76 28.70 28.64 28.58 28.50 28.44 28.42 28.49 28.59 28.67 28.74 28.78 28.82 28.85 28.85 28.85 28.83 28.81 28.78
39.35 39.37 39.33 39.36 39.34 39.34 39.41 39.40 39.40 39.50 39.51 39.55 39.70 39.80 40.02 40.08 40.00 39.72 39.49 39.49 39.32 39.43 39.15 38.58 38.30 37.92 37.70 36.08 36.15 36.08 35.24 34.77 33.67 32.81 32.68 31.24 31.04 30.22 31.28 30.60 29.13 28.53 28.56 28.72 28.31 27.91 28.38 27.90 26.40 27.38 25.65 28.91 29.23 29.17 29.11 29.05 28.99 28.93 28.87 28.80 28.73 28.66 28.58 28.51 28.44 28.45 28.53 28.61 28.68 28.73 28.78 28.80 28.82 28.83 28.82 28.80 28.77
39.41 39.41 39.43 39.43 39.46 39.48 39.45 39.52 39.57 39.57 39.67 39.78 39.95 39.98 40.06 40.23 40.10 39.55 39.62 39.70 39.64 39.64 39.45 39.23 39.04 38.38 38.16 37.15 36.43 35.60 35.99 35.22 34.08 32.84 32.19 32.15 31.18 30.41 29.67 29.37 29.80 28.64 28.81 28.01 28.84 27.95 27.39 26.95 26.98 26.36 27.87 29.42 29.37 29.31 29.25 29.18 29.12 29.05 28.98 28.90 28.83 28.74 28.67 28.58 28.49 28.43 28.45 28.53 28.60 28.67 28.72 28.75 28.78 28.79 28.79 28.78 28.76
39.43 39.48 39.49 39.49 39.54 39.54 39.55 39.60 39.61 39.69 39.83 39.86 39.89 40.06 40.09 40.21 40.30 40.16 39.94 39.94 39.87 39.76 39.50 39.45 39.32 39.08 38.20 38.18 37.41 36.88 35.66 35.10 34.89 33.73 32.45 31.97 31.28 30.78 30.51 29.76 29.62 28.92 29.43 28.56 28.91 28.62 27.93 27.20 27.66 27.32 28.96 28.60 28.84 29.47 29.40 29.33 29.26 29.19 29.11 29.02 28.93 28.85 28.75 28.66 28.56 28.46 28.39 28.43 28.51 28.58 28.64 28.68 28.72 28.74 28.75 28.74 28.73
39.51 39.51 39.56 39.58 39.58 39.61 39.62 39.65 39.74 39.85 40.00 40.00 40.02 40.11 40.20 40.22 40.20 40.08 40.15 40.06 39.83 39.74 39.52 39.19 39.16 39.18 38.90 38.27 37.73 36.31 36.30 35.71 34.53 34.00 32.27 31.83 31.92 31.65 30.97 30.11 29.39 29.12 28.92 28.32 26.80 28.77 28.15 28.42 28.54 28.36 28.69 26.39 26.86 29.67 29.59 29.50 29.42 29.34 29.24 29.15 29.05 28.95 28.84 28.74 28.63 28.51 28.41 28.35 28.39 28.46 28.54 28.60 28.65 28.68 28.69 28.71 28.70
39.61 39.68 39.66 39.73 39.70 39.81 39.83 39.87 39.84 39.88 39.95 39.98 39.99 40.12 40.20 40.30 40.06 40.11 40.12 39.96 39.92 39.71 39.49 39.36 38.62 39.10 38.00 37.85 37.89 37.30 36.59 35.76 34.80 34.94 34.16 33.38 32.51 31.68 31.10 30.31 29.91 29.13 28.79 28.67 29.21 29.20 28.75 29.32 28.61 28.60 28.80 27.50 27.11 29.79 29.79 29.70 29.60 29.49 29.39 29.28 29.17 29.05 28.94 28.82 28.70 28.58 28.45 28.34 28.29 28.34 28.42 28.49 28.56 28.60 28.63 28.65 28.66
39.71 39.68 39.69 39.72 39.72 39.78 39.76 39.84 39.88 39.87 40.00 40.02 40.08 40.12 40.21 40.21 40.18 40.02 40.10 39.99 39.78 39.65 39.40 39.14 39.06 38.78 38.28 37.49 37.86 37.20 36.83 36.13 35.16 34.58 34.07 33.45 32.35 31.54 31.49 30.98 30.30 29.50 29.56 28.71 28.70 28.77 28.92 29.43 29.39 29.88 28.56 27.39 27.25 29.65 30.00 29.89 29.79 29.67 29.55 29.43 29.30 29.17 29.04 28.91 28.78 28.64 28.51 28.37 28.27 28.22 28.29 28.37 28.45 28.51 28.56 28.59 28.60
39.77 39.78 39.77 39.79 39.80 39.81 39.85 39.89 39.95 39.99 40.00 40.03 40.09 40.20 40.26 40.34 40.20 40.08 39.95 39.86 39.59 39.73 38.88 39.37 39.06 38.72 37.86 37.07 36.85 37.05 36.48 35.74 34.79 34.57 33.63 33.46 32.58 31.99 31.67 31.22 30.78 30.07 29.70 27.56 26.93 28.36 29.43 29.98 28.73 29.62 30.09 27.32 28.16 30.33 30.22 30.10 29.98 29.85 29.72 29.58 29.43 29.30 29.15 29.01 28.86 28.71 28.57 28.43 28.29 28.17 28.15 28.24 28.32 28.41 28.46 28.51 28.54
39.80 39.81 39.91 39.89 39.89 39.92 39.96 39.95 39.99 40.02 40.00 40.02 40.14 40.12 40.23 40.26 40.31 40.13 39.99 39.91 39.79 39.82 39.65 39.48 38.90 38.96 37.98 36.50 37.40 36.97 36.34 35.42 34.93 34.79 33.26 33.02 33.01 32.52 31.79 31.47 31.06 30.20 29.15 27.08 26.00 27.30 27.52 29.39 29.19 29.85 30.80 29.62 30.14 30.57 30.45 30.32 30.19 30.04 29.89 29.74 29.58 29.42 29.26 29.10 28.95 28.80 28.64 28.49 28.33 28.19 28.08 28.09 28.18 28.29 28.36 28.43 28.47
39.86 39.88 39.89 39.89 39.97 39.97 39.97 39.95 40.01 40.02 40.06 40.03 40.12 40.20 40.25 40.30 40.31 40.22 40.18 40.05 39.91 39.84 39.78 39.49 39.24 39.11 38.57 37.48 37.05 36.90 36.49 35.38 34.80 34.28 34.14 31.49 33.10 32.78 32.18 31.01 31.13 30.53 30.37 27.69 26.64 27.02 28.18 29.33 30.02 29.83 31.08 31.05 30.74 29.61 30.69 30.55 30.41 30.24 30.07 29.90 29.72 29.55 29.38 29.21 29.04 28.88 28.71 28.55 28.40 28.24 28.09 28.00 28.05 28.15 28.25 28.34 28.39
39.90 39.91 39.92 39.94 39.98 40.04 40.03 40.04 40.06 40.05 40.05 40.10 40.12 40.19 40.25 40.32 40.22 40.32 40.25 40.22 40.05 39.92 39.84 39.64 39.31 39.19 38.75 37.72 37.22 36.89 36.15 36.05 35.45 34.76 33.77 32.67 33.22 32.85 32.67 30.49 30.64 30.98 30.02 28.69 27.62 28.21 28.88 29.68 27.45 30.89 31.35 30.29 31.20 31.07 30.94 30.80 30.63 30.45 30.25 30.06 29.86 29.68 29.50 29.32 29.14 28.96 28.79 28.62 28.46 28.29 28.14 27.99 27.93 28.02 28.13 28.23 28.31
39.96 39.94 39.96 39.97 39.97 40.07 40.07 40.07 40.10 40.08 40.11 40.12 40.09 40.24 40.18 40.24 40.17 40.32 40.29 40.20 39.99 40.06 39.97 39.73 39.50 39.26 38.80 37.81 37.25 37.30 36.09 36.38 35.11 35.14 34.11 33.19 33.46 33.81 32.67 31.57 30.44 31.03 30.34 30.07 29.66 29.01 30.52 28.97 27.41 29.07 31.40 30.61 31.01 31.29 31.16 31.05 30.87 30.65 30.43 30.22 30.02 29.82 29.63 29.44 29.24 29.07 28.88 28.71 28.52 28.35 28.20 28.04 27.90 27.90 28.00 28.12 28.21
39.96 39.98 39.99 40.00 40.01 40.03 40.08 40.17 40.13 40.14 40.11 40.17 40.18 40.24 40.25 40.26 40.16 40.22 40.26 40.27 40.30 40.11 39.87 39.58 39.50 39.34 38.88 38.37 38.15 37.82 37.22 36.73 36.72 34.94 35.00 34.84 35.06 34.45 33.40 33.44 31.55 31.07 31.26 31.11 31.92 31.72 31.30 29.00 27.78 27.23 28.85 31.46 31.71 31.49 31.34 31.24 31.05 30.82 30.60 30.39 30.17 29.96 29.76 29.56 29.36 29.17 28.97 28.78 28.61 28.44 28.26 28.09 27.94 27.84 27.88 28.00 28.11
40.03 40.03 40.05 40.05 40.05 40.07 40.07 40.12 40.11 40.20 40.22 40.17 40.20 40.22 40.21 40.19 40.20 40.28 40.25 40.19 40.26 40.10 39.89 39.66 39.39 39.38 38.95 38.56 37.49 38.14 37.81 37.12 37.28 36.85 36.02 35.90 35.34 34.72 34.53 34.04 33.49 33.04 33.13 31.83 32.42 31.33 31.55 30.05 27.41 27.43 30.66 32.07 31.84 31.65 31.47 31.35 31.19 30.98 30.77 30.54 30.33 30.10 29.89 29.68 29.47 29.27 29.08 28.88 28.69 28.52 28.33 28.17 28.01 27.86 27.79 27.89 28.02
40.05 40.06 40.09 40.09 40.09 40.09 40.11 40.08 40.06 40.09 40.10 40.15 40.20 40.24 40.22 40.22 40.23 40.16 40.22 40.11 40.09 39.95 39.75 39.65 39.36 39.11 39.12 38.89 38.53 38.05 37.78 37.76 37.21 37.06 36.56 36.21 35.54 34.79 34.49 33.85 33.12 33.50 33.87 33.53 33.14 32.75 31.73 30.75 29.77 28.29 28.62 31.41 32.10 31.86 31.67 31.53 31.36 31.15 30.93 30.70 30.48 30.25 30.04 29.81 29.60 29.39 29.18 28.99 28.79 28.60 28.42 28.24 28.08 27.92 27.80 27.80 27.92
40.14 40.11 40.13 40.11 40.09 40.09 40.08 40.06 40.08 40.06 40.08 40.10 40.04 40.09 40.08 40.13 40.13 40.03 40.10 40.03 39.98 39.85 39.71 39.50 39.22 38.89 38.24 38.25 38.41 38.18 37.70 37.57 37.39 37.22 36.94 36.59 36.06 36.07 35.83 35.41 34.68 34.78 34.48 34.02 33.43 33.25 32.54 32.51 32.17 30.79 29.40 31.09 30.96 30.91 31.98 31.77 31.55 31.33 31.11 30.87 30.64 30.41 30.17 29.95 29.73 29.51 29.30 29.09 28.89 28.70 28.50 28.32 28.16 27.99 27.85 27.76 27.83
40.16 40.15 40.14 40.14 40.10 40.08 40.07 40.07 40.07 40.02 40.00 40.12 40.03 40.03 39.99 39.91 39.91 39.96 39.82 39.87 39.77 39.68 39.54 39.38 39.14 38.88 38.63 38.17 38.09 37.93 37.70 36.94 37.09 37.13 37.36 37.19 37.02 36.65 36.17 35.95 35.60 35.16 34.81 34.33 33.38 32.77 33.29 32.99 32.59 31.21 30.73 31.49 31.42 32.05 30.89 32.04 31.79 31.54 31.30 31.04 30.80 30.56 30.32 30.08 29.86 29.64 29.42 29.20 28.99 28.79 28.60 28.42 28.25 28.08 27.92 27.80 27.77
40.17 40.19 40.16 40.14 40.08 40.08 40.07 40.06 40.05 40.00 39.96 40.01 40.09 39.97 39.85 39.77 39.82 39.75 39.77 39.68 39.62 39.55 39.44 39.26 38.99 38.82 38.58 37.99 37.94 37.77 36.78 37.06 37.19 37.37 37.38 37.31 37.45 36.92 36.85 36.44 35.54 35.31 34.45 33.96 33.45 33.59 32.44 32.92 32.93 32.39 31.06 31.89 31.55 31.12 29.01 32.01 32.03 31.76 31.49 31.22 30.97 30.72 30.47 30.23 29.99 29.76 29.54 29.31 29.10 28.90 28.70 28.51 28.33 28.17 28.01 27.87 27.77
40.20 40.20 40.21 40.19 40.14 40.13 40.09 40.05 39.99 39.99 39.96 39.90 40.05 39.89 39.82 39.69 39.68 39.56 39.54 39.54 39.42 39.38 39.28 39.07 38.86 38.67 38.41 37.81 37.67 37.24 37.47 37.24 37.40 37.27 37.39 37.31 37.59 37.52 37.06 36.96 36.66 36.20 35.82 34.72 33.50 34.25 33.30 32.52 33.46 33.01 32.50 32.21 31.31 31.22 31.19 30.70 31.76 31.98 31.69 31.40 31.13 30.86 30.61 30.36 30.12 29.89 29.65 29.43 29.21 28.99 28.80 28.60 28.42 28.25 28.10 27.96 27.83
40.22 40.20 40.23 40.21 40.16 40.13 40.11 40.05 40.03 39.94 39.90 39.87 39.94 39.94 39.79 39.69 39.40 39.49 39.38 39.40 39.30 39.23 39.08 38.90 38.78 38.53 38.22 37.75 37.48 37.08 37.36 37.05 36.62 37.11 37.39 37.36 37.98 37.56 36.94 36.90 36.84 36.61 35.46 35.24 35.28 33.81 33.45 33.31 33.24 33.40 33.12 32.69 31.91 31.65 31.19 31.15 30.72 31.16 31.87 31.57 31.29 31.02 30.76 30.51 30.26 30.02 29.78 29.55 29.32 29.10 28.89 28.70 28.51 28.34 28.19 28.04 27.91
