datasets/raw/temp/2019101720191017.grid
ncols 886
nrows 691
xllcenter 112.0000
yllcenter -44.5000
cellsize 0.0500
nodata_value 99999.90
[rows 578 to 611 of 691, columns 539 to 615 of 886]
10.90 10.91 10.93 10.94 10.96 10.97 10.98 11.00 11.01 11.03 11.05 11.07 11.09 11.11 11.14 11.16 11.18 11.20 11.22 11.25 11.28 11.29 11.32 11.35 11.37 11.41 11.43 11.47 11.49 11.52 11.56 11.60 11.64 11.68 11.72 11.77 11.81 11.84 11.88 11.91 11.95 11.99 12.02 12.06 12.12 12.16 12.21 12.26 12.33 12.39 12.46 12.54 12.62 12.71 12.80 12.91 13.00 13.11 13.22 13.33 13.44 13.54 13.64 13.74 13.83 13.91 14.00 14.05 14.12 14.17 14.21 14.23 14.26 14.26 14.27 14.27 14.25
10.84 10.84 10.86 10.87 10.89 10.91 10.92 10.93 10.95 10.97 10.99 11.01 11.03 11.04 11.07 11.09 11.12 11.14 11.16 11.18 11.21 11.23 11.26 11.29 11.31 11.35 11.37 11.40 11.43 11.46 11.51 11.54 11.58 11.61 11.66 11.70 11.74 11.79 11.83 11.87 11.90 11.94 11.98 12.02 12.07 12.11 12.17 12.23 12.28 12.35 12.42 12.49 12.58 12.67 12.76 12.86 12.96 13.06 13.16 13.27 13.37 13.48 13.58 13.68 13.76 13.84 13.91 13.98 14.05 14.10 14.13 14.16 14.18 14.20 14.20 14.19 14.18
10.77 10.79 10.79 10.81 10.82 10.84 10.86 10.87 10.89 10.91 10.93 10.95 10.96 10.98 11.01 11.03 11.05 11.07 11.10 11.12 11.15 11.18 11.20 11.23 11.25 11.29 11.31 11.35 11.38 11.41 11.44 11.48 11.52 11.55 11.59 11.63 11.68 11.72 11.78 11.82 11.86 11.89 11.93 11.98 12.02 12.08 12.12 12.19 12.25 12.31 12.38 12.46 12.54 12.63 12.71 12.82 12.90 13.01 13.11 13.21 13.32 13.41 13.51 13.60 13.69 13.78 13.85 13.91 13.98 14.03 14.06 14.10 14.11 14.13 14.13 14.13 14.12
10.70 10.72 10.73 10.74 10.76 10.78 10.79 10.80 10.82 10.84 10.87 10.88 10.90 10.93 10.95 10.97 10.99 11.01 11.04 11.07 11.08 11.11 11.14 11.17 11.19 11.23 11.25 11.29 11.32 11.35 11.38 11.42 11.45 11.49 11.53 11.57 11.61 11.66 11.71 11.76 11.80 11.85 11.90 11.94 11.99 12.03 12.09 12.15 12.21 12.28 12.34 12.42 12.50 12.59 12.67 12.77 12.86 12.96 13.06 13.16 13.26 13.36 13.45 13.54 13.63 13.71 13.78 13.86 13.91 13.96 14.00 14.03 14.06 14.06 14.07 14.07 14.05
10.65 10.66 10.67 10.68 10.69 10.71 10.73 10.74 10.76 10.78 10.80 10.82 10.84 10.87 10.88 10.91 10.93 10.95 10.98 11.00 11.03 11.05 11.08 11.11 11.14 11.17 11.19 11.23 11.26 11.29 11.32 11.36 11.39 11.43 11.47 11.52 11.56 11.60 11.64 11.69 11.74 11.80 11.84 11.90 11.94 12.00 12.05 12.11 12.17 12.23 12.31 12.38 12.46 12.55 12.63 12.72 12.82 12.91 13.01 13.10 13.21 13.30 13.40 13.49 13.57 13.65 13.73 13.79 13.85 13.89 13.94 13.97 13.99 14.01 14.01 14.00 14.00
10.58 10.59 10.61 10.62 10.64 10.65 10.67 10.69 10.70 10.72 10.75 10.76 10.79 10.80 10.83 10.85 10.87 10.90 10.92 10.95 10.97 11.00 11.02 11.06 11.08 11.11 11.14 11.17 11.20 11.24 11.27 11.30 11.34 11.37 11.42 11.45 11.49 11.53 11.58 11.63 11.68 11.73 11.78 11.84 11.90 11.95 12.01 12.07 12.13 12.20 12.27 12.35 12.43 12.51 12.59 12.68 12.77 12.86 12.96 13.06 13.15 13.25 13.34 13.43 13.51 13.59 13.67 13.73 13.80 13.84 13.88 13.91 13.93 13.95 13.95 13.95 13.95
10.52 10.53 10.55 10.56 10.58 10.60 10.61 10.63 10.64 10.66 10.68 10.70 10.73 10.75 10.77 10.79 10.82 10.84 10.87 10.89 10.92 10.94 10.98 11.00 11.03 11.06 11.09 11.11 11.15 11.18 11.21 11.24 11.29 11.32 11.36 11.39 11.43 11.48 11.52 11.56 11.61 11.66 11.71 11.77 11.82 11.89 11.95 12.02 12.09 12.15 12.23 12.30 12.38 12.47 12.54 12.63 12.72 12.81 12.91 13.00 13.10 13.19 13.29 13.37 13.45 13.53 13.60 13.67 13.72 13.77 13.81 13.84 13.86 13.88 13.89 13.89 13.89
10.46 10.48 10.48 10.50 10.51 10.53 10.55 10.57 10.59 10.61 10.63 10.65 10.67 10.69 10.72 10.74 10.77 10.79 10.82 10.84 10.87 10.89 10.92 10.95 10.98 11.00 11.04 11.07 11.10 11.13 11.17 11.20 11.23 11.27 11.30 11.35 11.38 11.42 11.46 11.51 11.56 11.60 11.66 11.70 11.76 11.82 11.89 11.95 12.02 12.09 12.16 12.23 12.31 12.40 12.47 12.56 12.65 12.74 12.84 12.92 13.01 13.09 13.18 13.25 13.33 13.40 13.46 13.51 13.57 13.62 13.66 13.71 13.74 13.77 13.80 13.83 13.84
10.40 10.41 10.43 10.44 10.46 10.47 10.50 10.51 10.54 10.55 10.58 10.59 10.62 10.64 10.67 10.68 10.71 10.74 10.76 10.79 10.81 10.85 10.87 10.90 10.93 10.96 10.99 11.02 11.05 11.08 11.11 11.16 11.19 11.22 11.26 11.29 11.34 11.38 11.42 11.46 11.51 11.55 11.60 11.65 11.71 11.76 11.81 11.88 11.94 12.01 12.07 12.15 12.22 12.30 12.38 12.46 12.54 12.62 12.71 12.79 12.87 12.95 13.02 13.09 13.17 13.23 13.29 13.35 13.40 13.46 13.50 13.54 13.58 13.63 13.66 13.71 13.75
10.34 10.36 10.37 10.39 10.40 10.43 10.44 10.46 10.48 10.49 10.52 10.54 10.57 10.58 10.61 10.63 10.66 10.69 10.71 10.74 10.77 10.79 10.82 10.85 10.88 10.91 10.94 10.97 11.01 11.04 11.07 11.11 11.14 11.18 11.22 11.25 11.29 11.33 11.38 11.41 11.46 11.51 11.55 11.60 11.65 11.71 11.76 11.82 11.88 11.95 12.01 12.08 12.14 12.22 12.29 12.37 12.44 12.52 12.60 12.67 12.75 12.82 12.89 12.96 13.02 13.09 13.15 13.20 13.26 13.31 13.36 13.40 13.45 13.50 13.54 13.59 13.64
10.29 10.30 10.32 10.33 10.35 10.37 10.38 10.41 10.42 10.45 10.47 10.49 10.51 10.54 10.56 10.58 10.62 10.64 10.66 10.69 10.72 10.74 10.78 10.81 10.83 10.87 10.90 10.93 10.96 10.99 11.03 11.07 11.10 11.13 11.18 11.21 11.25 11.29 11.34 11.38 11.42 11.47 11.51 11.56 11.61 11.66 11.72 11.78 11.84 11.89 11.96 12.02 12.08 12.15 12.22 12.29 12.36 12.43 12.51 12.58 12.65 12.71 12.78 12.84 12.91 12.97 13.03 13.09 13.14 13.19 13.24 13.30 13.35 13.39 13.45 13.50 13.55
10.24 10.25 10.27 10.28 10.30 10.32 10.34 10.35 10.38 10.40 10.41 10.44 10.46 10.49 10.51 10.54 10.57 10.59 10.62 10.65 10.68 10.70 10.74 10.77 10.79 10.83 10.86 10.89 10.92 10.95 11.00 11.03 11.06 11.10 11.13 11.18 11.22 11.25 11.29 11.34 11.38 11.43 11.47 11.53 11.57 11.63 11.68 11.73 11.79 11.84 11.90 11.97 12.03 12.09 12.15 12.23 12.29 12.36 12.43 12.49 12.56 12.63 12.69 12.75 12.82 12.87 12.93 12.99 13.04 13.09 13.15 13.21 13.26 13.32 13.38 13.43 13.49
10.18 10.20 10.21 10.23 10.25 10.26 10.29 10.31 10.33 10.34 10.37 10.39 10.42 10.44 10.47 10.50 10.52 10.55 10.58 10.61 10.63 10.66 10.70 10.72 10.75 10.78 10.82 10.85 10.89 10.92 10.96 11.00 11.03 11.07 11.10 11.15 11.18 11.22 11.26 11.31 11.35 11.39 11.44 11.49 11.54 11.59 11.64 11.70 11.75 11.81 11.87 11.93 11.99 12.05 12.11 12.18 12.24 12.30 12.37 12.43 12.50 12.55 12.62 12.67 12.74 12.80 12.85 12.91 12.97 13.02 13.08 13.14 13.19 13.25 13.31 13.38 13.44
10.13 10.14 10.16 10.18 10.19 10.22 10.24 10.25 10.28 10.30 10.32 10.35 10.37 10.40 10.43 10.45 10.48 10.51 10.54 10.56 10.59 10.63 10.66 10.69 10.72 10.76 10.79 10.82 10.85 10.88 10.93 10.96 11.00 11.03 11.07 11.12 11.16 11.19 11.23 11.28 11.32 11.38 11.42 11.46 11.51 11.57 11.61 11.67 11.73 11.77 11.83 11.89 11.95 12.01 12.07 12.13 12.20 12.26 12.31 12.38 12.44 12.50 12.56 12.62 12.68 12.74 12.79 12.85 12.91 12.96 13.03 13.08 13.14 13.21 13.27 13.34 13.41
10.08 10.09 10.12 10.13 10.15 10.17 10.19 10.21 10.23 10.26 10.28 10.30 10.33 10.36 10.38 10.41 10.44 10.47 10.50 10.52 10.55 10.59 10.62 10.65 10.68 10.72 10.75 10.79 10.82 10.85 10.90 10.93 10.97 11.01 11.04 11.09 11.13 11.17 11.21 11.26 11.30 11.34 11.39 11.44 11.49 11.54 11.59 11.65 11.69 11.75 11.81 11.87 11.92 11.98 12.04 12.10 12.16 12.22 12.28 12.34 12.40 12.46 12.52 12.58 12.63 12.69 12.75 12.81 12.87 12.92 12.98 13.04 13.10 13.17 13.24 13.32 13.39
10.03 10.05 10.06 10.09 10.11 10.12 10.14 10.16 10.19 10.21 10.24 10.27 10.29 10.32 10.34 10.38 10.40 10.43 10.46 10.49 10.52 10.55 10.58 10.61 10.65 10.69 10.72 10.75 10.79 10.83 10.87 10.90 10.94 10.98 11.03 11.07 11.10 11.14 11.20 11.24 11.28 11.33 11.37 11.43 11.47 11.53 11.57 11.63 11.68 11.73 11.79 11.84 11.90 11.96 12.02 12.07 12.13 12.19 12.26 12.31 12.37 12.43 12.48 12.55 12.60 12.66 12.72 12.78 12.83 12.89 12.95 13.02 13.09 13.15 13.22 13.30 13.38
9.99 10.00 10.02 10.04 10.05 10.08 10.10 10.12 10.14 10.18 10.20 10.22 10.25 10.28 10.31 10.33 10.36 10.39 10.43 10.46 10.49 10.52 10.55 10.59 10.62 10.65 10.69 10.72 10.77 10.80 10.84 10.88 10.92 10.96 11.00 11.04 11.08 11.12 11.17 11.22 11.26 11.31 11.36 11.40 11.46 11.51 11.56 11.62 11.66 11.72 11.77 11.83 11.89 11.94 12.00 12.06 12.11 12.17 12.24 12.29 12.35 12.41 12.46 12.53 12.58 12.64 12.70 12.75 12.81 12.88 12.94 13.00 13.06 13.13 13.21 13.29 13.38
9.94 9.96 9.98 9.99 10.01 10.04 10.06 10.09 10.11 10.13 10.16 10.19 10.21 10.24 10.27 10.29 10.33 10.36 10.39 10.42 10.46 10.49 10.52 10.56 10.59 10.62 10.67 10.70 10.74 10.78 10.81 10.85 10.90 10.94 10.98 11.02 11.06 11.11 11.16 11.20 11.25 11.30 11.34 11.40 11.44 11.50 11.55 11.61 11.65 11.71 11.76 11.82 11.87 11.93 11.99 12.04 12.11 12.16 12.22 12.27 12.34 12.39 12.45 12.50 12.57 12.62 12.68 12.74 12.80 12.86 12.93 12.99 13.06 13.13 13.21 13.29 13.38
9.89 9.92 9.94 9.95 9.97 10.00 10.02 10.05 10.07 10.10 10.12 10.15 10.17 10.21 10.24 10.26 10.29 10.32 10.36 10.39 10.43 10.46 10.49 10.53 10.57 10.61 10.64 10.68 10.72 10.75 10.79 10.84 10.88 10.92 10.96 11.00 11.06 11.10 11.14 11.20 11.24 11.29 11.33 11.39 11.43 11.49 11.54 11.60 11.65 11.71 11.76 11.82 11.87 11.93 11.98 12.04 12.09 12.16 12.21 12.27 12.33 12.38 12.44 12.51 12.56 12.62 12.67 12.74 12.80 12.86 12.93 12.99 13.06 13.13 13.21 13.29 13.38
9.85 9.88 9.90 9.92 9.94 9.96 9.98 10.00 10.04 10.06 10.09 10.12 10.14 10.17 10.21 10.24 10.27 10.30 10.33 10.36 10.39 10.43 10.47 10.51 10.54 10.58 10.62 10.65 10.70 10.74 10.78 10.82 10.86 10.90 10.95 11.00 11.04 11.08 11.13 11.18 11.23 11.28 11.33 11.38 11.43 11.49 11.53 11.59 11.64 11.70 11.76 11.82 11.87 11.92 11.98 12.04 12.10 12.15 12.22 12.27 12.33 12.38 12.45 12.50 12.56 12.62 12.67 12.74 12.80 12.86 12.93 12.99 13.06 13.15 13.22 13.31 13.40
9.81 9.83 9.86 9.88 9.90 9.92 9.95 9.97 10.00 10.02 10.05 10.09 10.11 10.14 10.17 10.20 10.23 10.28 10.31 10.34 10.37 10.41 10.44 10.48 10.53 10.56 10.60 10.64 10.68 10.72 10.76 10.80 10.85 10.90 10.94 10.98 11.03 11.08 11.13 11.17 11.22 11.28 11.33 11.37 11.43 11.48 11.53 11.59 11.64 11.71 11.76 11.82 11.87 11.92 11.99 12.04 12.11 12.16 12.21 12.28 12.33 12.39 12.45 12.51 12.56 12.62 12.69 12.75 12.81 12.87 12.93 13.01 13.08 13.15 13.23 13.32 13.41
9.77 9.80 9.82 9.84 9.87 9.89 9.91 9.94 9.97 9.99 10.02 10.05 10.09 10.12 10.15 10.18 10.21 10.24 10.28 10.31 10.36 10.39 10.43 10.47 10.50 10.54 10.58 10.62 10.66 10.71 10.75 10.80 10.84 10.88 10.93 10.98 11.03 11.07 11.12 11.18 11.23 11.27 11.32 11.38 11.43 11.48 11.54 11.60 11.65 11.71 11.76 11.81 11.88 11.93 12.00 12.05 12.11 12.17 12.23 12.28 12.34 12.40 12.46 12.52 12.57 12.63 12.69 12.76 12.82 12.88 12.95 13.02 13.09 13.17 13.25 13.34 13.43
9.73 9.76 9.77 9.81 9.83 9.86 9.88 9.91 9.94 9.96 9.99 10.02 10.05 10.08 10.12 10.16 10.19 10.22 10.26 10.29 10.33 10.37 10.40 10.45 10.49 10.53 10.57 10.61 10.65 10.70 10.74 10.78 10.84 10.88 10.93 10.97 11.02 11.08 11.12 11.17 11.22 11.27 11.33 11.38 11.43 11.49 11.55 11.60 11.66 11.72 11.77 11.83 11.89 11.94 12.01 12.06 12.12 12.19 12.24 12.30 12.36 12.41 12.47 12.53 12.59 12.65 12.71 12.78 12.83 12.90 12.97 13.04 13.11 13.18 13.27 13.35 13.44
9.69 9.73 9.75 9.77 9.80 9.83 9.85 9.88 9.91 9.94 9.97 10.00 10.03 10.06 10.09 10.13 10.17 10.21 10.24 10.28 10.32 10.35 10.39 10.43 10.47 10.51 10.55 10.61 10.65 10.69 10.74 10.78 10.83 10.87 10.92 10.98 11.02 11.07 11.12 11.17 11.23 11.28 11.33 11.39 11.45 11.50 11.55 11.62 11.67 11.73 11.78 11.85 11.90 11.96 12.02 12.08 12.14 12.19 12.26 12.32 12.38 12.43 12.49 12.55 12.61 12.67 12.74 12.79 12.86 12.92 12.99 13.05 13.13 13.20 13.29 13.37 13.46
9.67 9.69 9.72 9.74 9.77 9.80 9.82 9.85 9.88 9.91 9.94 9.97 10.01 10.04 10.07 10.11 10.14 10.18 10.22 10.25 10.30 10.34 10.38 10.42 10.46 10.51 10.55 10.59 10.64 10.68 10.74 10.78 10.83 10.88 10.92 10.97 11.02 11.07 11.13 11.18 11.23 11.29 11.35 11.40 11.45 11.51 11.56 11.63 11.68 11.74 11.80 11.86 11.92 11.97 12.04 12.10 12.16 12.21 12.28 12.34 12.40 12.46 12.52 12.58 12.64 12.70 12.75 12.82 12.89 12.94 13.02 13.08 13.16 13.23 13.30 13.39 13.48
9.64 9.66 9.69 9.71 9.74 9.77 9.80 9.83 9.86 9.89 9.92 9.95 9.99 10.02 10.06 10.09 10.13 10.17 10.20 10.24 10.28 10.32 10.37 10.42 10.46 10.50 10.54 10.59 10.63 10.68 10.73 10.77 10.82 10.88 10.93 10.98 11.03 11.08 11.13 11.19 11.25 11.30 11.35 11.41 11.46 11.53 11.58 11.64 11.70 11.76 11.82 11.88 11.94 12.00 12.06 12.12 12.18 12.24 12.30 12.37 12.42 12.48 12.54 12.61 12.66 12.72 12.78 12.85 12.91 12.97 13.04 13.11 13.18 13.25 13.34 13.41 13.50
9.60 9.63 9.66 9.69 9.71 9.74 9.77 9.80 9.83 9.87 9.90 9.93 9.97 10.00 10.04 10.08 10.12 10.15 10.19 10.23 10.27 10.32 10.36 10.40 10.44 10.49 10.54 10.59 10.64 10.68 10.73 10.78 10.83 10.88 10.93 10.98 11.04 11.09 11.15 11.20 11.26 11.31 11.37 11.43 11.49 11.54 11.60 11.67 11.72 11.78 11.84 11.90 11.97 12.03 12.08 12.14 12.20 12.26 12.33 12.39 12.45 12.51 12.58 12.64 12.70 12.75 12.81 12.88 12.95 13.00 13.07 13.14 13.21 13.28 13.36 13.43 13.52
9.57 9.60 9.63 9.66 9.69 9.72 9.75 9.78 9.81 9.85 9.88 9.92 9.95 9.99 10.03 10.07 10.10 10.14 10.18 10.23 10.27 10.31 10.35 10.40 10.44 10.49 10.54 10.58 10.63 10.68 10.74 10.79 10.84 10.89 10.94 10.99 11.05 11.10 11.16 11.22 11.27 11.33 11.39 11.44 11.50 11.57 11.63 11.68 11.74 11.80 11.87 11.93 11.99 12.05 12.11 12.18 12.24 12.30 12.36 12.42 12.48 12.55 12.61 12.67 12.73 12.79 12.85 12.91 12.98 13.04 13.11 13.18 13.24 13.32 13.38 13.47 13.54
9.55 9.57 9.60 9.63 9.66 9.70 9.73 9.76 9.80 9.83 9.87 9.90 9.94 9.98 10.02 10.06 10.10 10.14 10.18 10.22 10.26 10.31 10.35 10.40 10.44 10.49 10.54 10.59 10.64 10.69 10.74 10.79 10.85 10.90 10.96 11.01 11.06 11.12 11.18 11.23 11.29 11.35 11.41 11.47 11.53 11.59 11.65 11.72 11.78 11.84 11.90 11.96 12.02 12.09 12.15 12.21 12.27 12.33 12.40 12.46 12.52 12.58 12.64 12.71 12.77 12.83 12.88 12.95 13.02 13.08 13.14 13.21 13.28 13.35 13.42 13.49 13.57
9.52 9.55 9.58 9.61 9.64 9.68 9.71 9.74 9.78 9.81 9.85 9.89 9.93 9.97 10.01 10.05 10.09 10.13 10.17 10.22 10.26 10.31 10.35 10.40 10.45 10.50 10.55 10.60 10.65 10.70 10.75 10.80 10.86 10.91 10.96 11.03 11.08 11.14 11.20 11.26 11.31 11.37 11.43 11.50 11.56 11.62 11.68 11.74 11.80 11.87 11.93 12.00 12.06 12.12 12.18 12.24 12.31 12.37 12.44 12.49 12.57 12.62 12.68 12.74 12.81 12.87 12.93 13.00 13.05 13.12 13.19 13.24 13.31 13.38 13.45 13.53 13.59
9.51 9.54 9.57 9.59 9.62 9.66 9.69 9.73 9.76 9.80 9.84 9.88 9.92 9.96 10.00 10.04 10.08 10.13 10.17 10.22 10.26 10.31 10.36 10.41 10.46 10.51 10.56 10.61 10.66 10.71 10.76 10.82 10.87 10.93 10.98 11.04 11.11 11.16 11.22 11.28 11.34 11.40 11.46 11.52 11.58 11.64 11.72 11.78 11.84 11.90 11.96 12.03 12.09 12.16 12.23 12.29 12.35 12.42 12.48 12.54 12.60 12.67 12.73 12.79 12.86 12.91 12.97 13.04 13.10 13.16 13.22 13.29 13.36 13.42 13.49 13.55 13.63
9.49 9.52 9.55 9.58 9.62 9.64 9.68 9.71 9.75 9.79 9.83 9.87 9.91 9.95 9.99 10.04 10.08 10.13 10.17 10.22 10.27 10.32 10.36 10.41 10.46 10.52 10.57 10.62 10.67 10.73 10.78 10.84 10.89 10.95 11.01 11.07 11.12 11.18 11.24 11.30 11.37 11.43 11.50 11.56 11.62 11.68 11.74 11.81 11.88 11.94 12.01 12.07 12.14 12.20 12.26 12.33 12.39 12.45 12.52 12.58 12.65 12.71 12.77 12.84 12.90 12.96 13.03 13.08 13.14 13.21 13.27 13.33 13.40 13.47 13.52 13.59 13.66
9.47 9.50 9.54 9.57 9.60 9.64 9.67 9.71 9.74 9.78 9.82 9.86 9.91 9.95 9.99 10.04 10.08 10.13 10.18 10.22 10.27 10.32 10.37 10.42 10.48 10.53 10.58 10.64 10.69 10.75 10.80 10.86 10.92 10.98 11.03 11.09 11.15 11.21 11.27 11.34 11.40 11.46 11.53 11.60 11.66 11.72 11.79 11.85 11.91 11.98 12.04 12.12 12.18 12.25 12.31 12.38 12.44 12.51 12.57 12.64 12.70 12.76 12.83 12.89 12.95 13.01 13.07 13.14 13.20 13.26 13.32 13.38 13.45 13.50 13.57 13.64 13.69
9.47 9.50 9.52 9.56 9.59 9.63 9.66 9.70 9.74 9.78 9.82 9.86 9.90 9.95 9.99 10.04 10.09 10.13 10.18 10.23 10.28 10.33 10.38 10.44 10.49 10.54 10.60 10.66 10.71 10.77 10.83 10.88 10.94 11.00 11.06 11.12 11.18 11.25 11.31 11.37 11.43 11.50 11.56 11.63 11.70 11.77 11.83 11.90 11.96 12.03 12.09 12.16 12.22 12.29 12.36 12.43 12.49 12.55 12.62 12.69 12.76 12.81 12.87 12.94 13.00 13.06 13.13 13.19 13.25 13.31 13.37 13.43 13.49 13.55 13.62 13.68 13.73
