datasets/raw/temp/2019101120191011.grid
ncols 886
nrows 691
xllcenter 112.0000
yllcenter -44.5000
cellsize 0.0500
nodata_value 99999.90
[rows 646 to 679 of 691, columns 770 to 846 of 886]
10.37 10.31 10.26 10.21 10.16 10.11 10.06 10.01 9.97 9.92 9.87 9.82 9.78 9.73 9.69 9.65 9.61 9.56 9.52 9.48 9.44 9.40 9.36 9.32 9.29 9.25 9.20 9.16 9.13 9.09 9.06 9.02 8.99 8.96 8.92 8.89 8.88 8.89 8.90 8.89 8.89 8.89 8.88 8.87 8.87 8.86 8.86 8.87 8.90 8.94 8.97 9.00 9.02 9.04 9.06 9.07 9.08 9.10 9.10 9.10 9.11 9.10 9.10 9.10 9.10 9.09 9.08 9.07 9.06 9.05 9.04 9.03 9.02 9.00 8.99 8.97 8.95
10.32 10.27 10.22 10.17 10.12 10.07 10.02 9.97 9.92 9.88 9.83 9.78 9.74 9.69 9.65 9.60 9.56 9.51 9.48 9.44 9.40 9.35 9.31 9.28 9.24 9.20 9.16 9.12 9.08 9.05 9.02 8.98 8.95 8.91 8.87 8.84 8.84 8.85 8.85 8.85 8.84 8.85 8.84 8.83 8.83 8.81 8.81 8.83 8.87 8.90 8.94 8.96 8.99 9.00 9.02 9.03 9.05 9.06 9.06 9.07 9.07 9.08 9.07 9.07 9.06 9.06 9.05 9.05 9.03 9.02 9.01 9.00 8.99 8.97 8.96 8.94 8.93
10.28 10.22 10.17 10.12 10.07 10.02 9.97 9.92 9.87 9.83 9.78 9.73 9.69 9.64 9.60 9.55 9.52 9.48 9.43 9.39 9.35 9.31 9.27 9.23 9.19 9.16 9.12 9.08 9.04 9.01 8.97 8.93 8.90 8.86 8.83 8.80 8.79 8.80 8.81 8.80 8.81 8.80 8.80 8.80 8.78 8.77 8.77 8.79 8.83 8.86 8.90 8.92 8.95 8.97 8.99 9.01 9.01 9.02 9.04 9.03 9.04 9.04 9.04 9.03 9.03 9.03 9.02 9.01 9.00 8.99 8.98 8.97 8.95 8.94 8.93 8.91 8.90
10.22 10.17 10.12 10.07 10.02 9.98 9.93 9.88 9.83 9.78 9.74 9.69 9.65 9.60 9.56 9.51 9.47 9.42 9.38 9.35 9.31 9.26 9.22 9.18 9.15 9.11 9.07 9.03 9.00 8.96 8.92 8.89 8.85 8.82 8.78 8.75 8.75 8.76 8.76 8.76 8.77 8.76 8.75 8.75 8.74 8.73 8.73 8.75 8.79 8.82 8.86 8.88 8.91 8.94 8.95 8.97 8.99 8.99 9.00 9.01 9.00 9.01 9.01 9.00 9.00 8.99 8.99 8.98 8.97 8.96 8.94 8.93 8.92 8.91 8.89 8.88 8.86
10.18 10.13 10.08 10.03 9.98 9.92 9.88 9.83 9.78 9.73 9.69 9.64 9.60 9.55 9.52 9.47 9.43 9.38 9.34 9.30 9.26 9.22 9.18 9.14 9.10 9.06 9.03 8.99 8.95 8.92 8.88 8.84 8.81 8.77 8.73 8.70 8.71 8.72 8.72 8.72 8.72 8.72 8.71 8.71 8.70 8.70 8.69 8.72 8.75 8.78 8.82 8.86 8.88 8.90 8.92 8.94 8.95 8.96 8.97 8.97 8.97 8.97 8.98 8.98 8.97 8.96 8.96 8.95 8.94 8.93 8.92 8.90 8.89 8.88 8.86 8.85 8.83
10.14 10.09 10.03 9.98 9.93 9.88 9.83 9.78 9.74 9.69 9.65 9.60 9.55 9.51 9.46 9.42 9.38 9.33 9.30 9.26 9.21 9.17 9.13 9.10 9.06 9.02 8.98 8.94 8.91 8.87 8.83 8.80 8.76 8.72 8.69 8.66 8.67 8.67 8.68 8.68 8.68 8.68 8.67 8.67 8.66 8.66 8.65 8.68 8.72 8.76 8.79 8.82 8.84 8.87 8.89 8.90 8.92 8.92 8.93 8.94 8.94 8.94 8.94 8.94 8.94 8.93 8.92 8.92 8.91 8.90 8.89 8.88 8.87 8.85 8.83 8.82 8.80
10.09 10.03 9.98 9.93 9.88 9.84 9.79 9.74 9.69 9.65 9.60 9.56 9.51 9.47 9.42 9.38 9.34 9.29 9.25 9.20 9.17 9.13 9.09 9.05 9.01 8.98 8.94 8.89 8.86 8.83 8.79 8.75 8.72 8.68 8.64 8.62 8.63 8.63 8.64 8.64 8.64 8.64 8.64 8.63 8.62 8.62 8.61 8.64 8.68 8.72 8.75 8.79 8.81 8.83 8.86 8.87 8.88 8.89 8.90 8.91 8.91 8.91 8.91 8.91 8.91 8.91 8.89 8.88 8.88 8.87 8.86 8.85 8.84 8.82 8.81 8.79 8.78
10.04 9.99 9.94 9.89 9.84 9.79 9.74 9.70 9.65 9.60 9.56 9.51 9.47 9.42 9.38 9.34 9.29 9.25 9.21 9.16 9.12 9.08 9.05 9.01 8.97 8.93 8.89 8.85 8.82 8.77 8.75 8.71 8.67 8.63 8.60 8.57 8.59 8.59 8.60 8.60 8.60 8.60 8.59 8.59 8.58 8.58 8.57 8.61 8.65 8.69 8.72 8.75 8.77 8.80 8.82 8.83 8.85 8.87 8.87 8.88 8.88 8.89 8.88 8.88 8.88 8.87 8.86 8.85 8.85 8.84 8.83 8.82 8.80 8.79 8.78 8.76 8.75
10.00 9.94 9.89 9.84 9.79 9.75 9.70 9.65 9.61 9.56 9.51 9.46 9.41 9.37 9.34 9.29 9.25 9.21 9.16 9.12 9.08 9.04 9.00 8.97 8.92 8.88 8.84 8.80 8.77 8.73 8.69 8.66 8.63 8.59 8.56 8.53 8.55 8.55 8.56 8.56 8.56 8.56 8.56 8.55 8.54 8.54 8.53 8.57 8.61 8.66 8.69 8.72 8.74 8.77 8.79 8.80 8.82 8.83 8.83 8.84 8.85 8.85 8.85 8.85 8.84 8.84 8.84 8.82 8.81 8.80 8.80 8.78 8.77 8.76 8.75 8.73 8.72
9.95 9.89 9.84 9.80 9.75 9.70 9.65 9.61 9.56 9.51 9.46 9.42 9.37 9.33 9.28 9.24 9.21 9.16 9.12 9.08 9.04 8.99 8.95 8.91 8.88 8.84 8.80 8.76 8.72 8.69 8.65 8.61 8.58 8.55 8.51 8.50 8.51 8.52 8.52 8.52 8.53 8.52 8.52 8.52 8.50 8.50 8.50 8.54 8.58 8.62 8.65 8.69 8.72 8.74 8.76 8.77 8.79 8.80 8.81 8.81 8.82 8.82 8.81 8.81 8.81 8.81 8.81 8.80 8.78 8.77 8.76 8.75 8.74 8.73 8.71 8.70 8.68
9.90 9.84 9.80 9.75 9.70 9.66 9.61 9.56 9.52 9.47 9.42 9.37 9.33 9.28 9.24 9.20 9.16 9.12 9.08 9.04 8.99 8.95 8.91 8.87 8.83 8.80 8.76 8.72 8.68 8.64 8.61 8.57 8.53 8.51 8.47 8.46 8.46 8.48 8.48 8.48 8.49 8.48 8.48 8.48 8.47 8.47 8.47 8.51 8.55 8.59 8.62 8.66 8.68 8.71 8.73 8.74 8.76 8.77 8.78 8.78 8.79 8.79 8.78 8.78 8.78 8.78 8.77 8.77 8.76 8.74 8.73 8.72 8.71 8.70 8.68 8.67 8.65
9.85 9.81 9.75 9.70 9.66 9.61 9.56 9.52 9.47 9.42 9.38 9.34 9.28 9.24 9.19 9.16 9.12 9.08 9.03 8.99 8.95 8.91 8.87 8.83 8.79 8.76 8.72 8.68 8.64 8.60 8.57 8.53 8.49 8.45 8.43 8.42 8.43 8.43 8.45 8.45 8.44 8.45 8.44 8.44 8.43 8.43 8.44 8.48 8.52 8.56 8.59 8.63 8.65 8.67 8.70 8.71 8.73 8.74 8.74 8.75 8.76 8.76 8.76 8.75 8.75 8.75 8.74 8.74 8.73 8.72 8.70 8.69 8.68 8.67 8.65 8.64 8.62
9.81 9.76 9.71 9.66 9.61 9.56 9.52 9.47 9.42 9.38 9.34 9.29 9.25 9.20 9.16 9.12 9.07 9.03 8.99 8.95 8.91 8.87 8.82 8.78 8.74 8.71 8.67 8.64 8.60 8.56 8.53 8.49 8.45 8.41 8.39 8.39 8.39 8.40 8.41 8.41 8.41 8.41 8.41 8.41 8.40 8.40 8.41 8.46 8.49 8.54 8.56 8.60 8.62 8.65 8.67 8.68 8.70 8.71 8.72 8.72 8.73 8.73 8.73 8.72 8.72 8.72 8.71 8.71 8.70 8.69 8.67 8.66 8.65 8.63 8.62 8.61 8.59
9.76 9.71 9.66 9.61 9.57 9.51 9.47 9.42 9.38 9.33 9.29 9.24 9.20 9.16 9.11 9.07 9.03 8.99 8.94 8.90 8.86 8.82 8.78 8.74 8.70 8.67 8.63 8.59 8.55 8.51 8.49 8.45 8.41 8.37 8.34 8.35 8.36 8.37 8.38 8.38 8.37 8.38 8.37 8.37 8.36 8.35 8.38 8.43 8.47 8.51 8.54 8.57 8.59 8.62 8.64 8.65 8.67 8.68 8.69 8.69 8.70 8.70 8.70 8.69 8.69 8.69 8.68 8.67 8.67 8.66 8.65 8.64 8.62 8.60 8.59 8.57 8.56
9.72 9.67 9.61 9.57 9.52 9.48 9.43 9.39 9.33 9.29 9.24 9.20 9.15 9.11 9.07 9.03 8.98 8.94 8.90 8.86 8.82 8.78 8.74 8.70 8.67 8.63 8.59 8.55 8.51 8.47 8.44 8.40 8.37 8.33 8.31 8.31 8.33 8.33 8.34 8.34 8.34 8.35 8.34 8.33 8.33 8.32 8.35 8.39 8.44 8.48 8.51 8.54 8.56 8.59 8.61 8.62 8.64 8.65 8.66 8.66 8.67 8.67 8.67 8.66 8.66 8.65 8.65 8.64 8.64 8.63 8.62 8.61 8.59 8.57 8.57 8.55 8.53
9.67 9.62 9.57 9.53 9.47 9.43 9.38 9.34 9.29 9.25 9.20 9.15 9.11 9.07 9.02 8.98 8.94 8.90 8.85 8.81 8.77 8.74 8.70 8.66 8.62 8.58 8.54 8.50 8.47 8.44 8.40 8.36 8.32 8.30 8.28 8.28 8.30 8.30 8.30 8.31 8.31 8.30 8.31 8.30 8.29 8.29 8.33 8.37 8.42 8.45 8.48 8.52 8.54 8.56 8.58 8.59 8.61 8.62 8.62 8.63 8.64 8.64 8.64 8.64 8.63 8.62 8.62 8.61 8.61 8.60 8.59 8.58 8.56 8.55 8.53 8.52 8.50
9.62 9.58 9.52 9.48 9.43 9.39 9.34 9.29 9.24 9.20 9.16 9.11 9.07 9.03 8.99 8.94 8.90 8.86 8.82 8.78 8.74 8.70 8.66 8.62 8.58 8.54 8.50 8.46 8.43 8.39 8.36 8.32 8.28 8.25 8.25 8.25 8.26 8.27 8.27 8.27 8.28 8.27 8.27 8.26 8.26 8.26 8.31 8.35 8.39 8.42 8.46 8.49 8.51 8.54 8.56 8.57 8.58 8.59 8.60 8.60 8.61 8.61 8.61 8.60 8.60 8.59 8.59 8.58 8.58 8.57 8.56 8.55 8.53 8.52 8.51 8.49 8.48
9.57 9.53 9.48 9.44 9.38 9.34 9.29 9.25 9.20 9.16 9.11 9.07 9.02 8.98 8.94 8.90 8.86 8.82 8.77 8.73 8.69 8.65 8.61 8.57 8.53 8.50 8.47 8.43 8.39 8.35 8.31 8.28 8.25 8.21 8.21 8.23 8.23 8.23 8.24 8.24 8.24 8.24 8.23 8.23 8.22 8.24 8.28 8.33 8.37 8.40 8.44 8.47 8.49 8.51 8.53 8.54 8.55 8.57 8.57 8.57 8.58 8.58 8.58 8.57 8.57 8.57 8.56 8.55 8.55 8.54 8.53 8.51 8.50 8.49 8.48 8.46 8.45
9.53 9.48 9.43 9.39 9.34 9.30 9.25 9.20 9.16 9.11 9.07 9.03 8.99 8.94 8.90 8.86 8.82 8.78 8.74 8.70 8.66 8.62 8.58 8.54 8.50 8.46 8.42 8.38 8.34 8.31 8.28 8.24 8.20 8.18 8.18 8.19 8.20 8.21 8.21 8.21 8.21 8.21 8.20 8.20 8.19 8.22 8.26 8.31 8.35 8.38 8.41 8.43 8.46 8.49 8.50 8.51 8.53 8.54 8.54 8.55 8.55 8.55 8.55 8.54 8.54 8.54 8.53 8.52 8.52 8.51 8.50 8.48 8.47 8.46 8.44 8.43 8.41
9.49 9.43 9.39 9.34 9.30 9.25 9.20 9.16 9.12 9.07 9.03 8.98 8.94 8.90 8.85 8.81 8.77 8.73 8.69 8.65 8.61 8.57 8.53 8.49 8.45 8.41 8.38 8.35 8.31 8.27 8.24 8.20 8.16 8.14 8.16 8.16 8.17 8.18 8.18 8.19 8.18 8.18 8.17 8.17 8.16 8.19 8.24 8.29 8.32 8.36 8.39 8.41 8.44 8.45 8.47 8.49 8.50 8.50 8.51 8.52 8.52 8.53 8.52 8.51 8.51 8.51 8.50 8.49 8.49 8.48 8.47 8.45 8.44 8.43 8.41 8.40 8.38
9.43 9.39 9.35 9.30 9.25 9.20 9.16 9.12 9.08 9.02 8.98 8.94 8.90 8.86 8.82 8.77 8.73 8.69 8.65 8.61 8.57 8.53 8.50 8.46 8.42 8.38 8.34 8.30 8.26 8.23 8.19 8.16 8.13 8.12 8.12 8.14 8.14 8.14 8.15 8.15 8.15 8.14 8.14 8.13 8.14 8.17 8.22 8.27 8.30 8.34 8.36 8.39 8.42 8.43 8.45 8.46 8.48 8.48 8.49 8.49 8.50 8.50 8.49 8.49 8.48 8.48 8.47 8.46 8.46 8.45 8.44 8.42 8.41 8.40 8.38 8.37 8.35
9.39 9.34 9.30 9.25 9.20 9.16 9.12 9.08 9.03 8.98 8.94 8.90 8.86 8.82 8.78 8.73 8.69 8.65 8.61 8.57 8.53 8.49 8.45 8.41 8.37 8.33 8.30 8.27 8.23 8.19 8.15 8.12 8.09 8.09 8.10 8.11 8.12 8.12 8.12 8.12 8.11 8.12 8.11 8.10 8.11 8.16 8.21 8.24 8.28 8.32 8.34 8.37 8.38 8.41 8.42 8.44 8.44 8.45 8.46 8.47 8.47 8.46 8.46 8.46 8.45 8.45 8.44 8.44 8.43 8.42 8.41 8.39 8.38 8.37 8.35 8.34 8.32
9.34 9.30 9.26 9.21 9.16 9.12 9.08 9.03 8.98 8.94 8.90 8.86 8.81 8.77 8.73 8.69 8.65 8.61 8.57 8.53 8.49 8.45 8.41 8.37 8.34 8.30 8.26 8.22 8.19 8.15 8.11 8.08 8.06 8.06 8.07 8.08 8.09 8.09 8.09 8.10 8.09 8.09 8.08 8.08 8.10 8.14 8.18 8.23 8.26 8.29 8.32 8.35 8.36 8.38 8.40 8.41 8.42 8.43 8.44 8.44 8.43 8.43 8.43 8.43 8.43 8.42 8.41 8.41 8.40 8.39 8.38 8.35 8.34 8.34 8.32 8.31 8.29
9.30 9.26 9.20 9.16 9.12 9.08 9.03 8.99 8.94 8.90 8.86 8.81 8.77 8.73 8.69 8.65 8.61 8.57 8.53 8.49 8.45 8.41 8.38 8.34 8.30 8.26 8.22 8.19 8.15 8.11 8.08 8.05 8.03 8.04 8.05 8.05 8.06 8.06 8.07 8.06 8.06 8.05 8.05 8.04 8.08 8.12 8.17 8.21 8.24 8.27 8.30 8.32 8.34 8.36 8.38 8.38 8.39 8.40 8.41 8.41 8.41 8.41 8.41 8.40 8.40 8.39 8.39 8.38 8.36 8.36 8.34 8.34 8.31 8.31 8.28 8.28 8.26
9.26 9.21 9.16 9.12 9.08 9.03 8.98 8.94 8.90 8.86 8.82 8.77 8.73 8.69 8.65 8.61 8.57 8.53 8.49 8.45 8.40 8.37 8.33 8.29 8.25 8.22 8.19 8.15 8.11 8.08 8.04 8.01 8.01 8.02 8.02 8.03 8.03 8.04 8.03 8.04 8.03 8.03 8.02 8.03 8.07 8.11 8.16 8.19 8.22 8.26 8.27 8.30 8.32 8.34 8.35 8.36 8.37 8.38 8.39 8.38 8.38 8.38 8.38 8.38 8.37 8.37 8.35 8.35 8.33 8.32 8.31 8.30 8.28 8.27 8.26 8.24 8.23
9.21 9.17 9.12 9.07 9.03 8.99 8.94 8.90 8.86 8.82 8.77 8.73 8.69 8.65 8.61 8.57 8.53 8.49 8.44 8.40 8.37 8.33 8.29 8.25 8.22 8.18 8.14 8.10 8.07 8.03 8.00 7.98 7.98 8.00 8.00 8.00 8.01 8.01 8.01 8.00 8.00 7.99 7.99 8.01 8.05 8.10 8.14 8.17 8.21 8.24 8.26 8.28 8.30 8.31 8.33 8.34 8.35 8.35 8.35 8.35 8.36 8.36 8.35 8.35 8.34 8.34 8.32 8.31 8.30 8.29 8.28 8.27 8.25 8.24 8.22 8.22 8.20
9.16 9.12 9.08 9.03 8.99 8.95 8.90 8.86 8.82 8.78 8.73 8.69 8.65 8.61 8.57 8.53 8.49 8.44 8.41 8.37 8.33 8.29 8.25 8.22 8.18 8.14 8.10 8.07 8.03 7.99 7.97 7.95 7.97 7.97 7.97 7.98 7.98 7.99 7.98 7.98 7.98 7.97 7.97 8.00 8.04 8.08 8.12 8.16 8.18 8.21 8.24 8.26 8.27 8.29 8.30 8.32 8.32 8.32 8.33 8.33 8.33 8.33 8.33 8.32 8.31 8.30 8.29 8.28 8.27 8.26 8.25 8.24 8.22 8.21 8.19 8.18 8.16
9.12 9.08 9.04 8.99 8.94 8.90 8.85 8.81 8.78 8.73 8.70 8.65 8.61 8.57 8.53 8.49 8.45 8.40 8.37 8.33 8.29 8.25 8.22 8.18 8.14 8.10 8.07 8.03 7.99 7.96 7.93 7.94 7.94 7.95 7.96 7.95 7.96 7.96 7.96 7.96 7.95 7.94 7.95 7.99 8.03 8.07 8.11 8.14 8.17 8.20 8.22 8.24 8.25 8.27 8.28 8.29 8.29 8.30 8.30 8.31 8.31 8.30 8.29 8.29 8.28 8.27 8.27 8.26 8.25 8.23 8.22 8.21 8.19 8.18 8.16 8.15 8.13
9.08 9.03 8.99 8.95 8.90 8.86 8.82 8.77 8.73 8.69 8.65 8.60 8.57 8.53 8.49 8.45 8.41 8.37 8.33 8.29 8.25 8.21 8.18 8.14 8.10 8.07 8.03 7.99 7.96 7.92 7.90 7.91 7.92 7.93 7.93 7.94 7.93 7.94 7.93 7.93 7.92 7.91 7.94 7.97 8.02 8.06 8.09 8.13 8.16 8.17 8.20 8.22 8.24 8.25 8.25 8.26 8.27 8.28 8.28 8.28 8.27 8.27 8.27 8.26 8.25 8.25 8.24 8.23 8.22 8.21 8.19 8.18 8.17 8.15 8.14 8.12 8.10
9.03 8.98 8.94 8.90 8.85 8.82 8.78 8.74 8.69 8.65 8.61 8.57 8.52 8.49 8.45 8.41 8.37 8.33 8.30 8.25 8.21 8.17 8.14 8.10 8.06 8.03 7.99 7.96 7.92 7.89 7.89 7.89 7.90 7.91 7.91 7.91 7.91 7.91 7.91 7.89 7.89 7.90 7.92 7.97 8.02 8.05 8.08 8.12 8.13 8.16 8.18 8.20 8.22 8.22 8.23 8.24 8.25 8.25 8.25 8.25 8.25 8.24 8.24 8.23 8.23 8.22 8.21 8.20 8.19 8.18 8.16 8.15 8.14 8.12 8.11 8.09 8.07
8.99 8.95 8.90 8.86 8.82 8.77 8.73 8.69 8.66 8.61 8.57 8.53 8.49 8.44 8.41 8.37 8.33 8.29 8.26 8.22 8.17 8.14 8.10 8.06 8.03 7.99 7.95 7.92 7.88 7.87 7.87 7.88 7.88 7.89 7.89 7.89 7.89 7.89 7.88 7.87 7.87 7.88 7.92 7.97 8.00 8.04 8.07 8.10 8.12 8.15 8.17 8.18 8.19 8.20 8.22 8.22 8.22 8.22 8.22 8.22 8.22 8.22 8.22 8.21 8.20 8.19 8.18 8.17 8.16 8.15 8.14 8.12 8.11 8.09 8.08 8.06 8.04
8.94 8.90 8.86 8.81 8.77 8.74 8.69 8.65 8.61 8.57 8.52 8.49 8.45 8.41 8.38 8.33 8.29 8.25 8.22 8.18 8.14 8.11 8.06 8.02 7.99 7.95 7.92 7.88 7.86 7.84 7.85 7.86 7.86 7.87 7.86 7.87 7.87 7.86 7.86 7.84 7.85 7.87 7.91 7.96 8.00 8.03 8.06 8.09 8.11 8.12 8.14 8.16 8.17 8.19 8.19 8.19 8.20 8.20 8.20 8.20 8.20 8.20 8.19 8.18 8.17 8.16 8.15 8.14 8.12 8.11 8.10 8.09 8.08 8.06 8.05 8.03 8.01
8.90 8.85 8.82 8.78 8.73 8.69 8.65 8.60 8.57 8.53 8.49 8.44 8.41 8.37 8.33 8.30 8.25 8.21 8.18 8.14 8.10 8.07 8.03 8.00 7.96 7.91 7.88 7.85 7.83 7.83 7.84 7.84 7.85 7.84 7.85 7.85 7.84 7.84 7.83 7.82 7.83 7.87 7.91 7.95 7.98 8.02 8.05 8.07 8.09 8.11 8.13 8.15 8.15 8.16 8.17 8.17 8.18 8.18 8.18 8.18 8.17 8.16 8.15 8.15 8.14 8.13 8.12 8.11 8.10 8.08 8.07 8.06 8.05 8.03 8.02 8.00 7.98
8.85 8.82 8.78 8.73 8.69 8.66 8.61 8.57 8.53 8.49 8.45 8.41 8.38 8.33 8.29 8.25 8.22 8.18 8.14 8.10 8.06 8.03 7.99 7.95 7.92 7.89 7.85 7.81 7.81 7.81 7.82 7.82 7.83 7.83 7.82 7.83 7.81 7.81 7.81 7.80 7.82 7.87 7.90 7.94 7.98 8.00 8.03 8.06 8.08 8.10 8.11 8.12 8.13 8.14 8.15 8.15 8.15 8.15 8.15 8.15 8.14 8.14 8.13 8.12 8.11 8.10 8.09 8.08 8.07 8.06 8.04 8.03 8.01 8.00 7.99 7.97 7.95
