datasets/raw/temp/2019102720191027.grid
ncols 886
nrows 691
xllcenter 112.0000
yllcenter -44.5000
cellsize 0.0500
nodata_value 99999.90
[rows 204 to 237 of 691, columns 308 to 384 of 886]
36.65 36.57 36.50 36.40 36.22 35.99 35.78 35.74 35.60 35.55 35.41 35.30 34.97 34.71 34.65 34.74 34.73 34.74 34.75 34.69 34.58 34.48 34.32 34.15 33.98 33.54 33.61 33.65 33.60 33.57 33.48 33.42 33.22 33.25 33.30 33.06 33.09 33.00 33.08 33.14 33.02 33.01 32.78 32.72 32.58 32.79 32.91 32.90 32.82 32.59 32.69 32.76 32.76 32.80 32.77 32.68 32.63 32.46 32.27 32.19 32.08 32.01 31.98 31.81 31.57 31.55 31.41 31.42 31.31 31.18 31.19 31.11 31.04 31.00 31.00 31.01 31.05
36.62 36.55 36.46 36.38 36.20 35.85 35.73 35.67 35.48 35.28 35.31 35.25 34.75 34.80 34.75 34.61 34.30 34.76 34.75 34.70 34.62 34.52 34.37 34.22 34.10 33.93 33.47 33.73 33.73 33.59 33.54 33.41 33.25 33.37 33.24 33.03 33.15 33.15 33.19 33.08 32.89 32.92 32.88 32.83 32.92 32.90 32.96 32.92 32.76 32.69 32.58 32.73 32.82 32.86 32.67 32.56 32.54 32.44 32.34 32.32 32.18 32.07 32.02 31.89 31.66 31.61 31.55 31.56 31.47 31.43 31.38 31.32 31.20 31.03 31.01 31.03 30.95
36.61 36.53 36.44 36.31 36.18 35.86 35.63 35.49 35.28 35.30 34.96 35.00 34.72 34.83 34.86 34.76 34.69 34.62 34.76 34.72 34.63 34.59 34.47 34.31 34.20 34.11 33.96 33.37 33.80 33.74 33.64 33.43 33.41 33.42 33.15 33.13 33.24 33.23 33.22 33.01 32.94 32.87 32.96 32.91 33.00 33.02 33.05 33.05 32.92 32.80 32.83 32.91 32.92 32.87 32.66 32.50 32.43 32.44 32.46 32.44 32.28 32.20 32.15 31.96 31.78 31.79 31.70 31.70 31.66 31.58 31.51 31.45 31.32 31.21 31.10 31.09 31.11
36.56 36.48 36.39 36.28 36.15 35.97 35.57 35.61 35.46 35.29 35.16 34.93 34.71 34.78 34.83 34.82 34.66 34.56 34.76 34.73 34.65 34.60 34.53 34.42 34.31 34.19 34.09 33.92 33.88 33.80 33.72 33.60 33.57 33.46 33.24 33.31 33.35 33.34 33.20 33.06 33.05 33.08 32.97 33.05 32.88 33.07 33.10 33.10 33.01 32.92 32.98 32.97 32.91 32.90 32.78 32.70 32.67 32.61 32.53 32.48 32.42 32.35 32.27 32.12 31.98 31.93 31.92 31.86 31.81 31.71 31.65 31.58 31.47 31.34 31.15 31.08 31.04
36.47 36.31 36.30 36.18 36.10 35.95 35.74 35.55 35.55 35.40 35.24 35.03 34.94 34.76 34.77 34.84 34.72 34.74 34.74 34.72 34.66 34.62 34.54 34.47 34.35 34.25 34.15 33.90 33.72 33.62 33.74 33.69 33.45 33.56 33.58 33.51 33.49 33.38 33.30 33.26 33.23 33.17 33.12 33.12 33.07 33.08 33.12 33.16 33.11 33.06 33.00 33.01 32.97 32.92 32.80 32.78 32.72 32.65 32.57 32.51 32.45 32.41 32.33 32.26 32.15 32.10 32.02 31.95 31.87 31.75 31.68 31.66 31.55 31.46 31.28 31.14 31.04
36.33 36.17 36.09 36.12 36.01 35.85 35.62 35.53 35.57 35.44 35.24 35.07 35.12 34.94 34.81 34.81 34.76 34.59 34.65 34.67 34.63 34.61 34.54 34.44 34.34 34.25 34.17 34.06 33.89 33.66 33.73 33.72 33.70 33.66 33.63 33.54 33.45 33.42 33.43 33.38 33.37 33.32 33.29 33.19 33.16 33.19 33.18 33.23 33.19 33.14 33.08 32.99 32.96 32.93 32.90 32.81 32.75 32.65 32.57 32.47 32.40 32.44 32.35 32.27 32.21 32.15 32.05 31.93 31.86 31.68 31.62 31.64 31.62 31.54 31.40 31.29 31.13
35.91 36.06 36.12 36.05 35.89 35.71 35.69 35.63 35.46 35.34 35.25 35.26 35.16 34.94 34.74 34.87 34.81 34.68 34.56 34.64 34.64 34.59 34.50 34.44 34.37 34.23 34.12 33.77 33.59 33.70 33.70 33.72 33.69 33.62 33.53 33.47 33.46 33.46 33.51 33.46 33.45 33.40 33.30 33.18 33.13 33.26 33.31 33.29 33.20 33.02 32.96 32.84 32.91 32.93 32.88 32.81 32.72 32.57 32.53 32.45 32.38 32.39 32.32 32.25 32.22 32.19 32.05 31.91 31.87 31.70 31.61 31.59 31.67 31.63 31.52 31.41 31.27
36.14 36.09 36.14 36.00 35.71 35.62 35.63 35.64 35.50 35.30 35.40 35.36 35.20 34.98 34.83 34.71 34.80 34.81 34.68 34.26 34.68 34.61 34.43 34.11 34.23 34.00 33.99 33.75 33.91 33.90 33.85 33.76 33.69 33.47 33.60 33.53 33.52 33.53 33.50 33.49 33.49 33.45 33.31 33.30 33.31 33.36 33.38 33.35 33.25 33.08 32.88 32.76 32.85 32.89 32.86 32.80 32.69 32.55 32.49 32.40 32.32 32.35 32.19 32.18 32.19 32.22 32.13 31.91 31.90 31.88 31.70 31.55 31.69 31.68 31.63 31.51 31.38
36.08 35.96 36.12 35.91 35.77 35.82 35.66 35.60 35.62 35.27 35.48 35.41 35.31 35.08 34.99 34.84 34.86 34.88 34.81 34.74 34.69 34.64 34.45 34.22 34.04 33.98 33.90 33.97 34.02 34.04 33.97 33.86 33.83 33.66 33.60 33.53 33.49 33.56 33.50 33.52 33.55 33.51 33.31 33.15 33.31 33.36 33.43 33.40 33.34 33.20 33.06 32.93 32.76 32.81 32.79 32.72 32.70 32.55 32.48 32.45 32.37 32.35 32.19 32.09 32.17 32.23 32.15 31.98 31.84 31.84 31.80 31.55 31.70 31.74 31.72 31.62 31.55
36.09 36.07 35.85 35.93 35.88 35.90 35.84 35.70 35.63 35.38 35.52 35.44 35.37 35.26 35.11 35.01 35.02 34.95 34.89 34.79 34.70 34.65 34.30 34.23 34.25 34.18 34.03 34.05 34.02 34.08 33.94 33.88 33.87 33.80 33.74 33.65 33.63 33.65 33.59 33.62 33.63 33.56 33.37 33.20 33.30 33.37 33.42 33.44 33.42 33.27 33.10 32.86 32.81 32.74 32.71 32.66 32.68 32.63 32.58 32.57 32.58 32.50 32.32 32.19 32.13 32.16 32.13 31.95 31.78 31.72 31.63 31.64 31.61 31.66 31.75 31.72 31.65
36.02 36.20 36.04 35.90 36.00 35.96 35.90 35.81 35.65 35.59 35.54 35.47 35.38 35.29 35.20 35.11 35.01 34.97 34.90 34.68 34.62 34.63 34.53 34.37 34.18 34.03 34.14 34.07 34.20 34.17 34.13 34.01 33.94 33.91 33.85 33.79 33.76 33.80 33.73 33.68 33.71 33.59 33.42 33.25 33.26 33.29 33.45 33.49 33.46 33.31 33.16 33.07 32.91 32.80 32.83 32.70 32.58 32.63 32.73 32.74 32.72 32.59 32.43 32.30 32.14 32.15 32.06 31.94 31.90 31.86 31.74 31.71 31.61 31.69 31.76 31.74 31.71
36.18 36.16 36.03 35.80 35.89 35.95 35.90 35.82 35.74 35.63 35.53 35.42 35.30 35.26 35.19 35.12 35.07 34.95 34.83 34.65 34.59 34.60 34.51 34.25 34.32 34.30 34.36 34.32 34.31 34.28 34.23 34.12 34.07 33.99 33.87 33.86 33.90 33.88 33.85 33.83 33.78 33.65 33.51 33.42 33.40 33.33 33.42 33.50 33.50 33.42 33.30 33.19 33.03 33.01 32.94 32.80 32.70 32.74 32.78 32.84 32.83 32.77 32.62 32.44 32.40 32.34 32.23 32.14 32.13 32.05 31.97 31.92 31.84 31.74 31.71 31.73 31.74
36.15 36.01 35.96 35.80 35.75 35.83 35.81 35.80 35.74 35.65 35.54 35.34 35.19 35.19 35.11 35.05 34.87 34.83 34.77 34.66 34.62 34.54 34.40 34.34 34.39 34.37 34.42 34.39 34.40 34.35 34.29 34.25 34.15 34.03 33.92 33.82 33.81 33.84 33.90 33.88 33.85 33.77 33.68 33.58 33.57 33.54 33.54 33.56 33.50 33.47 33.41 33.28 33.17 33.11 33.06 32.90 32.73 32.82 32.87 32.89 32.86 32.81 32.70 32.63 32.56 32.47 32.35 32.30 32.26 32.19 32.10 32.07 32.00 31.95 31.85 31.67 31.68
35.96 35.90 35.65 35.70 35.66 35.58 35.70 35.58 35.63 35.55 35.47 35.22 35.05 35.11 35.04 34.90 34.88 34.57 34.71 34.62 34.57 34.49 34.30 34.37 34.44 34.45 34.40 34.48 34.48 34.43 34.36 34.31 34.20 34.07 33.94 33.69 33.67 33.71 33.84 33.92 33.88 33.85 33.79 33.72 33.68 33.66 33.64 33.58 33.54 33.51 33.46 33.30 33.20 33.21 33.15 32.96 32.87 32.85 32.95 32.94 32.90 32.85 32.76 32.71 32.63 32.56 32.49 32.42 32.33 32.26 32.19 32.14 32.08 32.01 31.92 31.81 31.67
35.86 35.89 35.87 35.72 35.62 35.37 35.48 35.51 35.42 35.31 35.36 35.11 34.94 35.03 35.01 34.80 34.62 34.51 34.56 34.45 34.46 34.42 34.34 34.46 34.58 34.60 34.61 34.61 34.54 34.36 34.45 34.39 34.23 34.15 34.00 33.84 33.75 33.73 33.83 33.99 33.97 33.90 33.85 33.81 33.76 33.72 33.67 33.62 33.59 33.54 33.51 33.47 33.42 33.33 33.23 33.14 33.09 33.01 33.05 33.03 32.96 32.92 32.85 32.77 32.69 32.61 32.55 32.52 32.44 32.35 32.26 32.15 32.12 32.03 31.98 31.92 31.74
35.93 35.92 35.78 35.75 35.66 35.51 35.27 35.31 35.13 35.14 35.22 34.98 34.96 35.07 34.88 34.85 34.49 34.58 34.62 34.44 34.36 34.50 34.60 34.42 34.65 34.67 34.68 34.64 34.53 34.52 34.49 34.44 34.40 34.20 34.11 34.10 33.97 34.00 34.07 34.05 33.99 33.91 33.87 33.82 33.77 33.71 33.64 33.62 33.60 33.57 33.55 33.50 33.47 33.41 33.36 33.31 33.23 33.18 33.14 33.11 32.97 32.86 32.81 32.79 32.71 32.62 32.56 32.52 32.47 32.38 32.28 32.20 32.13 32.05 31.99 31.94 31.77
36.00 36.09 35.88 35.81 35.73 35.53 35.38 35.21 35.11 35.29 35.24 35.25 35.19 35.13 35.03 34.81 34.79 34.85 34.67 34.53 34.52 34.65 34.70 34.66 34.65 34.78 34.72 34.68 34.61 34.56 34.48 34.50 34.42 34.37 34.18 34.22 34.16 34.18 34.12 34.00 33.86 33.90 33.86 33.78 33.73 33.60 33.57 33.55 33.56 33.58 33.53 33.48 33.44 33.41 33.39 33.35 33.29 33.26 33.18 33.11 32.93 32.73 32.75 32.79 32.74 32.67 32.61 32.55 32.41 32.32 32.22 32.29 32.19 32.12 32.06 32.00 31.90
36.14 36.12 36.12 35.92 35.76 35.57 35.41 35.27 35.27 35.17 35.28 35.32 35.27 35.23 35.07 35.01 34.92 34.74 34.73 34.67 34.67 34.58 34.73 34.68 34.81 34.72 34.79 34.74 34.71 34.62 34.60 34.55 34.54 34.46 34.32 34.38 34.33 34.26 34.13 34.00 33.87 33.74 33.83 33.81 33.67 33.56 33.48 33.53 33.49 33.48 33.48 33.49 33.44 33.47 33.44 33.37 33.31 33.23 33.22 33.15 33.04 32.88 32.69 32.75 32.76 32.68 32.65 32.62 32.50 32.32 32.25 32.29 32.23 32.15 32.10 32.02 31.96
36.21 36.28 36.18 35.99 35.85 35.65 35.56 35.47 35.39 35.28 35.11 35.21 35.23 35.18 35.05 35.02 34.82 34.72 34.64 34.69 34.81 34.92 34.60 34.77 34.76 34.87 34.83 34.83 34.76 34.72 34.67 34.63 34.59 34.56 34.48 34.42 34.33 34.26 34.06 33.99 33.84 33.71 33.80 33.84 33.75 33.56 33.47 33.52 33.45 33.37 33.49 33.49 33.48 33.45 33.43 33.37 33.34 33.24 33.22 33.14 33.03 32.88 32.81 32.72 32.69 32.66 32.66 32.66 32.62 32.48 32.28 32.26 32.25 32.21 32.14 32.08 32.03
36.37 36.28 36.22 36.09 35.84 35.79 35.70 35.61 35.51 35.35 35.20 34.97 35.16 35.01 34.99 34.96 34.83 34.85 34.74 34.38 34.92 35.06 34.89 34.80 34.95 34.97 34.93 34.86 34.82 34.82 34.72 34.72 34.63 34.60 34.52 34.45 34.37 34.29 34.22 34.04 33.95 33.87 33.63 33.77 33.79 33.64 33.49 33.47 33.40 33.34 33.47 33.47 33.45 33.41 33.34 33.27 33.30 33.26 33.23 33.10 32.96 32.76 32.78 32.67 32.75 32.70 32.69 32.68 32.62 32.54 32.41 32.24 32.24 32.21 32.16 32.11 32.05
36.43 36.34 36.29 36.16 36.06 35.96 35.80 35.63 35.57 35.42 35.12 35.02 34.93 34.83 34.86 34.92 34.95 34.91 34.97 34.90 35.02 35.14 35.15 35.09 35.07 35.05 34.98 34.95 34.87 34.88 34.73 34.71 34.72 34.62 34.52 34.40 34.32 34.28 34.19 34.11 34.10 34.04 33.80 33.67 33.73 33.70 33.52 33.44 33.37 33.44 33.49 33.47 33.40 33.31 33.26 33.26 33.30 33.25 33.22 33.07 32.93 32.77 32.72 32.73 32.77 32.75 32.71 32.69 32.63 32.58 32.50 32.25 32.21 32.23 32.18 32.12 32.07
36.47 36.39 36.32 36.24 36.16 36.05 35.80 35.55 35.56 35.40 35.19 34.92 34.81 34.95 35.09 35.12 35.24 35.19 35.18 35.21 35.06 35.27 35.24 35.17 35.10 35.10 35.06 35.00 34.69 34.90 34.90 34.68 34.73 34.64 34.47 34.37 34.37 34.28 34.11 34.14 34.03 34.08 33.93 33.74 33.58 33.56 33.58 33.58 33.51 33.40 33.42 33.42 33.34 33.26 33.31 33.31 33.27 33.20 33.18 33.06 32.92 32.91 32.91 32.83 32.80 32.76 32.69 32.64 32.56 32.55 32.45 32.26 32.21 32.21 32.19 32.15 32.10
36.41 36.43 36.35 36.28 36.21 36.08 35.87 35.79 35.69 35.44 35.31 35.21 35.02 34.88 35.01 35.05 35.22 35.30 35.35 35.34 35.20 35.26 35.33 35.28 35.19 35.19 34.93 34.91 34.94 34.99 34.98 34.72 34.58 34.54 34.41 34.52 34.37 34.25 34.05 34.10 34.09 34.11 34.01 33.89 33.78 33.70 33.50 33.43 33.50 33.43 33.32 33.25 33.26 33.26 33.28 33.25 33.16 33.15 33.06 32.98 33.00 32.98 32.91 32.87 32.82 32.77 32.74 32.52 32.55 32.57 32.48 32.38 32.20 32.16 32.20 32.16 32.10
36.27 36.30 36.28 36.32 36.28 36.17 36.05 35.92 35.79 35.62 35.45 35.38 35.28 35.05 34.90 35.17 35.34 35.40 35.45 35.45 35.40 35.44 35.41 35.30 35.32 35.25 35.17 34.82 34.96 35.03 34.98 34.84 34.77 34.72 34.58 34.47 34.19 34.19 34.04 33.97 34.15 34.00 34.06 34.01 33.96 33.89 33.77 33.62 33.41 33.38 33.35 33.29 33.19 33.22 33.25 33.16 33.03 33.06 32.98 32.90 33.04 32.89 32.94 32.86 32.80 32.77 32.68 32.49 32.54 32.48 32.48 32.36 32.15 32.14 32.21 32.14 32.10
36.27 36.13 36.32 36.22 36.31 36.20 36.14 35.90 35.67 35.65 35.59 35.45 35.34 35.04 34.95 35.27 35.38 35.53 35.59 35.55 35.52 35.49 35.46 35.44 35.37 35.34 35.29 35.10 35.03 35.02 35.06 34.96 34.84 34.77 34.43 34.47 34.26 34.08 33.98 34.10 34.11 33.85 34.05 34.06 34.00 33.84 33.77 33.77 33.63 33.42 33.18 33.12 33.09 33.12 33.12 32.96 32.91 33.03 32.99 33.05 33.05 32.95 32.95 32.81 32.73 32.77 32.73 32.61 32.47 32.38 32.39 32.34 32.21 32.24 32.21 32.15 32.11
36.48 36.47 36.45 36.33 36.20 36.23 36.17 36.04 35.92 35.76 35.55 35.34 35.28 35.04 34.94 35.41 35.52 35.60 35.69 35.61 35.57 35.57 35.49 35.49 35.44 35.41 35.33 35.23 35.20 35.14 35.09 35.00 34.93 34.78 34.63 34.49 34.35 34.22 34.07 33.95 33.99 33.98 34.08 34.07 33.94 33.89 33.63 33.74 33.65 33.61 33.44 33.42 33.37 33.30 33.24 33.05 33.12 33.09 33.10 33.02 33.03 33.01 32.96 32.88 32.82 32.79 32.73 32.67 32.54 32.37 32.30 32.32 32.28 32.24 32.18 32.15 32.12
36.68 36.55 36.56 36.47 36.23 36.18 36.21 36.15 36.01 35.87 35.73 35.57 35.41 35.40 35.28 35.51 35.64 35.67 35.73 35.63 35.48 35.62 35.56 35.54 35.49 35.50 35.42 35.40 35.24 35.20 35.15 35.04 34.98 34.86 34.72 34.61 34.51 34.39 34.28 34.13 34.06 34.02 34.09 34.03 33.98 33.89 33.85 33.82 33.83 33.78 33.69 33.62 33.57 33.52 33.35 33.15 33.13 33.21 33.07 33.10 33.09 33.03 32.99 32.90 32.85 32.80 32.74 32.58 32.53 32.35 32.28 32.27 32.33 32.25 32.19 32.16 32.12
36.61 36.62 36.57 36.56 36.46 36.29 36.17 36.21 36.10 36.00 35.84 35.69 35.60 35.60 35.46 35.52 35.65 35.84 35.84 35.76 35.38 35.59 35.61 35.63 35.58 35.52 35.50 35.36 35.25 35.23 35.21 35.16 34.97 34.90 34.78 34.63 34.46 34.37 34.18 34.18 33.95 33.92 34.06 34.01 34.12 34.11 34.12 34.07 34.03 33.98 33.88 33.79 33.64 33.47 33.40 33.29 33.19 33.17 33.08 33.10 33.07 33.00 32.97 32.90 32.89 32.82 32.74 32.62 32.44 32.45 32.42 32.38 32.33 32.26 32.21 32.16 32.12
36.46 36.44 36.50 36.60 36.53 36.41 36.27 36.15 36.03 35.93 35.81 35.77 35.77 35.74 35.71 35.71 35.71 35.93 35.94 35.92 35.73 35.64 35.63 35.44 35.59 35.62 35.59 35.39 35.20 35.23 35.29 35.22 34.95 34.93 34.82 34.64 34.40 34.40 34.27 34.14 34.14 34.21 34.15 34.07 34.11 34.23 34.22 34.17 34.06 33.96 33.90 33.78 33.71 33.60 33.49 33.31 33.34 33.28 33.20 33.11 33.05 33.01 32.97 32.89 32.86 32.81 32.73 32.66 32.55 32.54 32.48 32.41 32.34 32.25 32.19 32.15 32.10
36.48 36.34 36.49 36.64 36.63 36.50 36.41 36.18 35.98 35.76 35.75 35.70 35.87 35.86 35.85 35.79 35.82 35.95 35.94 35.95 35.86 35.67 35.69 35.56 35.58 35.58 35.56 35.38 35.32 35.24 35.32 35.27 35.17 35.05 34.89 34.71 34.48 34.39 34.31 34.20 34.14 34.25 34.26 34.34 34.30 34.35 34.30 34.22 34.08 33.99 33.85 33.64 33.57 33.51 33.57 33.44 33.41 33.34 33.22 33.11 33.07 33.01 32.96 32.91 32.87 32.81 32.75 32.67 32.61 32.55 32.49 32.43 32.35 32.27 32.19 32.14 32.10
36.62 36.47 36.61 36.68 36.66 36.55 36.45 36.27 36.19 35.96 35.69 35.78 35.92 35.92 36.01 35.89 35.91 36.00 35.99 35.95 35.93 35.76 35.75 35.76 35.56 35.40 35.55 35.52 35.25 35.09 35.25 35.36 35.21 35.09 34.96 34.74 34.59 34.55 34.45 34.45 34.32 34.29 34.35 34.44 34.46 34.44 34.37 34.29 34.22 34.08 33.96 33.78 33.64 33.66 33.63 33.57 33.45 33.35 33.24 33.15 33.06 33.01 32.94 32.90 32.86 32.79 32.72 32.67 32.62 32.57 32.48 32.36 32.34 32.27 32.19 32.11 32.07
36.69 36.57 36.68 36.69 36.68 36.54 36.52 36.42 36.31 36.15 35.85 35.72 36.02 36.05 36.04 36.01 36.03 35.97 35.92 36.06 35.88 35.93 35.79 35.84 35.73 35.60 35.58 35.54 35.49 35.34 35.13 35.10 35.30 35.20 35.01 34.83 34.80 34.73 34.71 34.59 34.35 34.33 34.49 34.57 34.60 34.54 34.40 34.33 34.28 34.19 34.08 33.96 33.89 33.79 33.71 33.62 33.51 33.40 33.30 33.21 33.10 33.02 32.95 32.89 32.86 32.79 32.72 32.65 32.60 32.54 32.45 32.38 32.32 32.26 32.19 32.12 32.06
36.74 36.55 36.65 36.74 36.78 36.63 36.49 36.41 36.25 36.20 36.01 35.47 35.94 36.03 36.05 36.06 36.04 36.05 35.99 35.95 36.06 36.05 35.89 35.70 35.82 35.72 35.65 35.49 35.54 35.38 35.33 35.30 35.37 35.28 35.08 34.92 34.95 34.90 34.74 34.50 34.54 34.59 34.59 34.68 34.68 34.53 34.28 34.36 34.26 34.14 34.09 34.01 33.91 33.79 33.69 33.61 33.48 33.40 33.27 33.19 33.10 33.01 32.92 32.86 32.82 32.76 32.70 32.62 32.55 32.51 32.45 32.35 32.29 32.24 32.19 32.10 32.03
36.83 36.56 36.59 36.69 36.81 36.71 36.55 36.41 36.13 36.16 36.18 36.18 36.24 36.10 36.07 36.08 36.07 35.98 35.68 36.13 36.10 36.04 35.96 35.83 35.79 35.72 35.70 35.61 35.59 35.59 35.58 35.54 35.49 35.39 35.23 35.17 35.10 34.92 34.82 34.64 34.76 34.77 34.77 34.80 34.75 34.63 34.48 34.35 34.26 34.15 34.08 33.98 33.89 33.78 33.70 33.59 33.49 33.36 33.28 33.17 33.08 33.01 32.91 32.86 32.83 32.81 32.61 32.60 32.52 32.47 32.41 32.32 32.27 32.23 32.16 32.08 31.99
