datasets/raw/temp/2019122720191227.grid
ncols 886
nrows 691
xllcenter 112.0000
yllcenter -44.5000
cellsize 0.0500
nodata_value 99999.90
[rows 204 to 237 of 691, columns 0 to 76 of 886]
36.65 36.73 36.81 36.89 36.97 37.04 37.08 37.11 37.13 37.16 37.18 37.22 37.24 37.26 37.27 37.28 37.30 37.30 37.31 37.32 37.33 37.35 37.36 37.37 37.39 37.40 37.42 37.44 37.45 37.47 37.49 37.51 37.53 37.55 37.57 37.59 37.62 37.65 37.68 37.70 37.73 37.76 37.79 37.82 37.85 37.87 37.89 37.90 37.90 37.88 37.86 37.81 37.75 37.66 37.53 37.37 37.18 36.94 36.67 36.36 36.06 35.84 35.73 35.68 35.65 35.61 35.60 35.59 35.59 35.60 35.61 35.64 35.68 35.75 35.82 35.92 36.04
36.72 36.81 36.90 36.98 37.06 37.11 37.14 37.18 37.21 37.24 37.27 37.30 37.32 37.34 37.35 37.35 37.37 37.38 37.39 37.41 37.42 37.43 37.45 37.46 37.47 37.49 37.50 37.51 37.53 37.55 37.57 37.59 37.61 37.63 37.65 37.68 37.70 37.73 37.76 37.79 37.81 37.85 37.88 37.90 37.93 37.95 37.97 37.98 37.98 37.96 37.94 37.89 37.82 37.70 37.56 37.39 37.17 36.91 36.61 36.32 36.15 36.06 36.01 35.98 35.95 35.92 35.91 35.90 35.90 35.91 35.93 35.96 36.01 36.07 36.15 36.25 36.38
36.80 36.89 36.98 37.07 37.15 37.19 37.22 37.25 37.29 37.32 37.35 37.38 37.40 37.41 37.42 37.44 37.45 37.46 37.48 37.48 37.49 37.51 37.52 37.53 37.55 37.57 37.59 37.60 37.62 37.63 37.65 37.68 37.69 37.71 37.74 37.76 37.79 37.81 37.85 37.87 37.91 37.93 37.96 37.99 38.02 38.04 38.06 38.06 38.07 38.05 38.02 37.96 37.88 37.77 37.61 37.42 37.19 36.90 36.63 36.48 36.41 36.36 36.32 36.28 36.25 36.23 36.21 36.20 36.21 36.23 36.26 36.29 36.35 36.41 36.49 36.60 36.73
36.88 36.98 37.08 37.16 37.21 37.26 37.29 37.33 37.37 37.40 37.43 37.47 37.48 37.49 37.51 37.52 37.52 37.54 37.55 37.56 37.58 37.59 37.60 37.62 37.63 37.65 37.66 37.68 37.70 37.72 37.74 37.75 37.78 37.80 37.82 37.85 37.87 37.90 37.93 37.96 37.99 38.03 38.05 38.08 38.10 38.14 38.15 38.16 38.16 38.15 38.10 38.05 37.96 37.85 37.68 37.47 37.23 36.97 36.82 36.75 36.70 36.66 36.62 36.58 36.56 36.54 36.53 36.52 36.53 36.55 36.59 36.63 36.69 36.76 36.85 36.96 37.09
36.96 37.07 37.16 37.24 37.29 37.33 37.37 37.40 37.45 37.48 37.51 37.54 37.55 37.57 37.58 37.59 37.61 37.62 37.63 37.65 37.66 37.67 37.68 37.70 37.72 37.74 37.75 37.76 37.78 37.80 37.83 37.84 37.86 37.88 37.91 37.93 37.96 37.99 38.02 38.05 38.08 38.11 38.14 38.17 38.20 38.22 38.24 38.25 38.25 38.24 38.20 38.15 38.05 37.93 37.77 37.55 37.33 37.18 37.11 37.06 37.01 36.96 36.93 36.90 36.88 36.86 36.84 36.84 36.86 36.88 36.92 36.97 37.04 37.11 37.21 37.33 37.46
37.05 37.15 37.25 37.31 37.36 37.40 37.45 37.48 37.52 37.57 37.59 37.62 37.63 37.65 37.65 37.67 37.68 37.70 37.71 37.72 37.74 37.75 37.77 37.78 37.80 37.81 37.83 37.84 37.87 37.89 37.90 37.92 37.95 37.97 37.99 38.02 38.04 38.08 38.10 38.13 38.17 38.19 38.22 38.26 38.29 38.31 38.34 38.35 38.35 38.34 38.30 38.25 38.16 38.04 37.88 37.67 37.52 37.45 37.40 37.35 37.31 37.27 37.24 37.21 37.19 37.18 37.17 37.18 37.19 37.22 37.26 37.32 37.40 37.48 37.59 37.71 37.85
37.13 37.24 37.33 37.39 37.43 37.48 37.51 37.56 37.60 37.65 37.67 37.69 37.71 37.72 37.74 37.75 37.77 37.77 37.79 37.80 37.82 37.83 37.85 37.86 37.88 37.89 37.92 37.93 37.95 37.97 37.98 38.01 38.03 38.05 38.08 38.10 38.13 38.16 38.19 38.22 38.25 38.29 38.32 38.35 38.39 38.41 38.44 38.46 38.46 38.45 38.42 38.37 38.29 38.16 38.01 37.86 37.79 37.74 37.70 37.65 37.62 37.58 37.55 37.52 37.51 37.49 37.49 37.51 37.53 37.56 37.62 37.68 37.77 37.86 37.97 38.10 38.25
37.22 37.32 37.40 37.45 37.50 37.55 37.59 37.64 37.68 37.73 37.75 37.76 37.78 37.80 37.81 37.83 37.84 37.86 37.87 37.89 37.90 37.92 37.93 37.95 37.97 37.98 38.00 38.01 38.03 38.05 38.08 38.09 38.11 38.14 38.16 38.19 38.22 38.24 38.28 38.31 38.33 38.37 38.41 38.44 38.47 38.51 38.54 38.56 38.57 38.56 38.54 38.50 38.42 38.32 38.18 38.10 38.07 38.03 37.99 37.96 37.92 37.89 37.87 37.84 37.83 37.82 37.82 37.84 37.87 37.92 37.97 38.05 38.14 38.24 38.36 38.49 38.66
37.31 37.41 37.47 37.52 37.57 37.63 37.67 37.72 37.77 37.80 37.82 37.84 37.85 37.87 37.89 37.90 37.92 37.94 37.95 37.97 37.98 38.00 38.01 38.03 38.05 38.06 38.08 38.10 38.12 38.14 38.16 38.18 38.20 38.22 38.25 38.28 38.30 38.33 38.36 38.39 38.43 38.46 38.50 38.54 38.57 38.61 38.64 38.66 38.67 38.68 38.67 38.63 38.57 38.48 38.41 38.37 38.35 38.32 38.28 38.26 38.23 38.21 38.19 38.17 38.15 38.15 38.16 38.18 38.22 38.27 38.33 38.42 38.52 38.64 38.76 38.92 39.07
37.40 37.49 37.54 37.59 37.65 37.70 37.75 37.80 37.85 37.88 37.89 37.91 37.93 37.95 37.96 37.98 38.00 38.01 38.03 38.05 38.06 38.08 38.10 38.11 38.13 38.14 38.16 38.19 38.20 38.22 38.24 38.26 38.29 38.31 38.33 38.36 38.39 38.42 38.45 38.48 38.52 38.55 38.59 38.63 38.66 38.70 38.74 38.78 38.79 38.81 38.80 38.78 38.73 38.68 38.65 38.63 38.62 38.59 38.58 38.56 38.54 38.52 38.50 38.48 38.48 38.48 38.49 38.51 38.57 38.63 38.71 38.81 38.92 39.04 39.19 39.34 39.50
37.48 37.55 37.61 37.66 37.72 37.78 37.83 37.88 37.92 37.95 37.97 37.99 38.00 38.02 38.04 38.06 38.08 38.09 38.11 38.13 38.14 38.16 38.18 38.19 38.21 38.23 38.25 38.27 38.29 38.30 38.32 38.35 38.37 38.39 38.42 38.45 38.47 38.51 38.53 38.57 38.60 38.65 38.68 38.73 38.77 38.81 38.85 38.88 38.92 38.94 38.95 38.94 38.92 38.89 38.90 38.89 38.88 38.87 38.86 38.85 38.84 38.82 38.82 38.81 38.81 38.81 38.83 38.86 38.91 38.99 39.08 39.19 39.32 39.45 39.60 39.77 39.95
37.56 37.62 37.68 37.73 37.79 37.86 37.92 37.97 37.99 38.01 38.03 38.05 38.08 38.10 38.12 38.14 38.15 38.17 38.19 38.21 38.22 38.24 38.26 38.28 38.29 38.32 38.34 38.35 38.37 38.39 38.41 38.44 38.46 38.48 38.51 38.53 38.56 38.59 38.62 38.66 38.69 38.74 38.77 38.82 38.86 38.91 38.95 39.00 39.04 39.07 39.09 39.10 39.11 39.11 39.13 39.14 39.14 39.14 39.14 39.15 39.14 39.13 39.14 39.13 39.14 39.15 39.17 39.20 39.26 39.35 39.46 39.59 39.73 39.88 40.04 40.21 40.40
37.61 37.68 37.74 37.81 37.87 37.93 37.99 38.04 38.07 38.09 38.11 38.13 38.15 38.17 38.19 38.21 38.22 38.25 38.27 38.29 38.31 38.33 38.34 38.36 38.38 38.40 38.42 38.44 38.46 38.48 38.51 38.52 38.54 38.56 38.60 38.62 38.64 38.68 38.71 38.75 38.78 38.83 38.86 38.91 38.96 39.01 39.06 39.11 39.16 39.21 39.25 39.27 39.30 39.33 39.36 39.38 39.39 39.40 39.42 39.43 39.43 39.44 39.46 39.47 39.48 39.50 39.52 39.56 39.62 39.73 39.85 40.00 40.15 40.31 40.48 40.66 40.85
37.67 37.74 37.80 37.88 37.94 38.01 38.07 38.11 38.13 38.15 38.17 38.20 38.23 38.25 38.27 38.29 38.31 38.33 38.35 38.36 38.39 38.41 38.43 38.45 38.47 38.48 38.51 38.53 38.55 38.56 38.59 38.61 38.63 38.65 38.68 38.71 38.74 38.77 38.80 38.84 38.87 38.92 38.96 39.00 39.06 39.11 39.17 39.23 39.29 39.35 39.40 39.44 39.49 39.53 39.57 39.60 39.63 39.66 39.68 39.71 39.73 39.75 39.76 39.79 39.81 39.85 39.88 39.93 40.01 40.12 40.26 40.41 40.58 40.75 40.92 41.11 41.32
37.74 37.80 37.87 37.94 38.01 38.08 38.14 38.17 38.20 38.22 38.24 38.27 38.29 38.32 38.34 38.36 38.39 38.41 38.43 38.45 38.47 38.49 38.52 38.53 38.55 38.57 38.59 38.62 38.64 38.65 38.68 38.70 38.72 38.75 38.77 38.80 38.83 38.86 38.89 38.93 38.96 39.01 39.06 39.11 39.16 39.22 39.28 39.35 39.42 39.48 39.55 39.61 39.67 39.72 39.77 39.81 39.86 39.90 39.93 39.98 40.01 40.05 40.08 40.11 40.16 40.20 40.25 40.32 40.42 40.53 40.68 40.83 41.01 41.19 41.38 41.57 41.78
37.80 37.87 37.93 38.01 38.08 38.15 38.21 38.24 38.26 38.29 38.32 38.34 38.37 38.39 38.41 38.44 38.46 38.48 38.50 38.54 38.56 38.58 38.60 38.62 38.64 38.66 38.68 38.71 38.73 38.75 38.77 38.79 38.81 38.84 38.86 38.89 38.92 38.95 38.99 39.02 39.06 39.10 39.15 39.20 39.26 39.33 39.40 39.47 39.55 39.63 39.71 39.77 39.83 39.90 39.96 40.02 40.08 40.14 40.18 40.24 40.29 40.33 40.38 40.44 40.49 40.55 40.62 40.72 40.82 40.95 41.10 41.26 41.44 41.63 41.83 42.03 42.25
37.85 37.93 38.00 38.08 38.15 38.22 38.27 38.30 38.33 38.35 38.38 38.41 38.43 38.46 38.49 38.51 38.54 38.56 38.59 38.61 38.63 38.66 38.69 38.71 38.73 38.75 38.77 38.79 38.82 38.84 38.87 38.89 38.90 38.93 38.96 38.99 39.01 39.04 39.08 39.11 39.15 39.20 39.26 39.31 39.37 39.44 39.51 39.59 39.68 39.77 39.85 39.93 40.01 40.08 40.15 40.22 40.29 40.35 40.42 40.49 40.55 40.62 40.68 40.75 40.82 40.90 40.99 41.09 41.22 41.36 41.51 41.68 41.88 42.07 42.27 42.49 42.71
37.91 37.99 38.06 38.15 38.22 38.29 38.33 38.36 38.38 38.42 38.45 38.48 38.51 38.53 38.57 38.59 38.61 38.65 38.67 38.69 38.72 38.75 38.77 38.80 38.82 38.84 38.87 38.89 38.91 38.93 38.96 38.98 39.00 39.03 39.05 39.08 39.11 39.14 39.17 39.21 39.26 39.30 39.35 39.42 39.48 39.55 39.64 39.73 39.82 39.91 40.00 40.08 40.16 40.24 40.33 40.42 40.50 40.57 40.65 40.72 40.80 40.89 40.96 41.05 41.14 41.24 41.35 41.47 41.60 41.76 41.92 42.10 42.29 42.50 42.71 42.94 43.17
37.96 38.04 38.12 38.21 38.28 38.35 38.39 38.42 38.45 38.48 38.52 38.54 38.58 38.60 38.63 38.67 38.69 38.73 38.75 38.77 38.81 38.83 38.86 38.88 38.90 38.93 38.95 38.98 39.00 39.03 39.06 39.08 39.10 39.12 39.15 39.18 39.21 39.25 39.28 39.32 39.36 39.41 39.47 39.52 39.60 39.67 39.76 39.86 39.95 40.04 40.14 40.23 40.32 40.41 40.50 40.59 40.69 40.78 40.87 40.96 41.05 41.14 41.24 41.34 41.45 41.56 41.69 41.83 41.97 42.14 42.32 42.50 42.70 42.92 43.14 43.37 43.61
38.02 38.10 38.18 38.27 38.36 38.40 38.44 38.48 38.51 38.55 38.58 38.61 38.64 38.68 38.71 38.74 38.77 38.81 38.83 38.86 38.89 38.92 38.95 38.97 39.00 39.02 39.05 39.08 39.10 39.13 39.16 39.18 39.20 39.23 39.26 39.28 39.32 39.35 39.38 39.42 39.47 39.52 39.57 39.64 39.72 39.80 39.90 40.00 40.09 40.18 40.28 40.38 40.48 40.58 40.68 40.77 40.88 40.98 41.08 41.18 41.28 41.39 41.50 41.61 41.74 41.87 42.01 42.16 42.32 42.50 42.69 42.89 43.10 43.32 43.55 43.79 44.04
38.06 38.15 38.24 38.33 38.42 38.46 38.50 38.54 38.57 38.61 38.65 38.68 38.72 38.74 38.78 38.81 38.85 38.88 38.92 38.94 38.98 39.00 39.04 39.07 39.09 39.12 39.15 39.17 39.20 39.23 39.26 39.29 39.32 39.34 39.36 39.39 39.43 39.46 39.50 39.54 39.58 39.64 39.70 39.76 39.85 39.93 40.04 40.14 40.23 40.33 40.42 40.53 40.63 40.74 40.85 40.96 41.06 41.17 41.28 41.39 41.51 41.63 41.75 41.88 42.02 42.16 42.32 42.48 42.66 42.85 43.04 43.26 43.47 43.70 43.95 44.19 44.44
38.12 38.21 38.30 38.39 38.47 38.51 38.55 38.60 38.63 38.67 38.71 38.74 38.78 38.82 38.85 38.89 38.92 38.96 38.99 39.03 39.06 39.09 39.13 39.16 39.20 39.22 39.25 39.28 39.31 39.34 39.37 39.39 39.42 39.46 39.49 39.52 39.55 39.58 39.62 39.66 39.71 39.76 39.83 39.91 39.99 40.08 40.18 40.28 40.38 40.47 40.58 40.68 40.80 40.91 41.02 41.13 41.25 41.36 41.48 41.60 41.72 41.85 41.99 42.12 42.28 42.44 42.61 42.79 42.97 43.17 43.39 43.61 43.84 44.07 44.31 44.57 44.82
38.17 38.26 38.35 38.45 38.52 38.56 38.60 38.64 38.69 38.73 38.76 38.80 38.85 38.89 38.92 38.96 39.00 39.03 39.08 39.11 39.14 39.18 39.22 39.26 39.29 39.32 39.36 39.39 39.42 39.45 39.49 39.51 39.55 39.58 39.60 39.64 39.67 39.71 39.75 39.79 39.84 39.90 39.96 40.05 40.14 40.24 40.34 40.43 40.52 40.63 40.74 40.85 40.96 41.08 41.20 41.31 41.43 41.55 41.67 41.80 41.92 42.07 42.21 42.37 42.53 42.70 42.88 43.07 43.28 43.48 43.71 43.93 44.17 44.41 44.66 44.92 45.17
38.21 38.31 38.41 38.51 38.57 38.61 38.66 38.70 38.74 38.78 38.82 38.87 38.91 38.96 38.99 39.03 39.08 39.12 39.15 39.19 39.24 39.28 39.31 39.35 39.39 39.42 39.47 39.50 39.53 39.57 39.61 39.64 39.67 39.71 39.74 39.77 39.81 39.85 39.88 39.93 39.98 40.04 40.11 40.20 40.30 40.40 40.50 40.58 40.68 40.79 40.90 41.02 41.13 41.25 41.37 41.49 41.61 41.74 41.87 41.99 42.13 42.27 42.43 42.59 42.76 42.95 43.14 43.35 43.56 43.78 44.01 44.24 44.49 44.73 44.98 45.21 45.46
38.26 38.36 38.45 38.55 38.61 38.66 38.70 38.75 38.79 38.84 38.89 38.92 38.97 39.02 39.06 39.11 39.15 39.20 39.24 39.28 39.33 39.37 39.41 39.45 39.49 39.54 39.57 39.62 39.66 39.70 39.74 39.78 39.81 39.85 39.88 39.91 39.96 40.00 40.04 40.08 40.13 40.20 40.28 40.37 40.47 40.56 40.65 40.74 40.85 40.96 41.07 41.19 41.31 41.44 41.56 41.68 41.81 41.93 42.06 42.19 42.33 42.47 42.63 42.80 42.98 43.18 43.39 43.60 43.82 44.05 44.28 44.53 44.77 45.00 45.24 45.48 45.72
38.29 38.40 38.50 38.59 38.65 38.69 38.75 38.80 38.85 38.89 38.94 38.99 39.04 39.09 39.13 39.18 39.23 39.28 39.32 39.37 39.41 39.46 39.50 39.55 39.59 39.64 39.69 39.74 39.78 39.82 39.87 39.91 39.96 40.00 40.03 40.07 40.11 40.15 40.20 40.25 40.30 40.37 40.45 40.54 40.64 40.72 40.81 40.91 41.02 41.14 41.25 41.38 41.51 41.63 41.75 41.88 42.01 42.13 42.26 42.39 42.52 42.67 42.83 43.00 43.20 43.40 43.62 43.85 44.08 44.31 44.55 44.80 45.01 45.25 45.48 45.73 45.99
38.33 38.44 38.54 38.63 38.69 38.74 38.79 38.84 38.90 38.95 39.00 39.05 39.10 39.15 39.20 39.25 39.30 39.35 39.40 39.45 39.50 39.56 39.60 39.66 39.71 39.76 39.81 39.86 39.92 39.97 40.01 40.07 40.12 40.16 40.20 40.24 40.29 40.33 40.37 40.42 40.47 40.54 40.63 40.72 40.79 40.88 40.97 41.08 41.20 41.32 41.45 41.57 41.70 41.83 41.96 42.08 42.21 42.34 42.46 42.59 42.73 42.86 43.03 43.20 43.40 43.63 43.85 44.08 44.32 44.56 44.81 45.06 45.25 45.49 45.73 45.96 46.21
38.36 38.47 38.58 38.66 38.72 38.77 38.82 38.89 38.94 38.99 39.04 39.10 39.15 39.21 39.26 39.31 39.37 39.43 39.48 39.54 39.59 39.65 39.71 39.76 39.82 39.88 39.94 40.00 40.06 40.11 40.17 40.22 40.28 40.34 40.39 40.43 40.47 40.52 40.56 40.60 40.66 40.74 40.81 40.88 40.95 41.05 41.15 41.27 41.40 41.52 41.65 41.78 41.91 42.04 42.17 42.30 42.42 42.55 42.67 42.80 42.93 43.05 43.21 43.40 43.61 43.84 44.08 44.31 44.55 44.80 45.05 45.26 45.49 45.72 45.96 46.20 46.45
38.38 38.50 38.61 38.69 38.74 38.81 38.86 38.92 38.98 39.04 39.09 39.15 39.21 39.27 39.32 39.38 39.44 39.50 39.56 39.62 39.68 39.74 39.80 39.86 39.93 40.00 40.07 40.13 40.20 40.26 40.34 40.40 40.46 40.52 40.58 40.63 40.68 40.72 40.77 40.82 40.87 40.92 40.97 41.02 41.11 41.21 41.33 41.46 41.60 41.73 41.87 42.00 42.14 42.26 42.40 42.53 42.66 42.78 42.90 43.03 43.14 43.26 43.39 43.59 43.82 44.07 44.29 44.53 44.77 45.01 45.26 45.50 45.72 45.95 46.18 46.39 46.66
38.41 38.53 38.64 38.72 38.78 38.84 38.90 38.96 39.02 39.08 39.14 39.21 39.26 39.32 39.39 39.45 39.51 39.57 39.64 39.70 39.77 39.84 39.90 39.98 40.05 40.12 40.20 40.27 40.35 40.43 40.51 40.58 40.65 40.73 40.79 40.85 40.91 40.96 41.00 41.03 41.06 41.07 41.10 41.16 41.27 41.40 41.53 41.67 41.82 41.96 42.10 42.24 42.37 42.51 42.64 42.76 42.90 43.02 43.14 43.27 43.38 43.50 43.60 43.78 44.05 44.28 44.52 44.75 44.97 45.21 45.44 45.68 45.92 46.14 46.36 46.59 46.84
38.44 38.56 38.66 38.74 38.80 38.87 38.93 38.99 39.06 39.11 39.18 39.25 39.31 39.38 39.44 39.51 39.57 39.64 39.71 39.78 39.85 39.94 40.00 40.08 40.17 40.24 40.33 40.42 40.51 40.60 40.68 40.77 40.86 40.95 41.02 41.09 41.15 41.21 41.23 41.24 41.22 41.20 41.23 41.31 41.43 41.58 41.73 41.90 42.05 42.20 42.34 42.48 42.62 42.75 42.89 43.02 43.15 43.28 43.39 43.50 43.63 43.77 43.91 44.11 44.30 44.48 44.74 44.94 45.17 45.40 45.63 45.85 46.09 46.32 46.51 46.75 46.99
38.45 38.57 38.68 38.76 38.82 38.89 38.96 39.02 39.09 39.16 39.23 39.29 39.36 39.43 39.50 39.57 39.64 39.72 39.79 39.87 39.95 40.02 40.11 40.20 40.28 40.38 40.47 40.57 40.67 40.77 40.87 40.98 41.08 41.18 41.27 41.35 41.41 41.46 41.46 41.43 41.39 41.35 41.35 41.45 41.61 41.79 41.97 42.14 42.30 42.45 42.60 42.74 42.88 43.02 43.16 43.28 43.41 43.54 43.65 43.78 43.90 44.04 44.20 44.37 44.57 44.74 44.96 45.17 45.40 45.60 45.80 46.03 46.16 46.49 46.64 46.88 47.11
38.45 38.58 38.70 38.76 38.83 38.90 38.97 39.04 39.11 39.19 39.26 39.33 39.40 39.47 39.55 39.63 39.70 39.78 39.86 39.95 40.03 40.12 40.21 40.31 40.40 40.51 40.61 40.73 40.84 40.95 41.07 41.19 41.30 41.42 41.53 41.61 41.68 41.69 41.68 41.65 41.61 41.54 41.49 41.64 41.86 42.05 42.24 42.41 42.57 42.73 42.87 43.02 43.15 43.29 43.42 43.54 43.67 43.80 43.91 44.02 44.18 44.30 44.48 44.61 44.83 44.99 45.19 45.38 45.60 45.80 45.99 46.19 46.42 46.63 46.83 47.00 47.18
38.46 38.58 38.69 38.77 38.84 38.92 39.00 39.07 39.14 39.22 39.29 39.37 39.45 39.53 39.60 39.68 39.76 39.85 39.94 40.02 40.11 40.21 40.30 40.42 40.52 40.63 40.75 40.88 41.01 41.13 41.27 41.40 41.54 41.67 41.79 41.87 41.91 41.92 41.93 41.91 41.89 41.83 41.68 41.96 42.16 42.36 42.54 42.71 42.87 43.02 43.16 43.30 43.44 43.52 43.68 43.81 43.94 44.05 44.17 44.29 44.46 44.58 44.71 44.84 45.07 45.24 45.44 45.61 45.80 46.01 46.19 46.37 46.56 46.74 46.91 47.11 47.30
