datasets/raw/temp/2019100120191001.grid
ncols 886
nrows 691
xllcenter 112.0000
yllcenter -44.5000
cellsize 0.0500
nodata_value 99999.90
[rows 646 to 679 of 691, columns 616 to 692 of 886]
12.97 13.00 13.04 13.08 13.12 13.15 13.20 13.23 13.27 13.30 13.34 13.38 13.41 13.45 13.47 13.50 13.52 13.54 13.55 13.55 13.56 13.54 13.52 13.49 13.43 13.37 13.28 13.18 13.07 12.97 12.99 13.04 13.09 13.14 13.20 13.25 13.31 13.38 13.45 13.52 13.61 13.70 13.79 13.89 14.00 14.13 14.27 14.44 14.63 14.36 14.99 15.38 15.64 15.48 15.80 12.77 13.97 15.13 14.17 15.44 12.63 12.82 12.55 15.06 14.58 13.59 14.56 9.94 13.80 11.98 14.06 15.21 14.97 16.10 14.90 15.88 15.68
12.91 12.95 12.99 13.03 13.07 13.11 13.14 13.18 13.22 13.26 13.30 13.34 13.36 13.40 13.43 13.46 13.48 13.50 13.51 13.51 13.51 13.50 13.48 13.44 13.39 13.32 13.24 13.14 13.01 12.90 12.90 12.94 12.99 13.03 13.10 13.15 13.21 13.27 13.35 13.41 13.50 13.58 13.68 13.78 13.90 14.03 14.17 14.33 14.52 14.03 13.81 15.02 15.47 15.73 15.99 16.18 15.78 14.44 15.02 16.47 13.37 15.01 14.88 14.73 15.77 15.69 15.59 11.89 14.02 14.94 13.14 14.69 14.68 15.81 16.84 15.10 15.79
12.86 12.91 12.94 12.98 13.02 13.05 13.10 13.14 13.17 13.21 13.25 13.28 13.32 13.35 13.39 13.41 13.44 13.46 13.47 13.47 13.47 13.45 13.44 13.40 13.34 13.28 13.20 13.09 12.97 12.85 12.80 12.84 12.88 12.94 12.99 13.04 13.10 13.16 13.23 13.30 13.38 13.47 13.56 13.66 13.78 13.91 14.05 14.22 14.41 14.27 14.19 13.78 14.66 15.55 15.80 15.65 14.72 14.91 13.12 15.58 14.46 13.38 15.44 15.07 15.53 11.89 16.13 16.31 14.46 14.83 14.68 14.09 14.15 14.95 17.54 16.45 16.88
12.82 12.85 12.90 12.93 12.98 13.01 13.05 13.09 13.13 13.17 13.20 13.24 13.28 13.31 13.33 13.36 13.39 13.40 13.42 13.42 13.43 13.42 13.39 13.36 13.31 13.24 13.16 13.06 12.93 12.80 12.71 12.73 12.78 12.82 12.87 12.92 12.99 13.04 13.11 13.18 13.26 13.34 13.44 13.55 13.66 13.79 13.93 14.10 14.27 14.47 13.84 13.88 13.52 15.20 15.30 14.95 15.95 15.67 15.23 15.27 16.39 15.89 13.63 16.05 15.49 11.55 15.58 13.93 14.04 14.63 14.93 14.43 12.48 15.21 17.26 16.79 17.91
12.77 12.81 12.84 12.89 12.92 12.96 13.00 13.04 13.08 13.11 13.16 13.19 13.22 13.26 13.29 13.32 13.34 13.36 13.38 13.38 13.38 13.37 13.35 13.32 13.27 13.21 13.12 13.02 12.90 12.76 12.63 12.62 12.66 12.70 12.75 12.80 12.86 12.92 12.99 13.05 13.13 13.21 13.31 13.41 13.53 13.65 13.79 13.96 14.13 14.31 13.87 13.65 13.61 14.85 15.26 15.04 14.84 13.98 13.76 13.80 15.24 14.74 15.20 15.89 15.46 15.64 14.77 11.68 13.00 12.94 14.21 13.61 14.65 16.14 13.91 14.39 16.47
12.72 12.76 12.80 12.84 12.87 12.92 12.95 13.00 13.03 13.07 13.11 13.14 13.18 13.21 13.25 13.28 13.30 13.32 13.34 13.34 13.34 13.33 13.31 13.28 13.23 13.17 13.09 12.99 12.87 12.73 12.58 12.50 12.53 12.57 12.62 12.67 12.72 12.78 12.85 12.92 12.99 13.07 13.17 13.27 13.38 13.50 13.65 13.80 13.97 14.15 13.70 14.43 13.43 14.73 14.97 15.19 12.52 15.66 14.82 16.09 14.82 15.29 15.65 15.16 13.10 16.17 13.50 10.90 11.11 12.41 12.53 14.98 13.73 15.81 11.08 13.57 13.16
12.67 12.70 12.75 12.78 12.83 12.86 12.91 12.94 12.98 13.02 13.06 13.09 13.13 13.16 13.19 13.22 13.25 13.27 13.28 13.29 13.29 13.29 13.27 13.24 13.19 13.14 13.05 12.96 12.83 12.70 12.54 12.40 12.40 12.44 12.48 12.53 12.58 12.64 12.70 12.77 12.84 12.93 13.02 13.11 13.23 13.36 13.49 13.64 13.80 13.98 14.16 13.74 13.73 14.03 14.61 14.55 11.56 14.01 14.40 15.93 15.38 14.55 15.81 15.27 15.90 12.40 15.02 11.73 15.31 14.76 12.49 14.52 13.69 15.57 14.67 10.28 11.69
12.62 12.66 12.70 12.74 12.78 12.82 12.86 12.89 12.94 12.97 13.01 13.05 13.08 13.11 13.15 13.18 13.21 13.23 13.24 13.25 13.25 13.25 13.23 13.20 13.16 13.10 13.02 12.92 12.81 12.67 12.51 12.34 12.26 12.28 12.32 12.37 12.42 12.48 12.54 12.61 12.68 12.77 12.85 12.95 13.06 13.19 13.33 13.47 13.63 13.81 13.99 14.16 13.54 13.72 13.86 13.23 13.27 13.59 14.03 14.57 15.50 14.93 15.58 12.70 11.93 12.99 14.73 12.14 15.06 15.21 12.19 13.23 14.24 15.16 12.77 8.17 9.86
12.57 12.61 12.65 12.69 12.72 12.77 12.80 12.85 12.88 12.92 12.96 12.99 13.03 13.07 13.10 13.12 13.15 13.17 13.19 13.20 13.20 13.21 13.19 13.16 13.12 13.06 12.99 12.89 12.78 12.65 12.48 12.30 12.14 12.12 12.16 12.20 12.25 12.31 12.37 12.44 12.51 12.60 12.68 12.78 12.89 13.02 13.15 13.30 13.46 13.62 13.81 14.00 13.48 13.15 14.17 13.86 13.43 13.08 11.96 14.66 14.62 13.83 14.79 10.30 14.21 12.98 14.50 14.32 14.82 14.97 14.61 11.60 14.18 14.61 11.82 8.55 9.38
12.52 12.55 12.60 12.63 12.68 12.71 12.76 12.79 12.83 12.87 12.91 12.95 12.99 13.01 13.05 13.08 13.11 13.13 13.15 13.16 13.16 13.16 13.14 13.11 13.08 13.02 12.95 12.86 12.75 12.62 12.46 12.27 12.09 11.97 11.98 12.02 12.07 12.13 12.19 12.26 12.34 12.42 12.51 12.61 12.72 12.84 12.97 13.12 13.27 13.45 13.63 13.81 13.39 13.17 13.35 14.04 14.20 13.70 11.84 14.36 14.40 15.49 15.53 13.57 13.53 14.08 13.05 14.43 14.60 14.75 13.70 12.52 14.32 13.47 13.97 15.82 16.01
12.47 12.50 12.55 12.58 12.62 12.66 12.71 12.74 12.78 12.82 12.86 12.89 12.93 12.97 13.00 13.03 13.05 13.08 13.09 13.11 13.11 13.11 13.10 13.08 13.04 12.98 12.92 12.83 12.72 12.59 12.44 12.26 12.05 11.86 11.81 11.84 11.88 11.95 12.00 12.07 12.14 12.23 12.32 12.43 12.53 12.66 12.80 12.94 13.09 13.26 13.44 13.63 13.83 13.04 13.11 13.41 13.46 13.38 13.30 13.83 14.99 14.46 13.86 11.79 13.42 13.88 13.86 13.98 14.38 14.42 14.69 13.30 12.38 13.15 13.26 13.88 11.99
12.41 12.46 12.49 12.54 12.57 12.61 12.65 12.69 12.73 12.77 12.80 12.84 12.88 12.91 12.94 12.98 13.01 13.03 13.05 13.06 13.07 13.07 13.06 13.03 12.99 12.95 12.88 12.79 12.69 12.56 12.41 12.24 12.04 11.82 11.65 11.65 11.69 11.76 11.81 11.89 11.96 12.04 12.14 12.24 12.35 12.48 12.61 12.75 12.92 13.08 13.26 13.45 13.63 13.26 13.56 12.80 13.48 13.41 13.14 12.90 14.06 14.79 13.87 13.18 13.55 13.70 13.87 14.03 14.19 13.63 10.09 12.65 11.60 14.62 13.92 12.41 14.45
12.36 12.41 12.44 12.48 12.52 12.56 12.60 12.63 12.68 12.71 12.75 12.79 12.82 12.86 12.90 12.93 12.96 12.97 13.00 13.01 13.02 13.02 13.01 12.99 12.96 12.91 12.84 12.77 12.66 12.54 12.39 12.22 12.03 11.80 11.58 11.48 11.50 11.56 11.62 11.69 11.77 11.86 11.96 12.05 12.17 12.29 12.44 12.57 12.73 12.90 13.08 13.26 13.46 13.65 13.54 13.33 13.39 12.52 12.90 13.79 13.87 14.58 14.01 13.36 11.09 13.52 13.68 13.53 13.51 14.15 14.30 14.29 14.20 13.77 15.46 11.71 11.89
12.31 12.35 12.39 12.43 12.46 12.51 12.54 12.58 12.62 12.66 12.70 12.73 12.77 12.81 12.84 12.87 12.90 12.93 12.95 12.97 12.98 12.98 12.97 12.95 12.92 12.87 12.81 12.73 12.63 12.52 12.37 12.20 12.02 11.79 11.56 11.35 11.32 11.36 11.44 11.51 11.59 11.67 11.77 11.88 11.99 12.12 12.26 12.40 12.56 12.72 12.90 13.08 13.27 13.47 13.68 13.74 13.84 13.32 11.54 14.38 14.17 13.22 14.79 13.48 12.45 9.89 13.50 13.65 13.80 13.08 14.10 14.05 10.80 8.43 14.30 15.67 15.07
12.26 12.30 12.33 12.38 12.41 12.45 12.49 12.53 12.57 12.61 12.64 12.68 12.71 12.75 12.79 12.82 12.84 12.87 12.89 12.91 12.92 12.92 12.92 12.90 12.87 12.84 12.78 12.70 12.61 12.49 12.36 12.19 12.01 11.80 11.56 11.32 11.17 11.18 11.24 11.32 11.40 11.50 11.59 11.70 11.82 11.95 12.08 12.24 12.39 12.56 12.73 12.92 13.11 13.30 13.50 13.70 13.89 13.61 13.75 14.26 14.32 13.32 13.28 14.88 14.36 14.67 13.77 11.71 11.98 13.76 13.90 14.04 12.93 11.60 14.51 12.68 11.32
12.20 12.24 12.28 12.31 12.36 12.39 12.44 12.47 12.52 12.55 12.59 12.62 12.66 12.70 12.73 12.76 12.79 12.82 12.85 12.87 12.88 12.87 12.88 12.86 12.84 12.80 12.74 12.67 12.59 12.47 12.35 12.19 12.02 11.81 11.58 11.34 11.11 11.02 11.07 11.14 11.23 11.32 11.43 11.53 11.65 11.78 11.92 12.07 12.22 12.39 12.56 12.75 12.94 13.13 13.32 13.52 13.71 13.91 13.78 13.86 13.64 12.44 13.23 13.08 14.54 13.64 11.43 12.55 13.78 13.07 14.03 13.71 12.06 13.63 12.32 14.79 12.51
12.15 12.18 12.23 12.26 12.30 12.34 12.38 12.42 12.45 12.50 12.53 12.57 12.61 12.64 12.68 12.71 12.74 12.76 12.79 12.81 12.82 12.83 12.83 12.82 12.79 12.76 12.71 12.64 12.56 12.46 12.34 12.19 12.03 11.83 11.61 11.38 11.12 10.91 10.90 10.98 11.06 11.15 11.26 11.37 11.49 11.62 11.76 11.91 12.07 12.23 12.40 12.59 12.77 12.96 13.15 13.34 13.54 13.72 13.85 13.68 13.60 13.66 12.04 13.53 14.67 11.59 13.91 14.18 12.76 13.34 14.16 13.47 12.04 13.75 15.15 15.67 15.75
12.09 12.13 12.16 12.21 12.24 12.29 12.32 12.36 12.40 12.44 12.48 12.52 12.55 12.59 12.62 12.65 12.69 12.72 12.73 12.75 12.77 12.78 12.78 12.77 12.75 12.72 12.67 12.62 12.54 12.45 12.34 12.20 12.04 11.86 11.66 11.43 11.17 10.92 10.78 10.81 10.90 11.00 11.10 11.21 11.34 11.47 11.60 11.75 11.91 12.07 12.24 12.42 12.61 12.79 12.97 13.17 13.36 13.54 13.72 13.87 12.73 13.72 12.96 14.35 13.90 14.45 13.55 13.90 12.88 11.01 11.09 11.86 13.93 14.46 13.87 13.51 8.73
12.03 12.08 12.11 12.15 12.19 12.23 12.27 12.31 12.34 12.38 12.42 12.46 12.50 12.53 12.57 12.60 12.63 12.66 12.68 12.71 12.72 12.73 12.73 12.72 12.71 12.68 12.65 12.60 12.53 12.44 12.34 12.21 12.07 11.89 11.70 11.48 11.25 11.00 10.77 10.69 10.75 10.85 10.95 11.07 11.19 11.31 11.45 11.60 11.76 11.91 12.08 12.25 12.43 12.61 12.80 12.98 13.16 13.35 13.53 13.70 13.82 11.36 12.79 14.19 13.48 14.22 13.73 13.69 12.60 13.90 10.99 13.06 10.52 13.51 14.61 13.41 10.81
11.98 12.01 12.06 12.09 12.13 12.17 12.21 12.24 12.29 12.32 12.36 12.40 12.43 12.47 12.50 12.54 12.57 12.61 12.62 12.65 12.67 12.68 12.69 12.69 12.68 12.66 12.62 12.57 12.51 12.43 12.34 12.22 12.09 11.93 11.75 11.56 11.34 11.10 10.84 10.63 10.61 10.70 10.80 10.92 11.04 11.17 11.31 11.45 11.60 11.75 11.92 12.09 12.26 12.44 12.62 12.80 12.97 13.15 13.33 13.50 13.67 13.59 13.86 14.15 14.12 14.27 12.85 14.49 14.00 10.35 11.39 14.07 13.33 9.59 9.20 13.86 12.04
11.92 11.96 11.99 12.04 12.07 12.11 12.15 12.19 12.23 12.26 12.30 12.34 12.38 12.41 12.45 12.48 12.51 12.55 12.58 12.59 12.61 12.63 12.64 12.64 12.63 12.62 12.59 12.55 12.50 12.42 12.35 12.24 12.12 11.98 11.81 11.63 11.42 11.21 10.97 10.72 10.54 10.56 10.66 10.78 10.90 11.02 11.15 11.30 11.44 11.60 11.75 11.92 12.09 12.25 12.43 12.60 12.78 12.95 13.12 13.28 13.45 13.61 13.77 13.92 13.59 14.02 11.96 14.49 14.12 14.03 12.57 13.65 11.68 12.68 9.49 11.62 7.86
11.86 11.90 11.94 11.97 12.02 12.05 12.09 12.13 12.17 12.21 12.24 12.29 12.32 12.36 12.39 12.43 12.46 12.49 12.52 12.54 12.56 12.58 12.59 12.59 12.59 12.58 12.56 12.53 12.48 12.42 12.35 12.26 12.15 12.03 11.88 11.71 11.52 11.32 11.09 10.86 10.62 10.49 10.53 10.63 10.75 10.88 11.00 11.14 11.28 11.43 11.58 11.75 11.90 12.07 12.23 12.40 12.57 12.74 12.89 13.05 13.22 13.38 13.53 13.68 13.54 13.88 14.12 14.27 14.41 13.38 12.67 14.35 12.31 14.15 11.98 14.38 11.81
11.80 11.84 11.88 11.92 11.95 12.00 12.03 12.07 12.11 12.14 12.19 12.22 12.26 12.29 12.33 12.36 12.40 12.43 12.46 12.48 12.51 12.53 12.54 12.55 12.55 12.54 12.53 12.50 12.46 12.41 12.36 12.28 12.18 12.06 11.94 11.79 11.62 11.43 11.23 11.00 10.77 10.55 10.45 10.49 10.60 10.72 10.84 10.97 11.12 11.26 11.40 11.55 11.71 11.87 12.03 12.18 12.35 12.50 12.67 12.83 12.97 13.13 13.29 13.44 13.30 11.68 12.79 13.83 12.67 12.68 12.62 13.51 13.69 12.29 13.45 14.46 13.26
11.75 11.78 11.82 11.86 11.90 11.93 11.97 12.01 12.05 12.09 12.12 12.17 12.20 12.24 12.27 12.31 12.34 12.37 12.40 12.42 12.45 12.48 12.49 12.51 12.50 12.50 12.49 12.48 12.45 12.41 12.36 12.29 12.21 12.11 11.99 11.86 11.71 11.55 11.36 11.16 10.94 10.71 10.50 10.40 10.46 10.57 10.69 10.81 10.94 11.08 11.22 11.36 11.50 11.66 11.81 11.96 12.12 12.27 12.42 12.57 12.72 12.87 13.03 13.18 13.32 12.82 11.16 13.30 11.18 11.41 13.39 13.30 9.74 11.09 12.33 14.55 8.79
11.68 11.73 11.76 11.80 11.83 11.88 11.91 11.94 11.99 12.02 12.07 12.10 12.14 12.17 12.21 12.24 12.28 12.31 12.34 12.37 12.39 12.42 12.44 12.46 12.46 12.46 12.46 12.45 12.43 12.40 12.35 12.29 12.23 12.15 12.05 11.93 11.80 11.65 11.48 11.30 11.10 10.88 10.66 10.44 10.36 10.41 10.53 10.64 10.76 10.89 11.02 11.16 11.30 11.44 11.58 11.72 11.88 12.02 12.17 12.31 12.46 12.61 12.75 12.89 13.04 10.45 12.65 13.43 11.56 13.77 12.65 13.92 13.80 10.85 10.33 14.52 14.20
11.62 11.66 11.69 11.74 11.77 11.81 11.85 11.89 11.92 11.97 12.00 12.04 12.07 12.12 12.15 12.19 12.22 12.25 12.28 12.31 12.34 12.36 12.39 12.41 12.42 12.42 12.42 12.42 12.40 12.38 12.35 12.30 12.24 12.18 12.09 11.99 11.87 11.75 11.60 11.43 11.25 11.05 10.84 10.60 10.40 10.30 10.35 10.46 10.58 10.69 10.82 10.95 11.08 11.21 11.35 11.47 11.62 11.76 11.90 12.04 12.18 12.33 12.47 12.62 12.76 12.34 11.50 13.19 13.34 13.48 13.64 13.79 13.94 14.10 14.25 14.38 14.51
11.57 11.60 11.64 11.67 11.72 11.75 11.79 11.83 11.86 11.90 11.94 11.97 12.02 12.05 12.08 12.12 12.15 12.19 12.23 12.25 12.28 12.31 12.33 12.35 12.37 12.39 12.38 12.38 12.38 12.36 12.34 12.30 12.26 12.20 12.13 12.05 11.95 11.83 11.70 11.55 11.38 11.20 11.00 10.78 10.56 10.34 10.23 10.27 10.38 10.49 10.60 10.72 10.85 10.97 11.09 11.23 11.36 11.49 11.63 11.77 11.91 12.04 12.18 12.33 12.47 12.62 12.75 12.91 13.05 13.20 13.35 11.62 13.67 13.83 13.99 14.13 14.26
11.50 11.54 11.58 11.61 11.65 11.69 11.73 11.76 11.80 11.84 11.87 11.92 11.95 11.98 12.02 12.05 12.09 12.12 12.16 12.20 12.22 12.25 12.28 12.30 12.32 12.34 12.35 12.35 12.35 12.34 12.32 12.30 12.26 12.22 12.16 12.09 12.00 11.90 11.79 11.66 11.50 11.34 11.16 10.95 10.74 10.50 10.28 10.15 10.17 10.28 10.38 10.49 10.61 10.72 10.84 10.96 11.09 11.21 11.35 11.48 11.62 11.75 11.89 12.04 12.17 12.32 12.46 12.61 12.76 12.91 13.07 13.23 13.40 13.57 13.73 13.87 14.01
11.44 11.47 11.51 11.54 11.59 11.62 11.66 11.70 11.74 11.77 11.81 11.85 11.88 11.92 11.96 12.00 12.03 12.07 12.10 12.13 12.16 12.19 12.22 12.24 12.27 12.29 12.30 12.31 12.31 12.31 12.30 12.29 12.26 12.23 12.18 12.12 12.05 11.96 11.86 11.74 11.61 11.47 11.29 11.10 10.89 10.67 10.42 10.19 10.04 10.06 10.16 10.25 10.35 10.47 10.58 10.70 10.81 10.94 11.06 11.19 11.32 11.46 11.59 11.73 11.88 12.02 12.16 12.32 12.46 12.62 12.78 12.96 13.12 13.29 13.46 13.61 13.77
11.38 11.41 11.45 11.48 11.52 11.56 11.60 11.63 11.67 11.71 11.75 11.79 11.82 11.86 11.90 11.93 11.97 12.00 12.04 12.07 12.10 12.13 12.16 12.18 12.21 12.23 12.26 12.26 12.27 12.28 12.28 12.27 12.24 12.22 12.18 12.14 12.08 12.00 11.92 11.82 11.71 11.57 11.41 11.24 11.04 10.84 10.60 10.34 10.09 9.92 9.93 10.01 10.10 10.21 10.32 10.42 10.54 10.66 10.78 10.90 11.03 11.16 11.29 11.44 11.58 11.72 11.87 12.02 12.18 12.34 12.50 12.68 12.86 13.03 13.19 13.36 13.51
11.31 11.34 11.39 11.42 11.46 11.49 11.53 11.57 11.61 11.64 11.69 11.72 11.75 11.80 11.83 11.87 11.90 11.93 11.97 12.00 12.04 12.07 12.10 12.13 12.15 12.18 12.20 12.21 12.23 12.24 12.25 12.24 12.23 12.21 12.18 12.15 12.10 12.04 11.97 11.88 11.78 11.66 11.52 11.36 11.18 10.98 10.76 10.52 10.25 9.98 9.78 9.77 9.85 9.95 10.05 10.15 10.26 10.37 10.49 10.61 10.73 10.86 11.00 11.14 11.28 11.43 11.58 11.73 11.89 12.05 12.23 12.40 12.58 12.76 12.93 13.10 13.26
11.25 11.28 11.32 11.35 11.40 11.43 11.47 11.50 11.54 11.58 11.62 11.65 11.69 11.73 11.76 11.80 11.83 11.87 11.90 11.94 11.97 12.01 12.04 12.07 12.09 12.12 12.15 12.16 12.18 12.20 12.21 12.20 12.20 12.19 12.18 12.14 12.11 12.06 12.00 11.92 11.83 11.73 11.60 11.46 11.30 11.11 10.90 10.68 10.42 10.16 9.86 9.65 9.63 9.70 9.79 9.89 9.99 10.10 10.21 10.33 10.45 10.57 10.70 10.84 10.99 11.14 11.29 11.44 11.60 11.78 11.95 12.13 12.30 12.49 12.66 12.84 13.01
11.19 11.22 11.26 11.29 11.33 11.36 11.41 11.44 11.48 11.51 11.55 11.59 11.62 11.66 11.70 11.73 11.77 11.80 11.85 11.88 11.90 11.94 11.97 12.01 12.04 12.06 12.09 12.11 12.13 12.15 12.16 12.17 12.17 12.16 12.15 12.13 12.11 12.07 12.02 11.96 11.87 11.78 11.67 11.55 11.40 11.23 11.04 10.83 10.60 10.34 10.06 9.77 9.54 9.48 9.53 9.62 9.72 9.82 9.93 10.04 10.16 10.29 10.42 10.55 10.70 10.85 11.00 11.16 11.32 11.49 11.67 11.85 12.04 12.22 12.40 12.58 12.75
11.12 11.15 11.19 11.23 11.27 11.30 11.34 11.37 11.41 11.45 11.48 11.52 11.56 11.59 11.63 11.67 11.70 11.73 11.78 11.81 11.85 11.88 11.91 11.94 11.98 12.00 12.03 12.05 12.08 12.09 12.11 12.12 12.13 12.13 12.13 12.12 12.10 12.06 12.03 11.98 11.91 11.83 11.73 11.62 11.49 11.34 11.17 10.97 10.76 10.52 10.26 9.98 9.69 9.44 9.34 9.37 9.45 9.55 9.66 9.77 9.88 10.01 10.14 10.27 10.41 10.56 10.72 10.88 11.05 11.22 11.39 11.58 11.76 11.95 12.13 12.32 12.50
