datasets/raw/temp/2019122720191227.grid
ncols 886
nrows 691
xllcenter 112.0000
yllcenter -44.5000
cellsize 0.0500
nodata_value 99999.90
[rows 374 to 407 of 691, columns 154 to 230 of 886]
40.90 40.93 41.05 41.14 41.14 41.20 41.45 41.50 41.60 41.71 41.81 41.94 42.05 42.14 42.33 42.43 42.51 42.58 42.65 42.73 42.77 42.82 42.87 42.95 43.01 43.04 43.05 42.93 43.05 43.09 43.05 43.04 43.05 43.03 43.04 43.05 42.97 42.89 42.93 42.92 42.87 42.69 42.55 42.60 42.78 42.83 42.88 42.95 42.99 43.00 42.99 42.88 42.76 42.63 42.64 42.62 42.65 42.65 42.64 42.64 42.74 42.63 42.70 42.82 42.84 42.73 42.88 43.05 43.21 43.28 43.32 43.35 43.30 43.23 43.15 43.26 43.42
41.04 41.04 41.16 41.21 41.20 41.07 41.46 41.57 41.68 41.78 41.87 41.99 42.08 42.21 42.32 42.42 42.51 42.59 42.66 42.72 42.76 42.73 42.82 42.93 42.98 43.01 43.05 43.06 43.07 43.10 43.10 43.12 43.10 43.10 43.08 43.06 43.03 42.95 43.00 42.99 42.96 42.86 42.73 42.70 42.80 42.86 42.84 42.78 42.91 42.97 42.97 42.92 42.83 42.69 42.66 42.76 42.61 42.70 42.59 42.57 42.61 42.56 42.54 42.63 42.67 42.66 42.75 42.95 43.12 43.28 43.34 43.28 43.10 43.08 43.10 43.34 43.55
41.07 41.14 41.21 41.18 41.16 41.37 41.23 41.65 41.76 41.85 41.92 41.98 42.10 42.17 42.28 42.33 42.38 42.49 42.59 42.69 42.76 42.78 42.80 42.89 42.93 42.97 43.01 43.05 43.07 43.09 43.12 43.14 43.08 43.06 43.04 43.04 43.06 43.04 43.05 42.94 42.99 42.94 42.88 42.82 42.77 42.88 42.90 42.90 42.89 42.84 42.86 42.93 42.86 42.78 42.81 42.79 42.75 42.79 42.68 42.66 42.46 42.47 42.44 42.54 42.77 42.86 42.93 42.98 42.97 43.22 43.30 43.28 43.26 43.20 43.25 43.36 43.50
41.04 41.19 41.18 41.24 41.33 41.44 41.50 41.66 41.71 41.75 41.85 41.83 41.96 42.00 42.18 42.27 42.22 42.37 42.47 42.60 42.69 42.76 42.75 42.79 42.85 42.89 42.96 43.03 43.06 43.11 43.12 43.15 43.16 43.13 43.09 43.11 43.09 43.08 43.02 42.99 43.01 42.97 42.83 42.77 42.70 42.79 42.80 42.87 42.91 42.99 42.98 42.98 42.89 42.87 42.86 42.84 42.81 42.78 42.72 42.62 42.52 42.51 42.49 42.60 42.80 42.93 43.02 43.09 43.14 43.12 43.25 43.35 43.35 43.31 43.19 43.44 43.53
41.08 41.17 41.16 41.31 41.36 41.44 41.48 41.61 41.63 41.60 41.69 41.74 41.71 41.95 42.12 42.23 42.18 42.26 42.33 42.47 42.60 42.68 42.67 42.67 42.72 42.76 42.85 42.92 42.92 43.01 43.10 43.17 43.19 43.10 43.17 43.12 43.11 43.12 43.12 43.09 42.93 42.89 42.88 42.79 42.76 42.69 42.75 42.82 42.91 42.96 42.95 42.95 42.86 42.93 42.86 42.84 42.81 42.76 42.64 42.43 42.55 42.62 42.66 42.69 42.80 42.82 42.87 43.01 43.19 43.14 43.05 43.31 43.34 43.19 43.37 43.39 43.66
41.08 41.16 41.24 41.32 41.37 41.46 41.25 41.54 41.55 41.53 41.51 41.69 41.50 41.81 42.05 42.16 42.13 42.04 42.27 42.38 42.55 42.60 42.56 42.57 42.53 42.64 42.74 42.81 42.85 42.81 42.99 43.10 43.17 43.21 43.20 43.21 43.12 43.17 43.14 43.12 43.07 42.97 42.86 42.86 42.65 42.69 42.78 42.83 42.94 42.85 42.84 42.90 42.91 42.90 42.83 42.83 42.76 42.67 42.49 42.41 42.56 42.57 42.60 42.63 42.68 42.91 43.01 43.10 43.17 43.18 43.18 43.28 43.32 43.23 43.42 43.57 43.67
41.07 41.15 41.22 41.27 41.20 41.44 41.43 41.49 41.43 41.46 41.56 41.63 41.54 41.79 41.96 42.06 42.10 42.15 42.26 42.41 42.48 42.49 42.38 42.43 42.38 42.47 42.64 42.70 42.76 42.83 42.93 42.98 43.09 43.13 43.18 43.19 43.18 43.18 43.15 43.12 43.10 43.02 42.96 42.89 42.74 42.62 42.75 42.78 42.83 42.79 42.88 42.87 42.87 42.79 42.86 42.77 42.69 42.57 42.45 42.36 42.48 42.36 42.45 42.61 42.70 42.89 43.06 43.09 43.10 43.18 43.22 43.24 43.28 43.30 43.46 43.57 43.61
41.06 41.14 41.20 41.20 41.27 41.42 41.48 41.48 41.54 41.54 41.67 41.64 41.57 41.62 41.79 41.90 41.97 42.09 42.24 42.28 42.36 42.38 42.31 42.28 42.21 42.45 42.49 42.51 42.54 42.70 42.80 42.92 43.00 42.98 43.09 43.11 43.11 43.11 43.16 43.14 43.11 43.05 42.96 42.87 42.73 42.64 42.65 42.71 42.73 42.61 42.80 42.83 42.76 42.82 42.83 42.72 42.65 42.56 42.45 42.35 42.35 42.26 42.32 42.66 42.83 42.98 43.02 43.02 42.92 42.98 42.99 43.04 43.10 43.25 43.48 43.53 43.42
41.05 41.04 41.04 41.19 41.21 41.40 41.43 41.49 41.53 41.57 41.53 41.61 41.63 41.34 41.67 41.70 41.81 42.01 42.07 42.15 42.17 42.24 42.16 42.03 42.11 42.25 42.27 42.34 42.47 42.60 42.73 42.83 42.90 42.92 42.96 42.89 42.99 42.98 43.11 43.11 43.08 43.03 42.96 42.82 42.59 42.50 42.42 42.60 42.61 42.62 42.72 42.74 42.78 42.71 42.79 42.72 42.63 42.48 42.40 42.24 42.27 42.52 42.58 42.76 42.85 42.98 42.90 42.89 42.95 42.84 42.78 42.99 43.19 43.30 43.46 43.49 43.43
41.06 41.05 40.94 41.05 41.17 41.35 41.31 41.40 41.35 41.44 41.44 41.47 41.47 41.55 41.38 41.60 41.67 41.90 41.99 42.06 42.09 42.07 42.09 42.00 42.25 42.34 42.36 42.40 42.26 42.46 42.59 42.64 42.76 42.79 42.70 42.84 42.91 42.93 43.01 43.07 43.07 43.05 42.94 42.85 42.72 42.66 42.58 42.60 42.53 42.45 42.55 42.67 42.69 42.75 42.66 42.68 42.62 42.57 42.51 42.47 42.40 42.46 42.61 42.76 42.88 42.97 43.03 43.01 43.05 43.00 42.84 42.90 43.21 43.36 43.44 43.44 43.45
41.07 41.11 41.15 41.07 41.22 41.25 41.16 41.32 41.27 41.35 41.38 41.41 41.50 41.50 41.65 41.67 41.87 42.01 42.15 42.22 42.24 42.22 42.17 42.01 42.23 42.40 42.43 42.29 42.24 42.38 42.40 42.56 42.69 42.61 42.65 42.75 42.84 42.91 42.94 42.99 43.02 43.01 42.95 42.88 42.78 42.72 42.62 42.68 42.53 42.38 42.37 42.56 42.65 42.73 42.66 42.75 42.69 42.67 42.60 42.48 42.31 42.45 42.52 42.67 42.75 42.80 42.98 43.01 42.90 42.77 42.81 43.04 43.18 43.37 43.35 43.38 43.40
41.04 41.13 41.11 41.04 41.08 41.11 41.02 41.09 41.10 41.46 41.52 41.56 41.62 41.67 41.73 41.54 41.85 41.94 42.13 42.27 42.26 42.29 42.17 42.09 42.29 42.46 42.41 42.30 42.32 42.41 42.27 42.35 42.42 42.41 42.57 42.58 42.60 42.80 42.82 42.84 42.85 42.96 42.94 42.89 42.80 42.78 42.74 42.67 42.52 42.45 42.43 42.49 42.47 42.63 42.65 42.73 42.76 42.70 42.65 42.54 42.58 42.60 42.45 42.50 42.70 42.85 43.01 42.95 42.88 42.85 42.85 43.08 43.22 43.28 43.27 43.12 43.24
41.05 41.11 41.13 41.05 41.06 40.98 40.91 41.13 41.33 41.49 41.62 41.67 41.68 41.76 41.88 41.86 41.92 41.88 42.17 42.29 42.35 42.37 42.33 42.28 42.39 42.50 42.43 42.44 42.46 42.39 42.34 42.43 42.28 42.36 42.46 42.50 42.61 42.68 42.45 42.75 42.76 42.84 42.89 42.88 42.86 42.82 42.78 42.71 42.60 42.57 42.52 42.59 42.55 42.58 42.57 42.58 42.68 42.68 42.71 42.65 42.67 42.64 42.69 42.64 42.58 42.86 42.98 42.92 42.94 42.99 42.95 43.12 43.20 43.18 43.13 43.00 43.10
41.05 41.09 41.08 41.07 41.18 41.15 41.04 41.12 41.25 41.28 41.53 41.71 41.79 41.89 41.94 41.94 41.99 41.95 42.23 42.28 42.35 42.39 42.40 42.43 42.48 42.53 42.57 42.52 42.43 42.44 42.48 42.43 42.25 42.29 42.30 42.44 42.47 42.43 42.57 42.58 42.65 42.74 42.84 42.85 42.85 42.83 42.81 42.77 42.69 42.56 42.67 42.61 42.67 42.62 42.65 42.60 42.55 42.68 42.69 42.70 42.72 42.76 42.73 42.60 42.66 42.78 42.93 42.95 43.00 43.02 42.95 43.09 43.13 43.15 43.15 43.09 43.06
41.00 41.07 41.11 41.16 41.12 41.05 41.04 41.00 41.13 41.25 41.58 41.73 41.81 41.89 41.95 42.03 42.07 42.05 42.20 42.25 42.31 42.36 42.40 42.45 42.49 42.54 42.56 42.52 42.39 42.50 42.53 42.51 42.42 42.41 42.22 42.31 42.27 42.32 42.37 42.49 42.61 42.67 42.73 42.78 42.78 42.78 42.79 42.76 42.73 42.73 42.62 42.70 42.71 42.60 42.70 42.58 42.30 42.55 42.65 42.67 42.69 42.72 42.75 42.72 42.65 42.59 42.71 42.80 42.95 42.92 42.83 43.03 43.09 43.02 43.00 43.02 43.00
40.72 40.98 41.09 41.09 41.14 41.09 40.94 40.99 41.18 41.21 41.57 41.70 41.76 41.68 41.66 41.86 41.94 42.05 42.12 42.21 42.26 42.31 42.36 42.41 42.45 42.49 42.53 42.55 42.49 42.58 42.57 42.47 42.48 42.50 42.47 42.41 42.40 42.33 42.27 42.37 42.50 42.59 42.62 42.67 42.75 42.74 42.74 42.75 42.73 42.59 42.68 42.74 42.71 42.67 42.72 42.64 42.48 42.44 42.53 42.45 42.53 42.53 42.71 42.68 42.64 42.68 42.65 42.88 42.89 42.90 42.95 42.96 43.00 43.04 43.02 42.90 42.99
40.94 41.00 41.05 41.07 41.04 41.08 41.04 41.08 41.24 41.24 41.40 41.54 41.72 41.69 41.60 41.67 41.73 41.86 41.94 42.10 42.23 42.27 42.32 42.35 42.40 42.46 42.49 42.53 42.55 42.56 42.58 42.57 42.54 42.51 42.51 42.46 42.41 42.42 42.17 42.15 42.39 42.44 42.28 42.53 42.63 42.69 42.69 42.69 42.68 42.70 42.69 42.70 42.74 42.51 42.73 42.67 42.56 42.43 42.39 42.22 42.33 42.45 42.61 42.68 42.72 42.75 42.77 42.81 42.85 42.83 42.89 42.92 42.92 42.88 42.89 43.04 43.08
40.89 40.97 41.02 41.03 40.91 40.95 41.06 41.04 40.97 41.09 41.30 41.45 41.66 41.67 41.60 41.50 41.53 41.66 41.78 41.93 42.07 42.12 42.17 42.22 42.10 42.42 42.46 42.49 42.50 42.52 42.53 42.54 42.60 42.55 42.55 42.51 42.49 42.42 42.32 42.26 42.22 42.30 42.26 42.44 42.52 42.58 42.63 42.64 42.64 42.60 42.65 42.68 42.71 42.71 42.69 42.66 42.58 42.46 42.19 42.25 42.34 42.40 42.55 42.59 42.60 42.59 42.69 42.74 42.77 42.79 42.82 42.86 42.86 42.86 42.97 42.96 43.01
40.74 40.92 40.92 40.92 40.91 40.82 40.90 40.95 41.03 41.19 41.29 41.45 41.59 41.62 41.62 41.57 41.46 41.54 41.58 41.71 41.86 41.87 41.93 42.17 42.28 42.38 42.33 42.31 42.37 42.48 42.41 42.27 42.45 42.55 42.55 42.51 42.45 42.49 42.42 42.29 42.29 42.30 42.20 42.34 42.35 42.40 42.49 42.58 42.60 42.59 42.58 42.55 42.60 42.59 42.66 42.63 42.59 42.46 42.35 42.24 42.20 42.20 42.39 42.39 42.26 42.52 42.66 42.69 42.69 42.66 42.75 42.78 42.81 42.86 42.82 42.77 42.77
40.83 40.86 40.80 40.72 40.76 40.63 40.74 40.91 40.84 41.06 41.15 41.43 41.48 41.44 41.52 41.56 41.48 41.18 41.64 41.80 41.85 41.89 42.05 42.20 42.25 42.29 42.19 42.19 42.20 42.35 42.23 42.11 42.29 42.40 42.50 42.49 42.48 42.49 42.45 42.33 42.37 42.27 42.16 42.17 42.11 42.26 42.29 42.38 42.47 42.45 42.44 42.32 42.40 42.46 42.44 42.51 42.58 42.50 42.35 42.35 42.16 42.01 42.21 42.15 42.28 42.41 42.45 42.42 42.45 42.52 42.69 42.69 42.73 42.79 42.79 42.78 42.79
40.75 40.80 40.83 40.81 40.72 40.70 40.69 40.86 41.01 41.14 41.15 41.31 41.43 41.44 41.31 41.38 41.29 41.42 41.57 41.77 41.89 41.99 42.07 42.13 42.08 42.20 42.15 42.05 42.10 42.19 42.05 41.99 42.12 42.32 42.45 42.44 42.44 42.44 42.44 42.41 42.28 42.30 42.23 42.09 42.07 42.08 42.26 42.27 42.44 42.37 42.30 42.30 42.27 42.17 42.38 42.53 42.54 42.51 42.37 42.38 42.31 42.15 41.90 42.05 42.12 42.21 42.38 42.31 42.19 42.45 42.58 42.53 42.49 42.61 42.65 42.76 42.80
40.60 40.73 40.76 40.69 40.58 40.70 40.87 40.85 41.02 41.12 41.19 41.27 41.34 41.32 41.22 41.10 41.11 41.16 41.58 41.60 41.74 41.92 41.98 41.90 42.03 42.07 42.11 42.07 42.07 42.26 42.22 42.00 42.09 42.28 42.24 42.40 42.40 42.39 42.38 42.40 42.36 42.35 42.28 42.12 42.15 42.20 42.26 42.33 42.39 42.38 42.37 42.35 42.23 42.04 42.20 42.30 42.35 42.43 42.40 42.33 42.16 42.19 42.08 41.88 41.96 42.15 42.12 42.09 42.13 42.30 42.38 42.26 42.43 42.48 42.41 42.47 42.66
40.54 40.64 40.64 40.65 40.54 40.51 40.74 40.86 40.87 40.94 41.00 41.08 41.26 41.22 41.13 41.13 41.08 41.30 41.43 41.48 41.68 41.78 41.72 41.84 41.78 42.02 42.08 42.15 42.15 42.25 42.29 42.18 42.05 42.11 42.32 42.35 42.36 42.34 42.33 42.30 42.31 42.37 42.32 42.22 42.07 42.21 42.31 42.36 42.37 42.36 42.36 42.30 42.21 42.04 42.01 42.06 42.25 42.29 42.38 42.33 42.31 42.26 42.04 42.10 41.88 41.90 41.88 42.02 42.01 42.18 42.37 42.30 42.18 42.27 42.36 42.41 42.45
40.42 40.53 40.57 40.62 40.49 40.53 40.51 40.62 40.72 40.88 40.77 40.96 41.11 41.22 41.17 41.11 40.97 41.08 41.24 41.31 41.55 41.46 41.58 41.76 41.71 41.86 41.96 42.08 42.00 42.20 42.25 42.26 42.24 42.13 42.28 42.32 42.29 42.16 42.11 42.06 42.16 42.29 42.32 42.27 42.25 42.27 42.31 42.30 42.29 42.28 42.27 42.25 42.12 42.07 41.89 42.01 42.14 42.20 42.17 42.31 42.29 42.24 42.20 42.11 41.98 42.02 42.13 42.05 41.94 42.06 42.18 42.08 42.19 42.16 42.21 42.34 42.36
40.23 40.34 40.44 40.55 40.53 40.46 40.40 40.55 40.67 40.72 40.54 40.71 40.88 41.12 41.10 40.99 40.80 40.88 40.98 41.24 41.39 41.52 41.63 41.77 41.84 41.92 41.99 41.95 41.90 42.15 42.19 42.16 42.27 42.24 42.27 42.30 42.25 42.10 42.10 42.17 42.22 42.10 42.17 42.24 42.19 42.16 42.19 42.14 42.22 42.20 42.19 42.17 42.05 42.10 42.02 41.83 41.91 42.03 42.08 42.18 42.22 42.22 42.18 42.10 42.14 42.12 42.14 41.90 41.83 41.83 41.95 41.94 42.15 42.27 42.24 42.44 42.45
40.00 40.08 40.18 40.45 40.47 40.27 40.22 40.33 40.56 40.63 40.53 40.65 40.83 41.01 40.98 40.94 40.95 40.87 40.94 41.17 41.24 41.43 41.54 41.51 41.67 41.82 41.78 41.93 41.99 42.16 42.19 42.23 42.20 42.16 42.23 42.12 42.16 42.06 41.91 42.10 42.06 41.90 42.02 42.17 42.13 42.08 42.04 41.96 42.13 42.09 42.03 42.10 42.06 42.07 41.99 41.86 41.83 41.85 41.87 42.01 42.08 42.09 42.16 42.15 42.14 42.14 42.00 41.96 41.98 41.94 41.82 41.88 42.13 42.25 42.26 42.35 42.42
40.13 40.17 40.26 40.30 40.32 40.26 40.06 40.25 40.43 40.53 40.43 40.57 40.71 40.85 40.93 40.93 40.90 40.81 40.89 40.98 41.17 41.26 41.43 41.29 41.43 41.66 41.66 41.94 42.05 42.05 42.17 42.21 42.13 42.15 42.06 42.04 42.08 41.96 41.95 41.98 41.80 41.85 41.93 41.98 42.01 42.10 42.10 42.05 42.06 42.00 41.94 42.00 41.99 42.00 41.92 41.82 41.84 41.74 41.63 41.77 41.80 41.90 41.96 41.97 41.99 42.10 42.08 41.98 41.90 41.66 41.70 41.75 41.95 42.11 42.09 42.23 42.30
39.99 40.09 40.08 39.99 40.22 40.19 40.02 40.07 40.29 40.48 40.39 40.29 40.45 40.67 40.85 40.75 40.70 40.55 40.66 40.89 40.85 41.02 41.25 41.28 41.40 41.56 41.78 41.98 42.05 42.04 42.16 42.21 42.13 42.06 42.07 41.98 41.98 41.92 41.83 41.96 41.82 41.94 41.95 41.98 42.05 42.06 41.86 41.96 41.91 41.89 41.72 41.82 41.86 41.88 41.87 41.84 41.79 41.74 41.69 41.75 41.66 41.66 41.63 41.69 41.67 41.95 42.00 41.89 41.67 41.87 41.74 41.71 41.87 42.05 42.01 42.09 42.40
39.78 39.87 39.95 39.85 40.00 40.09 39.96 39.83 40.15 40.34 40.25 40.33 40.53 40.69 40.71 40.67 40.63 40.50 40.72 40.93 41.07 41.21 41.30 41.45 41.45 41.57 41.81 41.88 42.07 42.08 42.17 42.21 42.17 42.01 42.02 41.81 41.78 41.83 42.02 42.07 42.08 42.09 42.09 42.07 42.03 41.94 41.77 41.72 41.75 41.66 41.60 41.70 41.61 41.75 41.72 41.74 41.74 41.70 41.72 41.76 41.72 41.63 41.37 41.47 41.53 41.65 41.91 41.92 41.86 41.88 41.73 41.71 41.82 41.87 41.87 41.96 42.29
39.69 39.62 39.78 39.65 39.83 39.95 39.79 39.91 40.03 40.22 40.20 40.42 40.51 40.50 40.47 40.38 40.46 40.28 40.62 40.80 40.86 41.06 41.30 41.39 41.57 41.44 41.80 41.98 42.01 42.11 42.04 42.05 42.20 42.06 42.00 41.96 42.05 42.05 42.14 42.10 42.08 42.06 42.11 42.04 41.95 41.81 41.65 41.68 41.50 41.35 41.56 41.47 41.39 41.53 41.46 41.45 41.66 41.63 41.66 41.67 41.63 41.59 41.43 41.45 41.53 41.62 41.63 41.72 41.86 41.80 41.74 41.58 41.71 41.87 41.84 42.10 42.17
39.37 39.40 39.60 39.44 39.64 39.74 39.88 39.85 40.02 40.13 39.99 40.35 40.33 40.25 40.41 40.25 40.31 40.23 40.52 40.78 40.97 41.05 41.16 41.39 41.54 41.58 41.71 41.99 41.89 42.09 42.18 42.23 42.19 42.06 42.10 42.19 42.26 42.18 42.12 42.02 42.04 42.08 42.10 42.03 41.83 41.61 41.58 41.44 41.28 41.35 41.45 41.48 41.37 41.43 41.48 41.47 41.45 41.54 41.44 41.47 41.48 41.37 41.38 41.31 41.28 41.36 41.26 41.45 41.47 41.75 41.60 41.37 41.68 41.79 41.90 42.02 41.94
39.21 39.27 39.38 39.33 39.44 39.56 39.68 39.57 39.80 39.79 40.07 40.21 40.17 40.01 40.27 40.33 40.31 40.22 40.32 40.64 40.81 41.01 41.15 41.35 41.40 41.43 41.72 41.92 42.01 42.14 42.15 42.19 42.25 42.16 42.11 42.08 42.22 42.17 42.11 42.12 42.14 42.12 42.07 41.98 41.82 41.51 41.41 41.43 41.44 41.48 41.42 41.27 41.26 41.29 41.40 41.40 41.36 41.40 41.40 41.38 41.40 41.25 41.33 41.32 41.23 41.05 41.12 41.17 41.43 41.54 41.65 41.54 41.60 41.74 41.67 41.65 41.77
39.08 39.02 39.10 39.13 39.28 39.43 39.55 39.58 39.50 39.55 39.81 40.05 40.05 39.89 40.12 40.29 40.28 40.26 40.22 40.47 40.66 40.80 41.05 41.15 41.30 41.41 41.63 41.87 41.92 42.15 42.14 42.10 42.12 42.32 42.31 42.15 42.22 42.10 42.09 42.12 42.07 42.10 41.98 41.94 41.76 41.64 41.55 41.53 41.35 41.29 41.12 41.12 41.13 41.13 41.17 41.26 41.22 41.11 41.15 41.22 41.23 41.21 41.22 41.28 41.18 41.20 41.10 40.99 41.20 41.22 41.41 41.38 41.55 41.63 41.41 41.41 41.53
38.46 39.00 39.03 39.01 39.12 39.16 39.17 39.42 39.39 39.33 39.58 39.90 39.95 39.83 39.88 40.01 40.19 40.12 40.16 40.30 40.63 40.82 40.93 41.14 41.32 41.35 41.61 41.58 41.85 42.05 42.12 42.03 42.03 42.15 42.24 42.12 42.18 42.10 42.05 42.14 42.07 42.03 41.96 41.85 41.71 41.64 41.50 41.38 41.20 41.16 40.85 40.89 40.96 41.07 41.01 41.03 40.97 40.82 40.92 40.98 40.98 40.99 40.81 41.09 41.13 41.16 41.04 40.97 40.97 41.18 41.32 41.17 41.39 41.41 41.19 41.36 41.44
