datasets/raw/temp/2019102720191027.grid
ncols 886
nrows 691
xllcenter 112.0000
yllcenter -44.5000
cellsize 0.0500
nodata_value 99999.90
[rows 136 to 169 of 691, columns 0 to 76 of 886]
26.48 26.51 26.55 26.59 26.62 26.66 26.70 26.73 26.77 26.81 26.85 26.89 26.93 26.97 27.01 27.05 27.09 27.14 27.18 27.22 27.26 27.30 27.35 27.39 27.45 27.49 27.54 27.58 27.64 27.68 27.73 27.79 27.84 27.88 27.93 27.99 28.04 28.09 28.13 28.17 28.21 28.24 28.27 28.30 28.33 28.37 28.40 28.42 28.46 28.49 28.52 28.55 28.58 28.60 28.64 28.66 28.68 28.71 28.74 28.76 28.77 28.80 28.81 28.83 28.85 28.87 28.87 28.89 28.89 28.90 28.90 28.91 28.91 28.90 28.90 28.88 28.88
26.48 26.51 26.55 26.59 26.62 26.66 26.70 26.74 26.77 26.82 26.86 26.90 26.94 26.98 27.02 27.06 27.10 27.14 27.20 27.24 27.28 27.32 27.37 27.42 27.47 27.51 27.56 27.61 27.66 27.71 27.76 27.82 27.86 27.92 27.97 28.02 28.07 28.10 28.13 28.17 28.20 28.24 28.27 28.30 28.34 28.36 28.40 28.43 28.46 28.49 28.52 28.55 28.58 28.60 28.64 28.66 28.69 28.71 28.73 28.75 28.78 28.79 28.82 28.83 28.85 28.86 28.88 28.88 28.89 28.90 28.90 28.90 28.90 28.90 28.89 28.88 28.87
26.49 26.52 26.56 26.60 26.63 26.67 26.71 26.75 26.79 26.83 26.86 26.90 26.95 27.00 27.04 27.08 27.12 27.16 27.21 27.26 27.30 27.34 27.39 27.44 27.49 27.54 27.59 27.64 27.69 27.74 27.80 27.84 27.89 27.95 27.99 28.04 28.07 28.11 28.14 28.17 28.21 28.23 28.27 28.30 28.34 28.36 28.40 28.43 28.46 28.49 28.52 28.54 28.58 28.60 28.63 28.65 28.68 28.70 28.73 28.75 28.77 28.80 28.81 28.83 28.84 28.86 28.87 28.88 28.88 28.89 28.89 28.90 28.89 28.89 28.88 28.87 28.86
26.50 26.53 26.57 26.61 26.64 26.68 26.72 26.76 26.80 26.84 26.88 26.92 26.96 27.01 27.05 27.09 27.14 27.18 27.23 27.28 27.32 27.37 27.42 27.47 27.51 27.56 27.62 27.67 27.72 27.77 27.82 27.88 27.93 27.96 28.01 28.04 28.06 28.10 28.13 28.17 28.20 28.24 28.26 28.30 28.33 28.36 28.39 28.42 28.45 28.48 28.52 28.54 28.57 28.59 28.62 28.64 28.67 28.70 28.72 28.75 28.76 28.79 28.80 28.82 28.84 28.85 28.86 28.87 28.88 28.88 28.89 28.89 28.88 28.88 28.87 28.86 28.85
26.50 26.53 26.57 26.61 26.65 26.70 26.73 26.77 26.81 26.85 26.89 26.93 26.98 27.03 27.07 27.11 27.16 27.20 27.25 27.30 27.34 27.39 27.44 27.49 27.54 27.60 27.64 27.69 27.75 27.80 27.85 27.90 27.93 27.97 28.00 28.04 28.07 28.11 28.13 28.16 28.20 28.22 28.26 28.30 28.32 28.36 28.38 28.42 28.44 28.48 28.50 28.53 28.56 28.58 28.61 28.64 28.66 28.69 28.71 28.73 28.76 28.77 28.79 28.80 28.82 28.84 28.85 28.86 28.87 28.87 28.88 28.87 28.87 28.87 28.86 28.85 28.83
26.51 26.54 26.58 26.62 26.66 26.70 26.74 26.78 26.82 26.87 26.91 26.95 26.99 27.03 27.09 27.13 27.17 27.22 27.27 27.32 27.36 27.41 27.47 27.52 27.56 27.62 27.67 27.73 27.78 27.82 27.87 27.90 27.93 27.96 27.99 28.03 28.06 28.09 28.12 28.16 28.20 28.22 28.26 28.28 28.32 28.34 28.38 28.41 28.43 28.47 28.49 28.52 28.55 28.57 28.60 28.63 28.65 28.68 28.70 28.72 28.74 28.76 28.77 28.79 28.81 28.82 28.83 28.85 28.85 28.86 28.86 28.86 28.86 28.86 28.84 28.84 28.82
26.51 26.55 26.59 26.63 26.67 26.71 26.75 26.79 26.83 26.88 26.93 26.97 27.01 27.05 27.11 27.15 27.19 27.24 27.30 27.34 27.39 27.45 27.49 27.54 27.59 27.65 27.70 27.75 27.79 27.83 27.86 27.89 27.93 27.95 27.99 28.02 28.06 28.09 28.12 28.15 28.18 28.22 28.24 28.28 28.30 28.33 28.37 28.39 28.42 28.45 28.48 28.51 28.54 28.56 28.58 28.61 28.63 28.66 28.68 28.71 28.72 28.74 28.76 28.77 28.79 28.81 28.82 28.82 28.83 28.84 28.84 28.84 28.84 28.83 28.82 28.82 28.80
26.52 26.56 26.60 26.64 26.68 26.73 26.77 26.81 26.85 26.89 26.93 26.99 27.03 27.07 27.12 27.17 27.22 27.26 27.32 27.36 27.41 27.46 27.52 27.57 27.63 27.67 27.71 27.76 27.79 27.82 27.85 27.89 27.92 27.95 27.98 28.02 28.05 28.08 28.11 28.14 28.17 28.20 28.23 28.27 28.29 28.32 28.35 28.38 28.41 28.44 28.46 28.49 28.52 28.55 28.56 28.59 28.62 28.63 28.66 28.68 28.70 28.72 28.74 28.75 28.77 28.78 28.79 28.80 28.81 28.81 28.82 28.82 28.81 28.81 28.80 28.79 28.77
26.53 26.57 26.61 26.65 26.69 26.73 26.77 26.82 26.86 26.91 26.95 26.99 27.05 27.09 27.14 27.19 27.24 27.28 27.34 27.39 27.44 27.50 27.54 27.59 27.65 27.68 27.72 27.75 27.79 27.81 27.85 27.88 27.91 27.94 27.98 28.00 28.04 28.07 28.10 28.13 28.15 28.19 28.22 28.24 28.27 28.31 28.33 28.36 28.39 28.42 28.44 28.47 28.50 28.52 28.54 28.57 28.59 28.62 28.63 28.65 28.67 28.69 28.71 28.72 28.74 28.75 28.77 28.77 28.78 28.78 28.79 28.79 28.78 28.78 28.77 28.77 28.74
26.53 26.57 26.61 26.66 26.70 26.75 26.79 26.83 26.88 26.93 26.97 27.01 27.07 27.11 27.16 27.20 27.26 27.31 27.36 27.41 27.46 27.52 27.57 27.62 27.65 27.68 27.71 27.74 27.78 27.80 27.84 27.86 27.90 27.93 27.96 27.99 28.02 28.05 28.08 28.11 28.14 28.17 28.19 28.23 28.26 28.29 28.31 28.34 28.37 28.40 28.41 28.44 28.47 28.49 28.51 28.54 28.56 28.58 28.61 28.63 28.64 28.66 28.68 28.70 28.71 28.73 28.73 28.74 28.75 28.75 28.76 28.75 28.75 28.75 28.74 28.73 28.71
26.55 26.59 26.63 26.67 26.71 26.76 26.80 26.85 26.89 26.94 26.99 27.03 27.08 27.13 27.18 27.23 27.28 27.33 27.39 27.44 27.49 27.54 27.58 27.61 27.64 27.68 27.70 27.74 27.77 27.80 27.83 27.86 27.89 27.92 27.95 27.97 28.01 28.04 28.06 28.09 28.12 28.15 28.18 28.21 28.24 28.25 28.28 28.31 28.34 28.36 28.38 28.41 28.44 28.46 28.49 28.50 28.52 28.55 28.57 28.59 28.61 28.63 28.65 28.66 28.67 28.68 28.69 28.70 28.71 28.72 28.72 28.72 28.71 28.71 28.71 28.70 28.68
26.55 26.60 26.64 26.69 26.73 26.77 26.82 26.87 26.91 26.95 27.01 27.05 27.10 27.16 27.20 27.25 27.31 27.36 27.41 27.46 27.50 27.54 27.57 27.61 27.63 27.67 27.69 27.73 27.75 27.79 27.82 27.84 27.88 27.90 27.93 27.96 27.99 28.01 28.04 28.08 28.09 28.12 28.15 28.18 28.20 28.23 28.26 28.28 28.31 28.33 28.35 28.38 28.40 28.43 28.45 28.47 28.49 28.51 28.54 28.55 28.57 28.58 28.60 28.62 28.63 28.64 28.65 28.66 28.67 28.68 28.67 28.67 28.67 28.67 28.66 28.65 28.64
26.57 26.61 26.66 26.70 26.74 26.79 26.83 26.88 26.93 26.97 27.02 27.07 27.12 27.18 27.23 27.27 27.33 27.38 27.44 27.47 27.50 27.54 27.56 27.60 27.62 27.65 27.69 27.71 27.75 27.77 27.80 27.83 27.85 27.89 27.92 27.94 27.97 28.00 28.02 28.04 28.07 28.10 28.13 28.14 28.17 28.20 28.22 28.25 28.27 28.30 28.31 28.34 28.36 28.38 28.41 28.43 28.45 28.47 28.49 28.51 28.53 28.54 28.56 28.57 28.59 28.59 28.61 28.61 28.62 28.62 28.63 28.63 28.63 28.62 28.62 28.61 28.59
26.58 26.62 26.67 26.71 26.76 26.81 26.85 26.89 26.95 26.99 27.04 27.10 27.14 27.19 27.25 27.30 27.36 27.40 27.44 27.47 27.50 27.53 27.55 27.58 27.62 27.64 27.67 27.70 27.73 27.76 27.78 27.81 27.84 27.86 27.89 27.92 27.95 27.96 27.99 28.02 28.05 28.07 28.09 28.11 28.14 28.16 28.19 28.21 28.23 28.26 28.27 28.29 28.31 28.34 28.36 28.38 28.40 28.42 28.43 28.45 28.47 28.48 28.50 28.51 28.53 28.54 28.55 28.56 28.56 28.57 28.57 28.57 28.57 28.57 28.56 28.55 28.54
26.59 26.63 26.68 26.73 26.77 26.82 26.87 26.91 26.96 27.02 27.06 27.12 27.17 27.22 27.27 27.32 27.37 27.40 27.43 27.46 27.49 27.51 27.55 27.57 27.60 27.62 27.66 27.69 27.71 27.74 27.77 27.79 27.81 27.84 27.86 27.89 27.91 27.94 27.97 27.98 28.01 28.03 28.05 28.08 28.10 28.12 28.15 28.17 28.19 28.20 28.23 28.25 28.26 28.29 28.30 28.33 28.34 28.37 28.38 28.40 28.42 28.43 28.45 28.46 28.47 28.48 28.49 28.50 28.51 28.51 28.51 28.52 28.51 28.51 28.51 28.50 28.48
26.61 26.65 26.69 26.75 26.79 26.83 26.89 26.94 26.98 27.04 27.09 27.13 27.19 27.24 27.29 27.33 27.36 27.39 27.42 27.45 27.48 27.50 27.53 27.56 27.59 27.62 27.64 27.67 27.70 27.71 27.74 27.77 27.79 27.81 27.84 27.86 27.89 27.90 27.93 27.95 27.97 27.99 28.02 28.04 28.06 28.08 28.10 28.12 28.14 28.16 28.18 28.20 28.22 28.23 28.25 28.27 28.29 28.30 28.32 28.33 28.35 28.36 28.37 28.39 28.41 28.42 28.43 28.44 28.44 28.45 28.45 28.45 28.45 28.45 28.45 28.44 28.43
26.61 26.67 26.71 26.76 26.81 26.86 26.90 26.96 27.00 27.05 27.11 27.16 27.22 27.26 27.30 27.32 27.36 27.38 27.41 27.44 27.47 27.49 27.52 27.54 27.57 27.60 27.62 27.64 27.67 27.70 27.71 27.74 27.76 27.79 27.80 27.83 27.85 27.87 27.89 27.91 27.93 27.95 27.97 27.98 28.01 28.02 28.05 28.06 28.08 28.10 28.12 28.14 28.15 28.17 28.18 28.20 28.22 28.23 28.25 28.27 28.28 28.29 28.31 28.32 28.33 28.35 28.36 28.36 28.37 28.38 28.38 28.38 28.39 28.39 28.39 28.39 28.39
26.63 26.68 26.73 26.78 26.82 26.88 26.92 26.97 27.03 27.08 27.13 27.18 27.23 27.26 27.28 27.32 27.34 27.37 27.40 27.42 27.45 27.47 27.50 27.53 27.55 27.58 27.60 27.62 27.64 27.67 27.69 27.71 27.73 27.75 27.77 27.79 27.81 27.83 27.85 27.86 27.88 27.90 27.92 27.93 27.95 27.97 27.98 28.00 28.02 28.04 28.05 28.07 28.08 28.10 28.11 28.12 28.15 28.16 28.17 28.19 28.20 28.21 28.23 28.24 28.25 28.26 28.27 28.29 28.29 28.30 28.30 28.30 28.32 28.33 28.35 28.38 28.41
26.65 26.70 26.74 26.80 26.84 26.89 26.95 26.99 27.05 27.10 27.15 27.19 27.22 27.25 27.27 27.31 27.33 27.36 27.39 27.41 27.44 27.45 27.48 27.51 27.53 27.55 27.58 27.60 27.61 27.64 27.66 27.68 27.70 27.71 27.73 27.75 27.77 27.78 27.80 27.82 27.83 27.85 27.86 27.88 27.89 27.91 27.92 27.93 27.96 27.97 27.98 27.99 28.01 28.02 28.04 28.05 28.06 28.08 28.09 28.11 28.12 28.13 28.14 28.16 28.17 28.18 28.18 28.20 28.21 28.22 28.23 28.26 28.29 28.33 28.36 28.41 28.45
26.66 26.72 26.76 26.81 26.87 26.91 26.96 27.02 27.07 27.12 27.15 27.19 27.21 27.24 27.27 27.30 27.32 27.34 27.37 27.39 27.42 27.45 27.46 27.49 27.51 27.52 27.55 27.57 27.59 27.61 27.62 27.64 27.66 27.68 27.69 27.71 27.72 27.74 27.75 27.77 27.78 27.79 27.81 27.82 27.83 27.84 27.85 27.86 27.88 27.89 27.90 27.91 27.92 27.94 27.95 27.96 27.97 27.99 28.00 28.01 28.02 28.04 28.05 28.06 28.07 28.08 28.10 28.12 28.14 28.17 28.21 28.26 28.30 28.34 28.39 28.43 28.47
26.68 26.73 26.79 26.83 26.88 26.94 26.99 27.04 27.09 27.13 27.15 27.18 27.20 27.23 27.25 27.28 27.30 27.33 27.36 27.37 27.40 27.42 27.44 27.46 27.48 27.51 27.52 27.54 27.55 27.57 27.59 27.61 27.61 27.63 27.64 27.65 27.67 27.68 27.69 27.70 27.71 27.73 27.74 27.75 27.76 27.77 27.78 27.79 27.80 27.81 27.82 27.82 27.84 27.85 27.86 27.86 27.88 27.89 27.90 27.92 27.92 27.93 27.95 27.96 27.98 28.00 28.04 28.09 28.13 28.17 28.23 28.27 28.32 28.37 28.41 28.45 28.50
26.70 26.75 26.80 26.86 26.90 26.95 27.01 27.05 27.09 27.11 27.14 27.17 27.20 27.21 27.24 27.27 27.29 27.31 27.34 27.35 27.38 27.40 27.41 27.43 27.45 27.47 27.49 27.50 27.52 27.53 27.55 27.56 27.57 27.58 27.60 27.61 27.62 27.63 27.63 27.64 27.65 27.66 27.66 27.68 27.68 27.69 27.69 27.70 27.71 27.72 27.72 27.74 27.74 27.75 27.75 27.77 27.77 27.79 27.80 27.80 27.82 27.83 27.86 27.89 27.93 27.98 28.03 28.08 28.13 28.18 28.23 28.28 28.33 28.38 28.42 28.47 28.51
26.72 26.77 26.82 26.87 26.93 26.98 27.03 27.05 27.09 27.11 27.14 27.16 27.18 27.20 27.23 27.26 27.27 27.30 27.32 27.33 27.35 27.37 27.39 27.40 27.42 27.44 27.45 27.47 27.48 27.50 27.50 27.51 27.52 27.53 27.54 27.54 27.55 27.57 27.57 27.58 27.58 27.58 27.59 27.60 27.60 27.60 27.61 27.61 27.62 27.62 27.62 27.64 27.64 27.64 27.65 27.66 27.67 27.67 27.68 27.70 27.72 27.77 27.81 27.87 27.92 27.98 28.03 28.08 28.13 28.18 28.24 28.28 28.34 28.38 28.44 28.48 28.52
26.74 26.79 26.85 26.90 26.95 26.99 27.02 27.05 27.08 27.10 27.12 27.15 27.17 27.19 27.22 27.24 27.25 27.28 27.30 27.31 27.33 27.35 27.36 27.38 27.39 27.40 27.41 27.43 27.44 27.45 27.46 27.46 27.47 27.48 27.48 27.49 27.49 27.49 27.49 27.51 27.51 27.51 27.51 27.50 27.51 27.51 27.51 27.52 27.52 27.52 27.52 27.52 27.52 27.53 27.53 27.54 27.55 27.57 27.60 27.65 27.70 27.75 27.80 27.86 27.91 27.97 28.02 28.08 28.13 28.18 28.23 28.29 28.34 28.39 28.44 28.49 28.54
26.76 26.81 26.86 26.92 26.96 26.99 27.01 27.04 27.06 27.09 27.11 27.14 27.16 27.18 27.20 27.21 27.23 27.25 27.27 27.28 27.30 27.32 27.33 27.35 27.36 27.36 27.37 27.38 27.39 27.40 27.40 27.41 27.41 27.41 27.41 27.42 27.42 27.42 27.42 27.42 27.42 27.42 27.42 27.41 27.41 27.41 27.41 27.41 27.41 27.40 27.41 27.40 27.41 27.41 27.42 27.44 27.48 27.52 27.58 27.63 27.68 27.73 27.79 27.84 27.90 27.96 28.01 28.07 28.12 28.17 28.22 28.28 28.34 28.39 28.45 28.49 28.55
26.78 26.84 26.89 26.92 26.96 26.98 27.01 27.04 27.06 27.08 27.10 27.12 27.14 27.16 27.18 27.20 27.21 27.23 27.25 27.26 27.27 27.28 27.30 27.31 27.32 27.33 27.33 27.33 27.34 27.34 27.34 27.35 27.35 27.35 27.35 27.35 27.34 27.34 27.34 27.34 27.33 27.32 27.32 27.31 27.31 27.31 27.30 27.30 27.29 27.29 27.28 27.29 27.29 27.32 27.36 27.41 27.45 27.51 27.55 27.61 27.66 27.72 27.77 27.82 27.88 27.94 27.99 28.05 28.11 28.16 28.22 28.27 28.33 28.40 28.45 28.52 28.59
26.81 26.85 26.90 26.93 26.96 26.98 27.00 27.02 27.05 27.06 27.09 27.11 27.12 27.14 27.16 27.17 27.19 27.21 27.22 27.24 27.24 27.25 27.26 27.27 27.27 27.28 27.28 27.29 27.29 27.29 27.29 27.29 27.28 27.28 27.27 27.27 27.27 27.26 27.25 27.25 27.23 27.22 27.22 27.21 27.19 27.19 27.18 27.18 27.16 27.17 27.17 27.20 27.23 27.28 27.32 27.38 27.43 27.48 27.53 27.59 27.64 27.69 27.75 27.80 27.86 27.92 27.97 28.03 28.09 28.15 28.21 28.28 28.35 28.43 28.51 28.58 28.67
26.82 26.87 26.89 26.92 26.94 26.97 26.99 27.01 27.04 27.05 27.07 27.10 27.11 27.12 27.14 27.15 27.17 27.18 27.19 27.20 27.20 27.21 27.22 27.22 27.23 27.23 27.23 27.23 27.23 27.23 27.22 27.21 27.22 27.21 27.20 27.19 27.17 27.17 27.16 27.14 27.13 27.12 27.10 27.09 27.08 27.07 27.05 27.05 27.05 27.08 27.11 27.16 27.21 27.25 27.30 27.36 27.40 27.45 27.51 27.55 27.61 27.67 27.73 27.77 27.83 27.89 27.95 28.01 28.08 28.17 28.24 28.33 28.41 28.50 28.58 28.67 28.75
26.84 26.86 26.89 26.91 26.94 26.96 26.98 27.00 27.02 27.04 27.06 27.07 27.09 27.11 27.11 27.13 27.14 27.15 27.16 27.17 27.18 27.17 27.18 27.18 27.18 27.18 27.17 27.17 27.16 27.16 27.16 27.15 27.14 27.12 27.11 27.10 27.08 27.07 27.06 27.04 27.02 27.01 26.98 26.97 26.95 26.95 26.94 26.96 26.99 27.04 27.09 27.13 27.18 27.23 27.27 27.32 27.37 27.42 27.47 27.52 27.58 27.64 27.69 27.75 27.81 27.88 27.97 28.04 28.13 28.22 28.31 28.40 28.48 28.57 28.66 28.75 28.83
26.84 26.86 26.89 26.90 26.93 26.95 26.97 26.99 27.00 27.02 27.04 27.05 27.07 27.08 27.09 27.10 27.11 27.12 27.13 27.13 27.14 27.14 27.13 27.13 27.13 27.12 27.11 27.12 27.11 27.09 27.08 27.07 27.05 27.04 27.02 27.00 26.99 26.97 26.94 26.93 26.90 26.89 26.86 26.85 26.84 26.86 26.88 26.92 26.96 27.01 27.05 27.10 27.14 27.19 27.24 27.29 27.33 27.38 27.44 27.49 27.55 27.60 27.67 27.75 27.84 27.92 28.02 28.11 28.20 28.28 28.37 28.47 28.56 28.65 28.74 28.83 28.91
26.83 26.86 26.87 26.90 26.91 26.94 26.96 26.97 26.99 27.01 27.02 27.03 27.05 27.06 27.06 27.07 27.08 27.09 27.09 27.09 27.10 27.09 27.09 27.09 27.08 27.07 27.06 27.05 27.03 27.02 27.00 26.99 26.97 26.95 26.93 26.91 26.88 26.86 26.83 26.80 26.78 26.75 26.75 26.76 26.78 26.82 26.85 26.89 26.94 26.97 27.02 27.06 27.11 27.15 27.19 27.24 27.29 27.35 27.40 27.46 27.53 27.62 27.71 27.80 27.89 27.98 28.07 28.17 28.26 28.35 28.45 28.54 28.63 28.71 28.81 28.90 28.99
26.83 26.84 26.87 26.89 26.91 26.93 26.94 26.96 26.98 26.98 27.00 27.01 27.03 27.04 27.04 27.04 27.05 27.05 27.05 27.05 27.05 27.05 27.04 27.03 27.02 27.01 26.99 26.98 26.96 26.95 26.92 26.90 26.87 26.86 26.83 26.80 26.77 26.74 26.71 26.68 26.67 26.66 26.68 26.71 26.75 26.79 26.82 26.86 26.90 26.94 26.97 27.02 27.06 27.11 27.16 27.21 27.25 27.33 27.40 27.49 27.58 27.67 27.76 27.85 27.94 28.04 28.13 28.22 28.32 28.41 28.51 28.60 28.70 28.79 28.88 28.98 29.07
26.81 26.84 26.86 26.88 26.90 26.92 26.93 26.95 26.95 26.97 26.98 26.99 27.00 27.00 27.01 27.01 27.01 27.01 27.01 27.01 27.00 27.00 26.98 26.97 26.96 26.94 26.92 26.90 26.89 26.86 26.83 26.80 26.78 26.75 26.71 26.69 26.65 26.62 26.59 26.57 26.58 26.61 26.65 26.68 26.71 26.75 26.79 26.82 26.86 26.90 26.94 26.98 27.02 27.06 27.12 27.19 27.27 27.36 27.45 27.54 27.63 27.72 27.81 27.91 28.00 28.09 28.20 28.29 28.39 28.48 28.58 28.67 28.77 28.86 28.96 29.05 29.15
26.81 26.84 26.85 26.87 26.89 26.90 26.92 26.93 26.94 26.95 26.96 26.97 26.97 26.97 26.98 26.98 26.98 26.98 26.97 26.96 26.95 26.94 26.93 26.91 26.89 26.87 26.86 26.83 26.80 26.77 26.75 26.71 26.68 26.65 26.61 26.57 26.53 26.51 26.50 26.53 26.55 26.58 26.62 26.64 26.68 26.71 26.75 26.78 26.81 26.85 26.89 26.94 26.99 27.06 27.14 27.23 27.32 27.41 27.50 27.59 27.68 27.77 27.87 27.96 28.06 28.16 28.25 28.35 28.44 28.54 28.64 28.74 28.84 28.94 29.03 29.13 29.22
