datasets/raw/temp/2019102720191027.grid
ncols 886
nrows 691
xllcenter 112.0000
yllcenter -44.5000
cellsize 0.0500
nodata_value 99999.90
[rows 612 to 645 of 691, columns 462 to 538 of 886]
11.56 11.55 11.55 11.54 11.54 11.53 11.53 11.52 11.52 11.51 11.51 11.51 11.50 11.50 11.50 11.50 11.50 11.50 11.49 11.48 11.49 11.49 11.49 11.49 11.49 11.48 11.48 11.48 11.48 11.48 11.48 11.48 11.48 11.48 11.48 11.48 11.49 11.49 11.48 11.49 11.49 11.49 11.50 11.49 11.49 11.50 11.49 11.49 11.50 11.49 11.50 11.49 11.50 11.49 11.50 11.49 11.50 11.50 11.49 11.50 11.49 11.49 11.49 11.48 11.48 11.48 11.48 11.47 11.47 11.48 11.48 11.50 11.51 11.52 11.54 11.54 11.55
11.51 11.50 11.49 11.49 11.48 11.48 11.47 11.47 11.47 11.46 11.46 11.45 11.45 11.45 11.45 11.45 11.45 11.44 11.43 11.43 11.43 11.43 11.43 11.43 11.43 11.43 11.43 11.43 11.43 11.43 11.43 11.43 11.43 11.43 11.43 11.43 11.43 11.44 11.44 11.44 11.44 11.44 11.44 11.45 11.45 11.44 11.45 11.45 11.46 11.45 11.46 11.45 11.46 11.46 11.46 11.46 11.46 11.46 11.46 11.46 11.46 11.46 11.45 11.45 11.46 11.45 11.45 11.45 11.45 11.44 11.45 11.46 11.46 11.48 11.49 11.50 11.52
11.46 11.45 11.44 11.44 11.43 11.43 11.42 11.42 11.41 11.41 11.41 11.40 11.40 11.40 11.40 11.39 11.38 11.38 11.38 11.38 11.38 11.38 11.38 11.37 11.37 11.38 11.38 11.38 11.38 11.38 11.38 11.38 11.38 11.38 11.38 11.38 11.38 11.38 11.39 11.39 11.39 11.40 11.39 11.39 11.40 11.40 11.41 11.41 11.40 11.41 11.41 11.41 11.41 11.42 11.41 11.42 11.42 11.42 11.43 11.42 11.43 11.42 11.42 11.43 11.42 11.42 11.42 11.42 11.42 11.42 11.41 11.42 11.43 11.44 11.45 11.46 11.47
11.45 11.42 11.40 11.38 11.38 11.37 11.37 11.37 11.36 11.36 11.35 11.35 11.35 11.35 11.34 11.34 11.33 11.33 11.33 11.33 11.33 11.33 11.33 11.32 11.32 11.32 11.32 11.33 11.33 11.33 11.33 11.33 11.33 11.33 11.34 11.34 11.33 11.33 11.34 11.34 11.34 11.35 11.35 11.35 11.36 11.36 11.35 11.36 11.36 11.37 11.37 11.37 11.37 11.38 11.38 11.38 11.38 11.39 11.38 11.39 11.38 11.39 11.39 11.39 11.39 11.39 11.39 11.39 11.39 11.39 11.39 11.39 11.39 11.40 11.41 11.42 11.44
11.46 11.42 11.38 11.34 11.33 11.32 11.32 11.32 11.31 11.30 11.30 11.30 11.30 11.30 11.29 11.28 11.28 11.28 11.28 11.28 11.28 11.28 11.27 11.27 11.27 11.27 11.27 11.28 11.28 11.28 11.28 11.28 11.28 11.28 11.29 11.29 11.29 11.29 11.29 11.30 11.30 11.30 11.30 11.30 11.30 11.31 11.31 11.31 11.32 11.32 11.33 11.32 11.33 11.33 11.34 11.34 11.34 11.34 11.35 11.36 11.35 11.36 11.35 11.36 11.36 11.36 11.36 11.37 11.36 11.37 11.37 11.36 11.37 11.37 11.38 11.38 11.39
11.46 11.43 11.39 11.34 11.31 11.28 11.27 11.27 11.26 11.25 11.25 11.25 11.25 11.24 11.23 11.23 11.23 11.23 11.23 11.23 11.23 11.23 11.22 11.22 11.22 11.22 11.22 11.22 11.22 11.23 11.23 11.23 11.23 11.23 11.23 11.24 11.24 11.24 11.24 11.25 11.25 11.25 11.26 11.26 11.26 11.27 11.27 11.27 11.28 11.28 11.29 11.29 11.29 11.29 11.29 11.30 11.30 11.31 11.31 11.31 11.32 11.32 11.32 11.32 11.33 11.33 11.33 11.33 11.34 11.33 11.34 11.34 11.35 11.34 11.35 11.35 11.36
11.47 11.43 11.40 11.35 11.31 11.27 11.24 11.21 11.21 11.20 11.20 11.20 11.20 11.20 11.18 11.18 11.18 11.18 11.18 11.18 11.18 11.18 11.18 11.17 11.17 11.17 11.17 11.17 11.17 11.17 11.18 11.18 11.18 11.18 11.18 11.19 11.19 11.19 11.19 11.20 11.20 11.20 11.21 11.22 11.22 11.22 11.23 11.23 11.24 11.24 11.24 11.25 11.24 11.25 11.25 11.26 11.26 11.27 11.27 11.28 11.28 11.28 11.29 11.29 11.30 11.29 11.30 11.31 11.30 11.31 11.32 11.31 11.32 11.32 11.32 11.33 11.33
11.47 11.44 11.40 11.36 11.32 11.28 11.24 11.20 11.17 11.16 11.15 11.15 11.15 11.14 11.13 11.13 11.13 11.13 11.13 11.13 11.13 11.13 11.13 11.13 11.12 11.12 11.12 11.12 11.12 11.12 11.13 11.13 11.14 11.14 11.14 11.14 11.15 11.15 11.15 11.15 11.16 11.16 11.16 11.16 11.17 11.17 11.18 11.18 11.18 11.20 11.20 11.21 11.21 11.21 11.22 11.22 11.23 11.24 11.23 11.24 11.24 11.25 11.25 11.26 11.26 11.27 11.27 11.27 11.28 11.29 11.28 11.29 11.30 11.30 11.30 11.31 11.31
11.47 11.44 11.41 11.36 11.33 11.29 11.25 11.20 11.16 11.13 11.11 11.10 11.10 11.08 11.08 11.08 11.08 11.08 11.08 11.08 11.08 11.08 11.08 11.08 11.08 11.08 11.08 11.08 11.08 11.08 11.09 11.09 11.09 11.09 11.09 11.09 11.09 11.10 11.10 11.10 11.11 11.12 11.12 11.12 11.13 11.13 11.13 11.14 11.14 11.15 11.16 11.16 11.17 11.17 11.18 11.18 11.19 11.19 11.20 11.20 11.21 11.21 11.22 11.22 11.23 11.24 11.24 11.24 11.25 11.25 11.26 11.27 11.27 11.28 11.28 11.28 11.29
11.47 11.44 11.41 11.37 11.33 11.30 11.26 11.22 11.18 11.13 11.09 11.06 11.04 11.03 11.03 11.03 11.03 11.03 11.03 11.03 11.03 11.03 11.03 11.03 11.03 11.03 11.03 11.03 11.03 11.03 11.03 11.04 11.04 11.04 11.04 11.04 11.04 11.06 11.06 11.06 11.06 11.07 11.07 11.07 11.09 11.09 11.09 11.10 11.10 11.10 11.11 11.12 11.13 11.13 11.13 11.14 11.14 11.15 11.15 11.16 11.18 11.18 11.19 11.19 11.20 11.20 11.21 11.22 11.22 11.23 11.24 11.24 11.24 11.24 11.25 11.26 11.27
11.46 11.44 11.41 11.37 11.34 11.31 11.27 11.23 11.19 11.15 11.11 11.06 11.03 10.99 10.98 10.98 10.98 10.98 10.98 10.98 10.98 10.98 10.98 10.98 10.98 10.98 10.98 10.98 10.98 10.98 10.98 10.99 10.99 10.99 11.00 11.00 11.00 11.01 11.01 11.01 11.02 11.03 11.03 11.03 11.04 11.04 11.05 11.05 11.06 11.06 11.07 11.08 11.09 11.09 11.09 11.10 11.11 11.12 11.12 11.13 11.13 11.14 11.14 11.15 11.16 11.17 11.18 11.18 11.19 11.20 11.20 11.21 11.21 11.22 11.23 11.24 11.24
11.46 11.43 11.41 11.37 11.34 11.31 11.28 11.23 11.20 11.16 11.12 11.08 11.04 10.99 10.95 10.94 10.93 10.93 10.93 10.93 10.93 10.93 10.93 10.93 10.93 10.93 10.93 10.93 10.93 10.93 10.93 10.95 10.95 10.95 10.95 10.95 10.95 10.96 10.97 10.97 10.97 10.97 10.99 10.99 10.99 11.00 11.00 11.01 11.02 11.02 11.03 11.04 11.04 11.05 11.05 11.07 11.07 11.08 11.08 11.09 11.10 11.11 11.11 11.12 11.12 11.14 11.14 11.15 11.16 11.16 11.17 11.18 11.19 11.20 11.21 11.21 11.22
11.45 11.43 11.40 11.37 11.34 11.31 11.28 11.24 11.21 11.17 11.13 11.10 11.05 11.00 10.96 10.92 10.89 10.88 10.88 10.88 10.88 10.88 10.88 10.88 10.88 10.88 10.88 10.88 10.88 10.89 10.89 10.89 10.90 10.90 10.90 10.91 10.91 10.91 10.92 10.92 10.93 10.93 10.94 10.94 10.95 10.96 10.96 10.96 10.98 10.98 10.98 11.00 11.00 11.01 11.01 11.02 11.03 11.03 11.05 11.05 11.06 11.06 11.08 11.08 11.09 11.10 11.11 11.12 11.12 11.13 11.15 11.15 11.16 11.17 11.18 11.19 11.20
11.44 11.42 11.40 11.37 11.34 11.31 11.29 11.26 11.21 11.18 11.14 11.11 11.07 11.03 10.98 10.93 10.89 10.85 10.84 10.83 10.83 10.83 10.83 10.83 10.83 10.83 10.83 10.84 10.84 10.84 10.84 10.84 10.84 10.86 10.86 10.86 10.86 10.86 10.88 10.88 10.88 10.88 10.90 10.90 10.90 10.91 10.92 10.92 10.94 10.94 10.94 10.96 10.96 10.96 10.98 10.98 10.99 11.00 11.01 11.01 11.03 11.03 11.04 11.05 11.06 11.06 11.08 11.09 11.09 11.11 11.11 11.12 11.12 11.14 11.15 11.15 11.17
11.43 11.41 11.39 11.36 11.34 11.31 11.29 11.26 11.22 11.19 11.15 11.12 11.08 11.04 10.99 10.95 10.91 10.86 10.82 10.79 10.78 10.78 10.78 10.78 10.78 10.79 10.79 10.79 10.79 10.79 10.79 10.80 10.80 10.81 10.81 10.81 10.82 10.82 10.83 10.84 10.84 10.84 10.85 10.86 10.86 10.86 10.88 10.88 10.89 10.90 10.90 10.91 10.92 10.92 10.94 10.94 10.96 10.96 10.96 10.98 10.99 10.99 11.01 11.01 11.03 11.03 11.04 11.05 11.06 11.07 11.08 11.09 11.10 11.11 11.12 11.13 11.14
11.42 11.41 11.39 11.36 11.33 11.31 11.28 11.26 11.22 11.19 11.16 11.13 11.09 11.05 11.01 10.97 10.93 10.88 10.84 10.79 10.75 10.74 10.74 10.74 10.74 10.74 10.74 10.74 10.74 10.75 10.75 10.75 10.75 10.76 10.77 10.77 10.77 10.77 10.79 10.79 10.79 10.80 10.80 10.81 10.82 10.82 10.84 10.84 10.84 10.86 10.86 10.87 10.88 10.88 10.90 10.90 10.91 10.92 10.93 10.94 10.95 10.96 10.96 10.98 10.98 11.00 11.00 11.02 11.03 11.04 11.05 11.05 11.07 11.08 11.09 11.10 11.12
11.41 11.40 11.38 11.36 11.33 11.30 11.28 11.26 11.22 11.19 11.16 11.13 11.10 11.07 11.03 10.98 10.94 10.90 10.86 10.81 10.77 10.73 10.70 10.69 10.69 10.69 10.69 10.69 10.70 10.70 10.70 10.70 10.71 10.72 10.72 10.72 10.73 10.73 10.74 10.75 10.75 10.75 10.76 10.77 10.78 10.78 10.79 10.80 10.80 10.82 10.82 10.83 10.84 10.85 10.85 10.86 10.87 10.88 10.89 10.90 10.91 10.92 10.93 10.94 10.95 10.96 10.97 10.98 10.99 11.00 11.02 11.02 11.04 11.04 11.06 11.07 11.08
11.40 11.38 11.37 11.35 11.32 11.30 11.28 11.25 11.22 11.19 11.17 11.14 11.11 11.07 11.04 11.00 10.96 10.92 10.88 10.84 10.79 10.74 10.70 10.66 10.65 10.64 10.65 10.65 10.65 10.65 10.65 10.66 10.66 10.67 10.68 10.68 10.68 10.69 10.70 10.70 10.71 10.71 10.71 10.73 10.73 10.74 10.74 10.76 10.76 10.78 10.78 10.79 10.80 10.81 10.81 10.83 10.83 10.85 10.85 10.87 10.87 10.88 10.89 10.90 10.91 10.93 10.94 10.95 10.96 10.97 10.98 10.99 11.00 11.02 11.03 11.04 11.05
11.39 11.37 11.35 11.34 11.31 11.29 11.27 11.25 11.23 11.19 11.17 11.14 11.11 11.08 11.05 11.01 10.97 10.93 10.89 10.85 10.81 10.77 10.72 10.67 10.63 10.61 10.60 10.60 10.60 10.61 10.61 10.62 10.62 10.63 10.63 10.63 10.64 10.64 10.64 10.66 10.66 10.67 10.67 10.69 10.69 10.70 10.71 10.72 10.72 10.73 10.74 10.75 10.76 10.77 10.77 10.79 10.79 10.80 10.81 10.82 10.84 10.84 10.86 10.86 10.88 10.89 10.90 10.91 10.92 10.93 10.95 10.96 10.97 10.99 10.99 11.01 11.03
11.38 11.36 11.34 11.33 11.30 11.28 11.26 11.24 11.22 11.19 11.17 11.14 11.11 11.09 11.06 11.02 10.98 10.95 10.91 10.87 10.83 10.79 10.75 10.70 10.65 10.61 10.57 10.56 10.56 10.56 10.56 10.56 10.58 10.58 10.58 10.59 10.59 10.60 10.61 10.61 10.62 10.62 10.63 10.64 10.65 10.65 10.66 10.67 10.68 10.68 10.70 10.71 10.71 10.73 10.73 10.75 10.75 10.76 10.78 10.78 10.80 10.81 10.82 10.83 10.84 10.85 10.87 10.87 10.89 10.90 10.91 10.92 10.94 10.96 10.96 10.98 10.99
11.36 11.34 11.33 11.31 11.30 11.27 11.25 11.24 11.22 11.20 11.16 11.14 11.11 11.09 11.06 11.03 11.00 10.96 10.92 10.89 10.85 10.81 10.77 10.72 10.68 10.63 10.58 10.54 10.52 10.51 10.53 10.53 10.53 10.54 10.54 10.54 10.55 10.55 10.57 10.57 10.58 10.58 10.59 10.60 10.61 10.61 10.62 10.63 10.64 10.64 10.66 10.67 10.67 10.69 10.69 10.71 10.72 10.72 10.74 10.75 10.76 10.77 10.79 10.79 10.80 10.82 10.82 10.84 10.86 10.86 10.88 10.89 10.91 10.91 10.93 10.95 10.96
11.35 11.32 11.31 11.30 11.29 11.26 11.24 11.23 11.21 11.19 11.16 11.14 11.11 11.09 11.06 11.03 11.01 10.97 10.94 10.90 10.86 10.83 10.79 10.75 10.70 10.66 10.61 10.56 10.52 10.48 10.47 10.48 10.49 10.49 10.50 10.50 10.50 10.51 10.52 10.53 10.53 10.54 10.54 10.56 10.56 10.57 10.57 10.59 10.60 10.60 10.62 10.63 10.63 10.65 10.65 10.66 10.68 10.68 10.70 10.71 10.72 10.73 10.74 10.76 10.76 10.78 10.79 10.81 10.81 10.83 10.85 10.86 10.87 10.88 10.90 10.91 10.93
11.33 11.32 11.30 11.28 11.27 11.26 11.23 11.22 11.20 11.18 11.16 11.13 11.11 11.09 11.06 11.04 11.01 10.98 10.95 10.91 10.88 10.84 10.80 10.76 10.72 10.68 10.64 10.59 10.54 10.49 10.46 10.45 10.44 10.45 10.45 10.45 10.46 10.46 10.48 10.48 10.49 10.49 10.50 10.52 10.52 10.53 10.53 10.55 10.56 10.56 10.58 10.58 10.59 10.61 10.62 10.62 10.64 10.65 10.66 10.67 10.68 10.70 10.70 10.72 10.73 10.75 10.75 10.77 10.78 10.80 10.81 10.82 10.83 10.85 10.87 10.88 10.90
11.31 11.30 11.29 11.27 11.26 11.24 11.22 11.21 11.19 11.17 11.16 11.13 11.11 11.08 11.06 11.04 11.01 10.98 10.96 10.93 10.89 10.86 10.82 10.79 10.74 10.71 10.67 10.62 10.57 10.53 10.48 10.44 10.41 10.40 10.41 10.41 10.42 10.43 10.44 10.44 10.45 10.45 10.46 10.47 10.48 10.49 10.49 10.51 10.51 10.52 10.54 10.54 10.55 10.57 10.58 10.58 10.60 10.61 10.62 10.63 10.64 10.66 10.67 10.68 10.69 10.71 10.72 10.74 10.74 10.76 10.77 10.79 10.80 10.82 10.83 10.84 10.86
11.29 11.28 11.27 11.25 11.24 11.23 11.22 11.19 11.18 11.16 11.15 11.13 11.11 11.08 11.06 11.04 11.01 10.99 10.96 10.93 10.90 10.87 10.84 10.80 10.77 10.73 10.69 10.65 10.61 10.56 10.51 10.47 10.42 10.38 10.37 10.37 10.37 10.38 10.39 10.40 10.40 10.41 10.41 10.43 10.44 10.44 10.45 10.47 10.47 10.48 10.50 10.50 10.51 10.53 10.54 10.54 10.56 10.57 10.58 10.60 10.60 10.62 10.63 10.65 10.66 10.66 10.68 10.70 10.71 10.72 10.74 10.75 10.76 10.78 10.79 10.81 10.82
11.27 11.26 11.25 11.23 11.22 11.21 11.20 11.19 11.17 11.15 11.14 11.12 11.10 11.07 11.05 11.03 11.01 10.99 10.96 10.94 10.91 10.88 10.85 10.82 10.78 10.75 10.71 10.67 10.63 10.59 10.54 10.49 10.45 10.40 10.35 10.33 10.34 10.34 10.35 10.35 10.36 10.37 10.38 10.39 10.40 10.40 10.41 10.43 10.43 10.44 10.46 10.46 10.47 10.49 10.50 10.50 10.52 10.53 10.54 10.56 10.57 10.58 10.59 10.61 10.62 10.63 10.65 10.65 10.67 10.68 10.70 10.71 10.73 10.74 10.76 10.78 10.79
11.24 11.24 11.23 11.22 11.20 11.19 11.18 11.17 11.15 11.14 11.12 11.11 11.09 11.07 11.05 11.03 11.01 10.98 10.96 10.94 10.91 10.88 10.85 10.82 10.79 10.76 10.72 10.69 10.65 10.61 10.57 10.52 10.48 10.43 10.38 10.33 10.30 10.30 10.31 10.31 10.32 10.32 10.34 10.35 10.35 10.36 10.38 10.38 10.39 10.40 10.42 10.42 10.43 10.45 10.46 10.47 10.48 10.49 10.50 10.52 10.53 10.55 10.55 10.56 10.58 10.59 10.61 10.62 10.64 10.65 10.67 10.68 10.69 10.70 10.72 10.73 10.75
11.23 11.21 11.21 11.20 11.19 11.17 11.17 11.16 11.15 11.12 11.11 11.10 11.08 11.07 11.05 11.03 11.00 10.98 10.96 10.94 10.91 10.89 10.86 10.83 10.80 10.77 10.74 10.70 10.67 10.63 10.59 10.55 10.50 10.46 10.41 10.37 10.32 10.28 10.27 10.27 10.27 10.28 10.30 10.30 10.31 10.32 10.34 10.34 10.35 10.36 10.38 10.38 10.39 10.41 10.42 10.43 10.44 10.45 10.46 10.48 10.49 10.51 10.52 10.53 10.54 10.55 10.57 10.58 10.60 10.61 10.63 10.64 10.66 10.67 10.69 10.70 10.72
11.21 11.19 11.19 11.18 11.17 11.16 11.15 11.14 11.13 11.12 11.10 11.08 11.07 11.05 11.04 11.02 10.99 10.98 10.96 10.93 10.91 10.89 10.86 10.84 10.81 10.78 10.75 10.71 10.68 10.64 10.61 10.57 10.53 10.48 10.45 10.40 10.35 10.30 10.26 10.24 10.23 10.24 10.26 10.26 10.27 10.28 10.30 10.30 10.31 10.32 10.34 10.34 10.35 10.37 10.38 10.39 10.41 10.41 10.42 10.44 10.45 10.46 10.48 10.49 10.51 10.52 10.54 10.55 10.57 10.57 10.59 10.60 10.62 10.63 10.65 10.66 10.68
11.18 11.18 11.16 11.16 11.15 11.14 11.13 11.12 11.11 11.10 11.09 11.07 11.06 11.04 11.03 11.01 11.00 10.98 10.96 10.93 10.91 10.89 10.86 10.84 10.81 10.78 10.76 10.72 10.69 10.66 10.62 10.59 10.55 10.51 10.47 10.43 10.38 10.33 10.28 10.23 10.20 10.21 10.21 10.22 10.23 10.24 10.25 10.26 10.27 10.28 10.30 10.30 10.31 10.33 10.34 10.35 10.37 10.38 10.38 10.40 10.41 10.43 10.44 10.45 10.47 10.48 10.50 10.51 10.53 10.54 10.55 10.57 10.59 10.60 10.62 10.63 10.65
11.16 11.15 11.14 11.13 11.13 11.12 11.12 11.10 11.09 11.08 11.07 11.05 11.04 11.03 11.02 11.00 10.99 10.97 10.95 10.93 10.90 10.88 10.86 10.84 10.81 10.79 10.76 10.73 10.70 10.67 10.64 10.61 10.57 10.54 10.50 10.45 10.41 10.36 10.31 10.26 10.21 10.18 10.18 10.18 10.19 10.20 10.21 10.22 10.23 10.24 10.26 10.26 10.27 10.29 10.30 10.31 10.33 10.34 10.35 10.36 10.37 10.38 10.40 10.41 10.43 10.44 10.46 10.47 10.49 10.50 10.52 10.53 10.54 10.56 10.57 10.59 10.61
11.13 11.13 11.12 11.11 11.10 11.10 11.09 11.09 11.07 11.06 11.06 11.05 11.04 11.01 11.00 10.99 10.97 10.96 10.94 10.93 10.91 10.89 10.87 10.85 10.81 10.79 10.77 10.74 10.71 10.68 10.66 10.62 10.59 10.55 10.51 10.47 10.43 10.39 10.34 10.29 10.25 10.20 10.16 10.14 10.15 10.16 10.17 10.18 10.19 10.21 10.21 10.22 10.23 10.25 10.26 10.27 10.29 10.30 10.31 10.33 10.34 10.35 10.36 10.37 10.39 10.40 10.42 10.43 10.45 10.46 10.47 10.49 10.50 10.53 10.54 10.56 10.58
11.10 11.10 11.10 11.09 11.08 11.08 11.07 11.07 11.05 11.04 11.04 11.03 11.02 11.01 10.99 10.98 10.96 10.95 10.93 10.92 10.90 10.88 10.86 10.84 10.82 10.80 10.78 10.75 10.72 10.70 10.67 10.63 10.60 10.57 10.53 10.49 10.45 10.41 10.38 10.33 10.28 10.23 10.18 10.14 10.12 10.12 10.13 10.14 10.15 10.17 10.17 10.18 10.20 10.21 10.22 10.23 10.25 10.26 10.27 10.29 10.30 10.32 10.33 10.34 10.36 10.37 10.39 10.40 10.41 10.43 10.44 10.46 10.47 10.49 10.50 10.52 10.53
11.08 11.07 11.07 11.07 11.06 11.05 11.05 11.04 11.04 11.02 11.02 11.01 11.00 10.99 10.98 10.96 10.95 10.94 10.92 10.91 10.89 10.87 10.86 10.84 10.82 10.80 10.78 10.75 10.73 10.70 10.67 10.64 10.61 10.58 10.54 10.51 10.47 10.43 10.40 10.36 10.31 10.26 10.21 10.16 10.13 10.10 10.09 10.10 10.12 10.13 10.13 10.14 10.16 10.17 10.18 10.20 10.21 10.22 10.24 10.25 10.26 10.28 10.29 10.30 10.32 10.33 10.35 10.36 10.38 10.39 10.40 10.42 10.43 10.45 10.46 10.48 10.49
