datasets/raw/temp/2019100820191008.grid
ncols 886
nrows 691
xllcenter 112.0000
yllcenter -44.5000
cellsize 0.0500
nodata_value 99999.90
[rows 102 to 135 of 691, columns 693 to 769 of 886]
28.62 28.60 28.57 28.55 28.52 28.50 28.48 28.45 28.43 28.41 28.39 28.36 28.35 28.33 28.31 28.29 28.28 28.27 28.25 28.24 28.22 28.21 28.19 28.18 28.18 28.17 28.16 28.15 28.15 28.14 28.13 28.12 28.13 28.12 28.11 28.12 28.11 28.11 28.11 28.11 28.11 28.11 28.11 28.11 28.11 28.11 28.10 28.11 28.11 28.10 28.09 28.10 28.09 28.09 28.08 28.07 28.08 28.07 28.06 28.05 28.04 28.02 28.01 28.00 27.98 27.97 27.95 27.93 27.91 27.89 27.87 27.85 27.82 27.79 27.77 27.74 27.72
28.62 28.60 28.57 28.55 28.52 28.49 28.48 28.45 28.42 28.40 28.39 28.37 28.34 28.32 28.30 28.30 28.28 28.26 28.24 28.23 28.21 28.20 28.19 28.18 28.17 28.16 28.15 28.14 28.14 28.13 28.12 28.12 28.12 28.11 28.11 28.11 28.11 28.10 28.11 28.10 28.11 28.11 28.11 28.11 28.10 28.11 28.11 28.10 28.11 28.10 28.10 28.09 28.10 28.09 28.09 28.08 28.07 28.08 28.07 28.06 28.05 28.04 28.02 28.01 28.00 27.98 27.96 27.95 27.93 27.91 27.89 27.86 27.83 27.81 27.78 27.75 27.73
28.62 28.59 28.57 28.54 28.52 28.49 28.47 28.45 28.43 28.40 28.38 28.36 28.34 28.32 28.30 28.29 28.27 28.25 28.24 28.22 28.20 28.20 28.19 28.18 28.17 28.15 28.14 28.13 28.12 28.13 28.12 28.11 28.11 28.11 28.10 28.10 28.10 28.10 28.11 28.10 28.10 28.10 28.10 28.11 28.10 28.10 28.11 28.11 28.10 28.11 28.10 28.10 28.11 28.10 28.09 28.09 28.08 28.08 28.08 28.07 28.06 28.05 28.04 28.02 28.01 27.99 27.98 27.96 27.94 27.92 27.90 27.88 27.84 27.82 27.79 27.77 27.74
28.63 28.59 28.57 28.54 28.51 28.50 28.47 28.44 28.42 28.39 28.38 28.36 28.34 28.31 28.30 28.28 28.26 28.24 28.23 28.22 28.21 28.19 28.18 28.17 28.16 28.15 28.14 28.13 28.12 28.12 28.11 28.11 28.10 28.10 28.10 28.09 28.10 28.10 28.09 28.10 28.10 28.10 28.10 28.10 28.11 28.10 28.10 28.11 28.11 28.11 28.11 28.11 28.10 28.11 28.10 28.10 28.09 28.08 28.09 28.08 28.07 28.06 28.05 28.04 28.02 28.01 27.99 27.97 27.95 27.93 27.91 27.89 27.86 27.83 27.80 27.78 27.75
28.62 28.59 28.56 28.54 28.51 28.49 28.46 28.44 28.42 28.39 28.37 28.35 28.33 28.31 28.29 28.28 28.26 28.24 28.23 28.21 28.20 28.18 28.17 28.16 28.15 28.14 28.13 28.12 28.11 28.10 28.11 28.10 28.09 28.09 28.09 28.09 28.09 28.09 28.09 28.09 28.09 28.09 28.10 28.10 28.09 28.10 28.10 28.11 28.11 28.11 28.11 28.11 28.11 28.11 28.11 28.11 28.10 28.09 28.10 28.09 28.08 28.07 28.06 28.05 28.03 28.02 28.00 27.98 27.97 27.95 27.93 27.90 27.88 27.85 27.82 27.79 27.76
28.62 28.59 28.57 28.54 28.51 28.49 28.46 28.43 28.41 28.39 28.36 28.35 28.33 28.31 28.29 28.27 28.25 28.24 28.22 28.20 28.19 28.18 28.16 28.15 28.14 28.13 28.12 28.11 28.11 28.10 28.09 28.09 28.09 28.08 28.08 28.09 28.08 28.08 28.09 28.08 28.09 28.09 28.09 28.10 28.10 28.10 28.10 28.10 28.11 28.11 28.11 28.12 28.11 28.11 28.12 28.11 28.11 28.11 28.11 28.10 28.09 28.08 28.07 28.07 28.06 28.04 28.03 28.01 27.99 27.96 27.94 27.92 27.89 27.86 27.84 27.80 27.77
28.62 28.59 28.56 28.54 28.51 28.48 28.45 28.43 28.41 28.39 28.36 28.34 28.32 28.30 28.28 28.26 28.24 28.23 28.21 28.20 28.18 28.17 28.16 28.14 28.13 28.12 28.11 28.11 28.10 28.09 28.08 28.08 28.08 28.08 28.07 28.07 28.08 28.08 28.07 28.08 28.08 28.09 28.09 28.09 28.10 28.09 28.11 28.10 28.10 28.11 28.11 28.12 28.12 28.12 28.12 28.12 28.12 28.12 28.12 28.11 28.11 28.11 28.10 28.09 28.07 28.06 28.04 28.02 28.00 27.98 27.96 27.94 27.90 27.88 27.85 27.82 27.78
28.62 28.59 28.56 28.53 28.50 28.48 28.46 28.43 28.40 28.38 28.36 28.33 28.31 28.29 28.27 28.25 28.23 28.22 28.20 28.19 28.17 28.16 28.15 28.14 28.12 28.11 28.11 28.10 28.09 28.08 28.08 28.07 28.07 28.07 28.07 28.07 28.06 28.07 28.07 28.08 28.08 28.08 28.09 28.09 28.10 28.10 28.10 28.11 28.11 28.12 28.12 28.13 28.13 28.12 28.13 28.13 28.13 28.13 28.13 28.12 28.13 28.12 28.11 28.10 28.10 28.08 28.07 28.05 28.02 28.00 27.98 27.95 27.93 27.89 27.86 27.83 27.79
28.62 28.59 28.56 28.54 28.51 28.48 28.45 28.42 28.40 28.37 28.35 28.32 28.30 28.28 28.26 28.24 28.23 28.21 28.19 28.18 28.16 28.15 28.14 28.13 28.12 28.11 28.10 28.09 28.08 28.08 28.07 28.07 28.06 28.06 28.06 28.06 28.06 28.06 28.07 28.07 28.08 28.08 28.08 28.09 28.09 28.10 28.10 28.11 28.11 28.11 28.12 28.12 28.13 28.13 28.14 28.14 28.15 28.14 28.14 28.15 28.14 28.13 28.13 28.12 28.11 28.10 28.08 28.07 28.05 28.02 28.00 27.98 27.94 27.92 27.89 27.85 27.82
28.62 28.58 28.56 28.53 28.50 28.47 28.45 28.42 28.40 28.37 28.35 28.33 28.30 28.28 28.26 28.23 28.22 28.20 28.18 28.17 28.15 28.14 28.13 28.12 28.11 28.09 28.08 28.07 28.07 28.06 28.06 28.06 28.05 28.05 28.05 28.05 28.05 28.05 28.05 28.06 28.06 28.07 28.07 28.07 28.09 28.09 28.10 28.10 28.11 28.11 28.12 28.13 28.14 28.14 28.15 28.15 28.16 28.16 28.16 28.16 28.16 28.16 28.15 28.15 28.14 28.12 28.11 28.09 28.07 28.05 28.02 27.99 27.97 27.93 27.90 27.87 27.83
28.61 28.59 28.56 28.52 28.50 28.47 28.45 28.42 28.39 28.36 28.34 28.32 28.30 28.27 28.25 28.24 28.21 28.19 28.17 28.16 28.15 28.13 28.12 28.11 28.09 28.08 28.07 28.06 28.06 28.05 28.05 28.04 28.05 28.05 28.04 28.04 28.04 28.05 28.05 28.05 28.06 28.06 28.07 28.07 28.08 28.09 28.10 28.10 28.11 28.12 28.13 28.13 28.14 28.14 28.15 28.17 28.17 28.17 28.17 28.18 28.18 28.18 28.17 28.16 28.16 28.15 28.14 28.12 28.10 28.08 28.04 28.02 27.99 27.95 27.92 27.88 27.85
28.61 28.59 28.55 28.52 28.50 28.47 28.44 28.41 28.38 28.36 28.33 28.31 28.29 28.27 28.25 28.23 28.21 28.18 28.17 28.15 28.14 28.12 28.11 28.09 28.08 28.07 28.06 28.06 28.05 28.04 28.04 28.04 28.03 28.03 28.04 28.04 28.03 28.03 28.04 28.04 28.05 28.06 28.06 28.07 28.07 28.09 28.09 28.10 28.11 28.12 28.13 28.14 28.15 28.15 28.16 28.17 28.17 28.18 28.19 28.19 28.20 28.19 28.20 28.19 28.19 28.18 28.16 28.14 28.12 28.09 28.07 28.04 28.01 27.98 27.93 27.90 27.86
28.61 28.58 28.55 28.52 28.49 28.46 28.43 28.40 28.38 28.35 28.33 28.30 28.28 28.26 28.24 28.22 28.20 28.17 28.16 28.14 28.13 28.11 28.09 28.08 28.07 28.06 28.06 28.05 28.04 28.04 28.03 28.03 28.02 28.02 28.02 28.02 28.03 28.03 28.03 28.04 28.04 28.04 28.06 28.06 28.07 28.08 28.09 28.10 28.11 28.12 28.12 28.14 28.15 28.17 28.17 28.18 28.19 28.20 28.21 28.21 28.22 28.22 28.22 28.22 28.22 28.20 28.19 28.17 28.15 28.13 28.10 28.07 28.03 28.00 27.96 27.92 27.88
28.61 28.57 28.55 28.51 28.49 28.46 28.43 28.40 28.37 28.34 28.32 28.29 28.27 28.25 28.23 28.21 28.19 28.16 28.15 28.13 28.12 28.10 28.08 28.07 28.06 28.05 28.05 28.03 28.02 28.02 28.01 28.01 28.01 28.02 28.01 28.01 28.01 28.02 28.02 28.02 28.04 28.04 28.05 28.06 28.07 28.07 28.09 28.09 28.11 28.12 28.13 28.14 28.16 28.17 28.17 28.19 28.20 28.21 28.23 28.24 28.24 28.24 28.25 28.24 28.24 28.23 28.22 28.20 28.18 28.16 28.12 28.09 28.05 28.02 27.98 27.94 27.90
28.60 28.57 28.54 28.51 28.49 28.45 28.42 28.39 28.37 28.35 28.31 28.29 28.26 28.24 28.22 28.20 28.17 28.15 28.14 28.12 28.11 28.09 28.07 28.06 28.05 28.04 28.03 28.02 28.01 28.01 28.01 28.00 28.00 28.00 28.00 28.01 28.01 28.01 28.01 28.02 28.02 28.04 28.04 28.05 28.06 28.07 28.08 28.09 28.11 28.11 28.13 28.14 28.16 28.18 28.19 28.21 28.22 28.23 28.25 28.25 28.26 28.27 28.27 28.27 28.27 28.26 28.25 28.23 28.21 28.19 28.15 28.12 28.08 28.05 28.00 27.96 27.91
28.59 28.56 28.53 28.51 28.47 28.45 28.42 28.39 28.37 28.34 28.30 28.28 28.26 28.23 28.21 28.19 28.16 28.15 28.13 28.11 28.09 28.08 28.07 28.05 28.04 28.03 28.02 28.01 28.01 28.00 28.00 27.99 27.99 27.99 27.99 27.99 27.99 28.00 28.00 28.00 28.02 28.02 28.03 28.04 28.05 28.06 28.07 28.09 28.10 28.11 28.13 28.15 28.16 28.18 28.20 28.21 28.23 28.24 28.26 28.27 28.28 28.29 28.29 28.30 28.29 28.28 28.26 28.25 28.23 28.20 28.18 28.15 28.11 28.07 28.02 27.98 27.93
28.57 28.55 28.52 28.49 28.47 28.45 28.41 28.38 28.35 28.33 28.30 28.27 28.25 28.22 28.20 28.18 28.15 28.14 28.12 28.11 28.08 28.07 28.06 28.04 28.03 28.02 28.01 28.00 27.99 27.98 27.98 27.98 27.97 27.97 27.98 27.98 27.98 27.98 28.00 28.00 28.00 28.01 28.02 28.03 28.04 28.05 28.07 28.08 28.09 28.11 28.13 28.15 28.16 28.18 28.20 28.22 28.23 28.26 28.28 28.29 28.30 28.31 28.31 28.30 28.31 28.30 28.29 28.27 28.25 28.22 28.19 28.16 28.13 28.08 28.05 28.00 27.95
28.56 28.53 28.51 28.48 28.45 28.43 28.41 28.38 28.35 28.32 28.29 28.26 28.24 28.22 28.19 28.17 28.14 28.13 28.11 28.08 28.07 28.06 28.04 28.03 28.02 28.01 27.99 27.98 27.98 27.97 27.97 27.97 27.96 27.96 27.96 27.96 27.96 27.98 27.98 27.98 28.00 28.00 28.01 28.02 28.04 28.05 28.06 28.07 28.09 28.11 28.13 28.15 28.17 28.18 28.20 28.23 28.25 28.27 28.28 28.30 28.32 28.32 28.32 28.32 28.32 28.32 28.31 28.29 28.27 28.24 28.21 28.18 28.14 28.11 28.06 28.00 27.95
28.53 28.52 28.50 28.47 28.45 28.43 28.39 28.37 28.34 28.31 28.28 28.26 28.23 28.21 28.18 28.16 28.14 28.12 28.09 28.07 28.06 28.05 28.03 28.02 28.01 27.99 27.98 27.97 27.97 27.96 27.96 27.95 27.95 27.95 27.95 27.95 27.96 27.96 27.97 27.97 27.98 27.99 28.00 28.01 28.03 28.04 28.05 28.07 28.09 28.11 28.13 28.15 28.16 28.18 28.20 28.23 28.25 28.28 28.30 28.31 28.32 28.33 28.34 28.34 28.34 28.33 28.33 28.31 28.29 28.26 28.23 28.19 28.15 28.12 28.06 28.02 27.97
28.50 28.49 28.48 28.46 28.43 28.41 28.39 28.36 28.33 28.30 28.27 28.25 28.22 28.20 28.18 28.14 28.13 28.11 28.08 28.07 28.05 28.03 28.02 28.01 27.99 27.98 27.97 27.96 27.95 27.94 27.94 27.94 27.94 27.94 27.94 27.94 27.95 27.95 27.95 27.96 27.97 27.98 27.99 28.00 28.01 28.03 28.05 28.06 28.08 28.09 28.11 28.14 28.16 28.18 28.21 28.24 28.26 28.29 28.31 28.32 28.33 28.33 28.35 28.35 28.35 28.35 28.34 28.33 28.31 28.28 28.24 28.21 28.17 28.11 28.07 28.03 27.98
28.47 28.46 28.46 28.44 28.42 28.40 28.37 28.35 28.32 28.30 28.27 28.24 28.21 28.19 28.16 28.14 28.12 28.09 28.07 28.05 28.03 28.02 28.01 27.99 27.98 27.97 27.95 27.94 27.94 27.93 27.93 27.93 27.93 27.93 27.93 27.93 27.93 27.93 27.95 27.95 27.95 27.97 27.97 27.99 28.01 28.01 28.03 28.05 28.07 28.09 28.11 28.13 28.16 28.18 28.21 28.24 28.27 28.29 28.30 28.32 28.33 28.34 28.36 28.37 28.37 28.37 28.36 28.34 28.32 28.30 28.26 28.22 28.16 28.12 28.08 28.03 27.99
28.43 28.43 28.43 28.42 28.41 28.39 28.36 28.33 28.31 28.28 28.26 28.23 28.21 28.18 28.15 28.13 28.11 28.08 28.06 28.05 28.02 28.01 27.99 27.98 27.96 27.95 27.94 27.93 27.93 27.91 27.91 27.91 27.91 27.91 27.91 27.91 27.92 27.92 27.93 27.93 27.95 27.95 27.97 27.97 27.99 28.01 28.03 28.05 28.07 28.08 28.11 28.12 28.16 28.18 28.21 28.23 28.27 28.29 28.30 28.31 28.34 28.35 28.36 28.38 28.39 28.39 28.38 28.37 28.34 28.30 28.26 28.21 28.17 28.12 28.08 28.03 27.99
28.39 28.39 28.40 28.39 28.38 28.36 28.34 28.32 28.29 28.27 28.24 28.21 28.19 28.16 28.14 28.12 28.10 28.07 28.05 28.02 28.01 28.00 27.97 27.96 27.95 27.94 27.93 27.92 27.91 27.90 27.90 27.90 27.90 27.90 27.90 27.90 27.90 27.90 27.92 27.92 27.93 27.94 27.95 27.96 27.98 27.99 28.01 28.03 28.05 28.07 28.10 28.12 28.14 28.17 28.20 28.23 28.25 28.28 28.30 28.31 28.33 28.35 28.36 28.38 28.40 28.41 28.41 28.39 28.35 28.31 28.27 28.22 28.17 28.12 28.08 28.03 27.98
28.34 28.35 28.37 28.36 28.36 28.35 28.33 28.31 28.29 28.26 28.23 28.20 28.18 28.15 28.13 28.11 28.08 28.06 28.04 28.01 28.00 27.98 27.96 27.95 27.93 27.93 27.91 27.90 27.90 27.89 27.89 27.88 27.88 27.88 27.88 27.88 27.89 27.89 27.90 27.90 27.92 27.92 27.94 27.95 27.96 27.98 28.00 28.02 28.04 28.06 28.08 28.10 28.13 28.16 28.19 28.22 28.24 28.27 28.28 28.31 28.32 28.34 28.36 28.38 28.40 28.42 28.43 28.41 28.36 28.32 28.27 28.22 28.17 28.12 28.07 28.02 27.98
28.28 28.31 28.33 28.34 28.33 28.32 28.31 28.30 28.27 28.25 28.23 28.20 28.17 28.14 28.12 28.09 28.06 28.05 28.02 28.00 27.99 27.96 27.95 27.93 27.92 27.91 27.90 27.89 27.89 27.87 27.87 27.87 27.87 27.87 27.87 27.87 27.87 27.87 27.89 27.89 27.90 27.91 27.92 27.94 27.95 27.96 27.98 28.00 28.02 28.04 28.07 28.09 28.11 28.15 28.18 28.20 28.24 28.25 28.27 28.29 28.32 28.33 28.35 28.37 28.39 28.41 28.42 28.41 28.36 28.31 28.26 28.21 28.16 28.11 28.06 28.02 27.97
28.23 28.26 28.29 28.31 28.31 28.31 28.30 28.28 28.25 28.24 28.21 28.19 28.16 28.13 28.11 28.08 28.05 28.04 28.01 27.99 27.97 27.95 27.93 27.92 27.91 27.89 27.89 27.88 27.86 27.86 27.86 27.86 27.86 27.86 27.86 27.86 27.86 27.86 27.87 27.88 27.89 27.89 27.91 27.93 27.93 27.95 27.97 27.99 28.01 28.03 28.05 28.07 28.10 28.12 28.16 28.19 28.21 28.24 28.26 28.28 28.29 28.32 28.33 28.35 28.37 28.38 28.39 28.37 28.34 28.29 28.24 28.20 28.15 28.10 28.05 28.00 27.96
28.17 28.21 28.25 28.27 28.28 28.28 28.27 28.26 28.24 28.22 28.20 28.17 28.15 28.12 28.09 28.07 28.04 28.01 28.00 27.98 27.96 27.94 27.92 27.91 27.89 27.88 27.88 27.86 27.85 27.85 27.85 27.84 27.83 27.83 27.84 27.84 27.85 27.85 27.86 27.86 27.88 27.88 27.89 27.90 27.92 27.93 27.95 27.97 27.99 28.01 28.04 28.06 28.08 28.11 28.13 28.17 28.20 28.22 28.24 28.26 28.27 28.29 28.31 28.32 28.33 28.35 28.34 28.33 28.30 28.25 28.22 28.18 28.13 28.08 28.04 27.98 27.93
28.11 28.17 28.21 28.24 28.25 28.26 28.25 28.24 28.23 28.21 28.18 28.16 28.13 28.10 28.08 28.05 28.03 28.00 27.98 27.96 27.94 27.93 27.91 27.90 27.88 27.87 27.86 27.85 27.84 27.84 27.83 27.82 27.82 27.82 27.82 27.83 27.83 27.83 27.84 27.85 27.85 27.87 27.88 27.89 27.90 27.92 27.94 27.95 27.98 27.99 28.02 28.04 28.07 28.09 28.12 28.14 28.17 28.20 28.22 28.23 28.25 28.26 28.28 28.29 28.30 28.30 28.30 28.29 28.26 28.22 28.18 28.14 28.10 28.05 28.01 27.96 27.91
28.06 28.12 28.18 28.20 28.23 28.24 28.24 28.23 28.21 28.19 28.17 28.15 28.12 28.09 28.07 28.04 28.02 27.99 27.97 27.95 27.93 27.91 27.90 27.89 27.87 27.86 27.84 27.84 27.83 27.83 27.81 27.81 27.81 27.81 27.81 27.81 27.82 27.82 27.82 27.84 27.84 27.85 27.86 27.87 27.89 27.89 27.91 27.93 27.95 27.97 27.99 28.02 28.04 28.06 28.09 28.11 28.15 28.17 28.19 28.21 28.22 28.24 28.25 28.25 28.26 28.26 28.25 28.23 28.22 28.19 28.15 28.11 28.07 28.03 27.98 27.94 27.89
28.00 28.08 28.14 28.18 28.20 28.21 28.22 28.21 28.20 28.18 28.16 28.14 28.11 28.08 28.05 28.03 28.01 27.98 27.96 27.94 27.92 27.90 27.89 27.86 27.86 27.85 27.83 27.82 27.82 27.82 27.80 27.80 27.80 27.80 27.80 27.80 27.80 27.81 27.81 27.82 27.83 27.83 27.85 27.86 27.86 27.88 27.90 27.92 27.93 27.95 27.97 27.99 28.01 28.04 28.06 28.08 28.12 28.15 28.16 28.17 28.19 28.20 28.21 28.22 28.22 28.22 28.21 28.19 28.17 28.14 28.12 28.08 28.04 28.00 27.96 27.92 27.86
27.97 28.04 28.11 28.15 28.18 28.19 28.20 28.20 28.18 28.16 28.15 28.11 28.09 28.07 28.04 28.02 27.99 27.97 27.95 27.92 27.91 27.89 27.87 27.86 27.84 27.84 27.82 27.81 27.81 27.80 27.79 27.79 27.79 27.79 27.79 27.79 27.79 27.80 27.80 27.81 27.82 27.82 27.83 27.84 27.85 27.87 27.88 27.89 27.91 27.93 27.95 27.97 27.99 28.02 28.04 28.05 28.08 28.10 28.13 28.15 28.15 28.17 28.17 28.17 28.18 28.17 28.16 28.15 28.13 28.10 28.07 28.04 28.00 27.96 27.92 27.88 27.83
27.94 28.02 28.08 28.13 28.16 28.17 28.18 28.18 28.17 28.15 28.14 28.10 28.08 28.06 28.03 28.01 27.99 27.96 27.94 27.91 27.90 27.87 27.86 27.85 27.83 27.82 27.82 27.80 27.80 27.79 27.79 27.79 27.79 27.78 27.78 27.78 27.78 27.79 27.80 27.80 27.80 27.81 27.81 27.83 27.84 27.85 27.86 27.88 27.88 27.90 27.92 27.94 27.96 27.99 28.00 28.02 28.05 28.07 28.09 28.11 28.12 28.13 28.13 28.14 28.13 28.13 28.12 28.10 28.08 28.07 28.04 28.00 27.97 27.93 27.89 27.84 27.79
27.94 28.00 28.06 28.11 28.14 28.16 28.17 28.16 28.16 28.14 28.12 28.09 28.07 28.04 28.02 27.99 27.97 27.94 27.93 27.90 27.89 27.87 27.85 27.84 27.82 27.81 27.80 27.80 27.80 27.78 27.78 27.78 27.77 27.77 27.77 27.78 27.78 27.78 27.78 27.79 27.79 27.80 27.81 27.82 27.82 27.83 27.84 27.85 27.87 27.89 27.90 27.92 27.94 27.95 27.97 27.99 28.02 28.03 28.05 28.06 28.08 28.09 28.09 28.09 28.09 28.08 28.07 28.06 28.04 28.02 27.99 27.96 27.93 27.89 27.84 27.80 27.76
27.98 28.00 28.05 28.10 28.13 28.15 28.16 28.15 28.14 28.13 28.11 28.09 28.06 28.03 28.01 27.98 27.96 27.93 27.91 27.90 27.87 27.86 27.84 27.83 27.82 27.81 27.79 27.79 27.78 27.78 27.78 27.77 27.77 27.77 27.77 27.77 27.77 27.78 27.78 27.78 27.79 27.79 27.80 27.80 27.81 27.82 27.83 27.83 27.85 27.86 27.87 27.89 27.91 27.92 27.94 27.96 27.97 27.99 28.01 28.02 28.03 28.04 28.05 28.06 28.05 28.04 28.03 28.02 28.00 27.97 27.95 27.91 27.88 27.85 27.80 27.76 27.71
