datasets/raw/temp/2019111220191112.grid
ncols 886
nrows 691
xllcenter 112.0000
yllcenter -44.5000
cellsize 0.0500
nodata_value 99999.90
[rows 510 to 543 of 691, columns 539 to 615 of 886]
18.12 18.13 18.28 18.35 18.38 18.50 18.49 18.57 18.69 18.73 18.85 18.88 18.91 18.85 18.96 18.93 19.07 19.13 19.18 19.23 19.28 19.31 19.24 19.16 19.07 19.11 19.34 19.44 19.43 19.47 19.56 19.65 19.72 19.79 19.83 19.88 19.84 20.08 20.15 20.25 20.32 20.36 20.47 20.52 20.60 20.73 20.82 20.94 20.93 20.88 21.01 21.07 21.09 21.04 21.11 21.01 21.02 20.99 21.25 21.32 21.28 21.34 21.24 21.27 21.24 21.25 21.27 21.29 21.22 21.20 21.21 21.30 21.39 21.41 21.34 21.35 21.50
17.99 18.08 18.15 18.24 18.31 18.35 18.44 18.49 18.39 18.41 18.56 18.51 18.59 18.59 18.78 18.83 18.88 18.92 19.00 19.02 19.07 19.14 19.14 19.16 19.25 19.19 19.22 19.27 19.37 19.45 19.55 19.61 19.67 19.73 19.76 19.88 19.98 20.04 20.06 20.15 20.16 20.22 20.37 20.43 20.50 20.68 20.71 20.82 20.77 20.82 20.97 21.00 21.01 21.03 21.05 20.95 21.05 20.98 21.11 21.17 21.20 21.19 21.31 21.19 21.19 21.22 21.20 21.24 21.26 21.24 21.25 21.34 21.30 21.34 21.38 21.33 21.46
17.94 17.97 18.04 18.15 18.16 18.24 18.29 18.35 18.41 18.53 18.60 18.60 18.54 18.64 18.64 18.59 18.75 18.84 18.89 18.99 19.02 19.07 19.12 19.04 19.18 19.30 19.25 19.32 19.34 19.40 19.49 19.59 19.68 19.73 19.73 19.76 19.87 19.99 19.99 20.03 20.09 20.20 20.28 20.33 20.39 20.43 20.62 20.67 20.68 20.74 20.75 20.80 20.94 20.96 20.98 20.97 20.93 20.93 20.97 21.06 21.08 21.25 21.16 21.17 21.15 21.17 21.15 21.25 21.22 21.19 21.25 21.22 21.20 21.37 21.34 21.36 21.25
17.83 17.91 17.98 18.05 17.99 18.14 18.16 18.20 18.22 18.33 18.47 18.51 18.57 18.47 18.31 18.64 18.71 18.79 18.80 19.01 19.00 19.05 19.08 19.07 19.14 19.24 19.21 19.27 19.39 19.41 19.44 19.55 19.62 19.61 19.63 19.76 19.78 19.86 19.92 19.99 20.03 20.07 20.16 20.23 20.27 20.30 20.46 20.55 20.60 20.63 20.67 20.82 20.87 20.94 20.87 20.93 20.82 20.88 20.99 21.01 21.02 21.04 21.06 21.08 21.10 21.12 21.25 21.17 21.15 21.21 21.23 21.20 21.24 21.24 21.28 21.29 21.26
17.74 17.81 17.89 17.94 17.93 17.93 18.01 18.01 18.09 18.23 18.34 18.43 18.47 18.60 18.40 18.61 18.73 18.70 18.84 18.91 18.83 19.00 18.96 19.12 19.21 19.18 19.20 19.30 19.39 19.41 19.39 19.44 19.52 19.50 19.55 19.64 19.69 19.70 19.78 19.88 19.95 19.99 20.05 20.09 20.16 20.23 20.27 20.37 20.50 20.57 20.57 20.62 20.67 20.81 20.72 20.85 20.73 20.81 20.91 20.95 20.98 20.99 20.96 21.02 21.05 21.07 21.09 21.12 21.15 21.11 21.16 21.10 21.18 21.19 21.24 21.22 21.11
17.65 17.71 17.79 17.85 17.90 17.95 18.00 17.93 18.03 18.08 18.19 18.32 18.35 18.44 18.52 18.14 18.48 18.64 18.76 18.84 18.85 18.85 18.90 19.02 18.95 19.09 19.22 19.29 19.27 19.36 19.40 19.39 19.45 19.45 19.42 19.61 19.60 19.63 19.59 19.64 19.77 19.81 19.88 19.88 20.03 20.07 20.17 20.21 20.33 20.44 20.48 20.52 20.55 20.72 20.75 20.60 20.67 20.80 20.84 20.88 20.92 20.94 20.95 20.89 20.99 21.01 21.00 21.08 21.08 21.10 21.13 21.10 21.12 21.16 21.17 21.21 21.14
17.57 17.63 17.70 17.76 17.82 17.88 17.93 17.98 17.99 18.05 18.09 18.18 18.26 18.34 18.40 18.48 18.26 18.59 18.67 18.76 18.81 18.92 18.91 18.93 18.90 18.94 19.03 19.11 19.27 19.28 19.35 19.29 19.30 19.42 19.47 19.44 19.49 19.48 19.54 19.46 19.60 19.64 19.69 19.74 19.76 19.87 20.00 20.10 20.19 20.32 20.38 20.41 20.48 20.62 20.67 20.57 20.47 20.63 20.73 20.85 20.86 20.87 20.92 20.83 20.90 20.88 20.88 20.93 20.95 21.06 21.01 21.05 21.02 21.05 21.12 21.15 21.14
17.49 17.55 17.62 17.69 17.75 17.80 17.86 17.93 17.98 17.94 18.01 18.09 18.16 18.23 18.30 18.38 18.12 18.41 18.58 18.67 18.74 18.88 18.96 18.99 19.00 19.11 18.92 18.98 19.24 19.22 19.28 19.33 19.26 19.28 19.36 19.35 19.37 19.42 19.41 19.44 19.43 19.49 19.54 19.62 19.67 19.71 19.81 19.94 20.02 20.15 20.27 20.31 20.36 20.43 20.46 20.53 20.48 20.57 20.70 20.74 20.78 20.80 20.74 20.81 20.80 20.80 20.84 20.87 20.95 21.00 20.99 21.03 21.02 21.02 21.05 21.06 21.07
17.41 17.48 17.55 17.62 17.68 17.74 17.80 17.87 17.93 17.88 17.99 18.02 18.07 18.14 18.21 18.26 18.34 18.42 18.49 18.58 18.66 18.76 18.85 18.96 18.94 19.02 19.13 18.79 19.16 19.17 19.18 19.26 19.11 19.21 19.16 19.24 19.28 19.28 19.31 19.30 19.35 19.36 19.42 19.46 19.53 19.59 19.70 19.80 19.81 19.97 20.07 20.11 20.26 20.31 20.36 20.39 20.31 20.47 20.59 20.62 20.72 20.66 20.62 20.70 20.72 20.75 20.79 20.81 20.90 20.94 20.92 20.97 20.99 20.98 21.00 21.01 21.01
17.35 17.42 17.49 17.55 17.62 17.67 17.74 17.80 17.86 17.92 17.86 18.04 17.97 18.05 18.05 18.17 18.24 18.39 18.43 18.48 18.57 18.67 18.76 18.86 18.88 18.95 19.07 18.97 18.84 18.99 19.11 19.13 19.18 19.09 19.14 19.11 19.17 19.13 19.20 19.22 19.22 19.26 19.24 19.11 19.40 19.46 19.58 19.68 19.74 19.82 19.91 19.96 20.04 20.21 20.26 20.18 20.30 20.37 20.56 20.57 20.67 20.51 20.60 20.64 20.67 20.69 20.73 20.75 20.86 20.87 20.82 20.92 20.90 20.92 20.86 20.93 20.91
17.29 17.36 17.42 17.48 17.55 17.61 17.67 17.73 17.79 17.84 17.90 17.95 17.96 18.02 18.00 18.07 18.14 18.17 18.32 18.41 18.48 18.57 18.67 18.77 18.86 18.95 18.96 19.07 18.97 18.99 19.01 19.04 19.05 19.07 18.99 19.03 19.05 19.01 19.03 19.08 19.10 19.12 19.11 19.15 19.23 19.35 19.43 19.52 19.60 19.64 19.77 19.86 19.92 20.07 20.16 20.26 20.13 20.32 20.52 20.57 20.38 20.59 20.43 20.59 20.61 20.64 20.67 20.68 20.74 20.81 20.82 20.79 20.81 20.81 20.81 20.85 20.82
17.23 17.29 17.36 17.42 17.49 17.54 17.60 17.66 17.70 17.77 17.81 17.87 17.92 17.75 17.89 17.94 18.03 18.11 18.20 18.32 18.35 18.46 18.56 18.67 18.76 18.85 18.92 19.00 18.97 18.92 18.93 19.00 18.97 18.94 18.90 18.88 18.90 18.88 18.87 18.91 18.95 19.01 18.98 18.99 18.99 19.01 19.21 19.32 19.38 19.45 19.52 19.59 19.79 19.88 20.07 20.13 20.15 20.17 20.42 20.51 20.56 20.45 20.35 20.49 20.57 20.57 20.60 20.62 20.66 20.66 20.69 20.71 20.72 20.73 20.73 20.74 20.73
17.17 17.23 17.30 17.35 17.42 17.46 17.53 17.58 17.63 17.68 17.73 17.77 17.83 17.87 17.72 17.87 17.93 18.03 18.09 18.20 18.25 18.36 18.46 18.55 18.64 18.71 18.80 18.88 18.96 18.77 18.88 18.83 18.87 18.79 18.81 18.72 18.67 18.73 18.71 18.75 18.79 18.72 18.80 18.88 18.94 18.95 18.99 19.18 19.25 19.34 19.51 19.60 19.49 19.76 19.82 19.96 20.06 20.02 20.25 20.43 20.50 20.54 20.40 20.39 20.47 20.49 20.51 20.54 20.58 20.61 20.61 20.62 20.62 20.63 20.63 20.63 20.62
17.11 17.17 17.23 17.29 17.34 17.39 17.44 17.50 17.54 17.59 17.63 17.69 17.74 17.79 17.77 17.76 17.84 17.85 17.94 18.08 18.16 18.25 18.37 18.45 18.51 18.54 18.66 18.75 18.82 18.85 18.65 18.75 18.76 18.73 18.69 18.65 18.60 18.56 18.58 18.60 18.62 18.63 18.76 18.77 18.81 18.88 18.81 18.94 19.11 19.16 19.40 19.49 19.55 19.51 19.58 19.79 19.91 19.97 20.10 20.31 20.41 20.47 20.30 20.28 20.35 20.36 20.38 20.37 20.42 20.51 20.49 20.52 20.52 20.50 20.50 20.50 20.49
17.06 17.11 17.16 17.21 17.27 17.32 17.36 17.41 17.45 17.50 17.54 17.59 17.64 17.69 17.60 17.72 17.78 17.82 17.90 17.97 18.05 18.15 18.24 18.34 18.40 18.45 18.50 18.54 18.54 18.65 18.46 18.47 18.60 18.60 18.61 18.52 18.45 18.47 18.49 18.53 18.45 18.52 18.57 18.69 18.74 18.82 18.78 18.76 18.84 19.00 19.12 19.35 19.43 19.39 19.45 19.55 19.75 19.81 19.87 20.15 20.28 20.34 20.20 20.16 20.22 20.22 20.22 20.25 20.26 20.37 20.35 20.40 20.40 20.39 20.36 20.36 20.37
16.99 17.04 17.09 17.14 17.19 17.23 17.27 17.32 17.36 17.41 17.46 17.50 17.55 17.61 17.66 17.71 17.69 17.75 17.80 17.86 17.96 18.04 18.13 18.20 18.29 18.34 18.39 18.34 18.46 18.49 18.50 18.37 18.46 18.44 18.42 18.39 18.39 18.30 18.28 18.30 18.31 18.35 18.37 18.54 18.65 18.73 18.73 18.76 18.71 18.85 19.02 19.01 19.30 19.38 19.21 19.40 19.40 19.67 19.71 20.00 20.15 20.19 19.98 20.03 20.07 20.12 20.14 20.14 20.15 20.25 20.25 20.27 20.28 20.28 20.24 20.25 20.24
16.92 16.97 17.02 17.06 17.11 17.15 17.19 17.23 17.28 17.33 17.37 17.42 17.47 17.53 17.59 17.65 17.64 17.71 17.61 17.72 17.86 17.84 18.02 18.11 18.18 18.22 18.20 18.26 18.31 18.36 18.34 18.25 18.31 18.30 18.28 18.28 18.23 18.21 18.13 18.25 18.13 18.17 18.25 18.35 18.51 18.66 18.62 18.66 18.64 18.57 18.85 18.95 19.15 19.25 19.21 19.27 19.34 19.49 19.56 19.81 19.82 20.01 19.88 19.86 19.90 19.94 19.99 20.00 20.03 20.11 20.09 20.15 20.15 20.18 20.16 20.16 20.15
16.85 16.89 16.93 16.97 17.02 17.06 17.11 17.15 17.19 17.24 17.29 17.34 17.40 17.45 17.51 17.57 17.52 17.58 17.67 17.74 17.72 17.84 17.88 17.98 18.04 18.11 18.15 18.15 18.14 18.20 18.08 18.15 18.08 18.08 18.05 18.11 18.08 18.01 18.01 18.01 17.99 18.04 18.07 18.18 18.28 18.38 18.49 18.55 18.53 18.62 18.57 18.80 18.89 18.97 19.05 19.09 19.11 19.24 19.35 19.59 19.73 19.79 19.72 19.67 19.74 19.79 19.79 19.82 19.89 19.95 19.93 19.96 19.99 20.03 20.04 20.05 20.04
16.78 16.81 16.86 16.90 16.94 16.98 17.03 17.07 17.12 17.17 17.22 17.27 17.33 17.39 17.45 17.51 17.57 17.52 17.65 17.58 17.71 17.77 17.84 17.89 17.79 18.00 18.02 18.00 18.02 17.51 17.70 17.96 17.95 17.94 17.96 17.92 17.95 17.93 17.90 17.86 17.87 17.87 17.93 18.03 18.12 18.24 18.27 18.41 18.31 18.44 18.39 18.47 18.66 18.70 18.88 18.91 18.86 18.99 19.19 19.35 19.52 19.60 19.54 19.45 19.54 19.60 19.61 19.58 19.68 19.80 19.78 19.80 19.86 19.90 19.92 19.92 19.92
16.70 16.73 16.76 16.81 16.85 16.90 16.95 16.99 17.04 17.10 17.15 17.21 17.26 17.33 17.39 17.44 17.51 17.46 17.56 17.56 17.64 17.70 17.66 17.81 17.82 17.73 17.93 17.97 17.91 17.70 17.53 17.63 17.67 17.76 17.68 17.74 17.70 17.75 17.74 17.71 17.74 17.75 17.81 17.89 17.98 18.07 18.17 18.17 18.33 18.23 18.22 18.18 18.51 18.56 18.64 18.79 18.76 18.85 18.93 19.25 19.29 19.44 19.22 19.31 19.37 19.40 19.45 19.46 19.49 19.63 19.58 19.66 19.71 19.75 19.77 19.79 19.80
16.61 16.65 16.68 16.73 16.77 16.82 16.86 16.92 16.98 17.03 17.08 17.14 17.20 17.26 17.32 17.38 17.44 17.50 17.44 17.55 17.57 17.65 17.67 17.72 17.78 17.81 17.75 17.87 17.88 17.81 17.66 17.47 17.66 17.64 17.66 17.59 17.60 17.59 17.63 17.64 17.60 17.63 17.67 17.76 17.85 17.88 17.97 18.05 18.11 18.18 18.18 18.10 18.06 18.41 18.49 18.57 18.61 18.55 18.77 18.96 19.15 19.21 19.26 19.19 19.21 19.26 19.30 19.32 19.36 19.49 19.48 19.50 19.55 19.58 19.62 19.63 19.66
16.52 16.56 16.60 16.64 16.70 16.74 16.79 16.84 16.90 16.96 17.02 17.08 17.13 17.20 17.26 17.32 17.38 17.44 17.44 17.50 17.39 17.56 17.61 17.56 17.67 17.78 17.74 17.76 17.77 17.78 17.79 17.61 17.28 17.58 17.57 17.45 17.47 17.52 17.52 17.54 17.52 17.51 17.55 17.64 17.67 17.72 17.83 17.91 17.97 18.06 18.01 18.01 18.11 18.17 18.34 18.28 18.44 18.43 18.64 18.83 19.00 19.12 18.99 19.00 19.08 19.16 19.18 19.18 19.20 19.32 19.33 19.36 19.39 19.40 19.43 19.44 19.51
16.44 16.47 16.52 16.57 16.62 16.66 16.72 16.78 16.83 16.89 16.95 17.01 17.07 17.13 17.19 17.26 17.32 17.38 17.41 17.39 17.45 17.48 17.58 17.50 17.53 17.68 17.72 17.58 17.74 17.74 17.75 17.62 17.46 17.14 17.46 17.40 17.42 17.37 17.37 17.40 17.46 17.46 17.44 17.53 17.52 17.57 17.65 17.74 17.83 17.80 17.89 17.91 17.95 17.95 18.13 18.21 18.21 18.31 18.56 18.74 18.82 18.96 18.78 18.86 18.94 19.00 19.01 19.00 19.07 19.07 19.15 19.20 19.24 19.25 19.27 19.28 19.34
16.35 16.39 16.44 16.48 16.54 16.59 16.65 16.70 16.76 16.82 16.87 16.93 17.00 17.06 17.12 17.19 17.25 17.31 17.38 17.38 17.38 17.38 17.51 17.57 17.57 17.52 17.57 17.61 17.54 17.61 17.69 17.69 17.42 17.34 17.41 17.32 17.26 17.27 17.29 17.30 17.35 17.33 17.33 17.36 17.37 17.44 17.51 17.56 17.69 17.67 17.71 17.83 17.81 17.84 17.79 18.10 18.12 18.33 18.57 18.64 18.69 18.75 18.67 18.70 18.76 18.82 18.86 18.88 18.94 18.96 19.00 19.04 19.08 19.08 19.08 19.10 19.19
16.27 16.31 16.36 16.41 16.47 16.52 16.58 16.63 16.69 16.75 16.80 16.87 16.92 16.98 17.05 17.11 17.17 17.24 17.31 17.33 17.33 17.37 17.45 17.52 17.57 17.62 17.54 17.57 17.58 17.62 17.64 17.64 17.61 17.36 17.09 17.37 17.28 17.22 17.20 17.20 17.21 17.26 17.21 17.25 17.30 17.34 17.34 17.49 17.47 17.53 17.60 17.58 17.72 17.70 17.78 17.67 18.14 18.38 18.43 18.46 18.53 18.61 18.62 18.64 18.65 18.69 18.75 18.77 18.80 18.81 18.83 18.86 18.90 18.91 18.90 18.99 19.05
16.19 16.24 16.29 16.34 16.39 16.44 16.49 16.55 16.61 16.66 16.72 16.78 16.84 16.90 16.97 17.03 17.09 17.16 17.23 17.29 17.30 17.36 17.36 17.47 17.53 17.60 17.52 17.64 17.57 17.58 17.60 17.60 17.56 17.55 17.15 17.29 17.17 17.16 17.08 17.09 17.10 17.14 17.12 17.16 17.20 17.18 17.27 17.36 17.37 17.39 17.49 17.53 17.65 17.58 17.61 17.68 18.01 17.99 18.09 18.26 18.35 18.44 18.42 18.46 18.51 18.52 18.56 18.61 18.61 18.62 18.65 18.69 18.71 18.74 18.78 18.82 18.87
16.12 16.16 16.21 16.26 16.32 16.37 16.42 16.47 16.53 16.58 16.64 16.70 16.75 16.81 16.88 16.94 17.01 17.08 17.15 17.20 17.25 17.31 17.33 17.31 17.48 17.43 17.46 17.57 17.58 17.56 17.49 17.56 17.56 17.51 17.41 17.07 17.13 17.08 17.05 17.04 17.01 17.07 17.07 17.09 17.11 17.10 17.17 17.24 17.29 17.25 17.35 17.43 17.38 17.44 17.45 17.55 17.83 17.99 17.99 18.04 18.09 18.18 18.30 18.25 18.26 18.30 18.32 18.41 18.39 18.42 18.45 18.50 18.53 18.54 18.58 18.62 18.67
16.05 16.09 16.14 16.19 16.23 16.29 16.34 16.40 16.44 16.50 16.55 16.61 16.66 16.72 16.78 16.85 16.91 16.98 17.04 17.11 17.19 17.26 17.26 17.21 17.42 17.50 17.48 17.54 17.61 17.57 17.54 17.51 17.47 17.46 17.40 17.21 17.15 17.06 17.01 16.97 16.90 16.95 17.00 17.00 17.00 17.00 17.07 17.14 17.09 17.12 17.22 17.26 17.11 17.30 17.24 17.40 17.43 17.63 17.83 17.75 17.87 17.87 17.92 18.01 18.08 18.06 18.08 18.09 18.11 18.18 18.23 18.31 18.33 18.36 18.39 18.41 18.42
15.98 16.02 16.06 16.12 16.16 16.22 16.26 16.31 16.36 16.41 16.47 16.52 16.56 16.62 16.68 16.74 16.80 16.88 16.94 17.01 17.10 17.15 17.16 17.17 17.37 17.45 17.44 17.57 17.53 17.61 17.52 17.50 17.45 17.39 17.36 17.27 16.95 17.05 16.95 16.83 16.80 16.82 16.88 16.88 16.89 16.89 16.94 16.96 16.95 16.91 17.06 17.17 17.09 17.22 17.20 17.18 17.15 17.49 17.61 17.58 17.63 17.70 17.67 17.74 17.81 17.83 17.84 17.82 17.69 16.87 17.98 18.06 18.15 18.18 18.20 18.21 18.21
15.91 15.95 15.99 16.04 16.09 16.13 16.18 16.23 16.28 16.32 16.37 16.42 16.46 16.51 16.57 16.62 16.67 16.72 16.81 16.90 16.99 17.10 17.11 17.20 17.15 17.36 17.42 17.50 17.58 17.47 17.46 17.44 17.34 17.36 17.31 17.28 17.14 17.00 16.89 16.85 16.76 16.79 16.86 16.84 16.79 16.80 16.83 16.85 16.84 16.82 16.84 16.93 16.96 17.09 17.05 16.95 17.28 17.35 17.37 17.38 17.41 17.43 17.49 17.54 17.63 17.59 17.60 17.61 17.44 16.01 17.55 17.84 17.91 17.89 17.98 18.01 17.90
15.84 15.88 15.93 15.96 16.01 16.06 16.10 16.14 16.19 16.23 16.28 16.32 16.36 16.41 16.45 16.51 16.39 16.57 16.63 16.76 16.88 17.00 17.06 17.07 17.09 17.29 17.36 17.47 17.54 17.47 17.41 17.36 17.33 17.27 17.23 17.20 16.97 16.94 16.88 16.84 16.80 16.77 16.75 16.70 16.72 16.70 16.68 16.67 16.67 16.68 16.70 16.77 16.80 16.88 16.99 17.07 17.20 17.17 17.14 17.22 17.20 17.21 17.23 17.09 17.29 17.36 17.38 17.39 16.80 15.72 13.54 17.54 17.74 17.63 17.68 17.63 17.54
15.77 15.81 15.86 15.89 15.93 15.98 16.02 16.07 16.11 16.15 16.19 16.22 16.26 16.30 16.33 16.38 16.42 16.39 16.49 16.67 16.76 16.90 16.99 17.01 17.11 17.19 17.28 17.33 17.34 17.37 17.30 17.28 17.24 17.14 17.13 17.09 17.06 16.92 16.90 16.82 16.68 16.67 16.62 16.61 16.58 16.58 16.54 16.57 16.53 16.51 16.50 16.63 16.70 16.90 16.81 16.96 17.08 16.90 16.93 16.98 17.06 17.05 17.00 16.90 16.68 17.04 16.98 17.02 17.10 16.69 15.53 16.16 17.10 17.50 17.57 17.54 17.45
15.71 15.74 15.79 15.82 15.86 15.90 15.94 15.98 16.02 16.06 16.09 16.12 16.16 16.19 16.22 16.25 16.30 16.35 16.46 16.60 16.67 16.80 16.90 16.95 17.00 17.06 17.15 17.17 17.23 17.22 17.17 17.15 17.09 16.99 17.03 16.99 16.97 16.70 16.74 16.73 16.66 16.63 16.60 16.53 16.44 16.47 16.48 16.41 16.38 16.34 16.35 16.48 16.64 16.80 16.83 16.85 16.93 16.70 16.78 16.84 16.86 16.84 16.58 16.09 16.55 16.81 16.73 16.47 14.98 16.24 15.15 13.66 17.20 17.30 17.36 17.32 16.89
15.63 15.67 15.71 15.75 15.79 15.83 15.86 15.90 15.94 15.97 16.01 16.04 16.07 16.09 16.11 16.14 16.14 16.24 16.25 16.47 16.57 16.68 16.80 16.87 16.89 16.89 17.01 17.03 16.90 17.08 17.02 17.03 16.98 16.91 16.91 16.91 16.88 16.85 16.66 16.62 16.43 16.44 16.45 16.46 16.36 16.33 16.31 16.21 16.23 16.54 16.35 16.60 16.51 16.75 16.66 16.62 16.59 16.58 16.88 16.75 16.58 16.51 14.88 16.51 16.59 16.55 16.62 15.62 15.80 15.85 15.17 15.33 16.54 17.14 17.17 17.10 16.58
