datasets/raw/temp/2019121620191216.grid
ncols 886
nrows 691
xllcenter 112.0000
yllcenter -44.5000
cellsize 0.0500
nodata_value 99999.90
[rows 340 to 373 of 691, columns 308 to 384 of 886]
39.12 39.07 39.17 39.19 39.20 39.25 39.19 39.12 39.00 38.86 38.68 38.60 38.41 38.18 37.85 37.88 38.06 38.10 38.06 37.92 37.68 37.84 37.91 38.08 38.17 38.17 38.19 38.21 38.22 38.19 38.17 38.15 38.12 38.09 38.15 38.13 38.06 38.05 38.00 38.13 38.20 38.35 38.43 38.52 38.51 38.62 38.67 38.72 38.65 38.83 38.84 39.01 39.10 39.27 39.46 39.59 39.59 39.68 39.95 39.96 40.16 40.25 40.31 40.37 40.40 40.47 40.42 40.61 40.70 40.77 40.83 40.88 40.84 40.85 40.78 40.86 40.85
39.12 39.13 39.20 39.25 39.35 39.30 39.29 39.20 39.04 38.91 38.75 38.59 38.43 38.24 38.08 38.12 38.04 38.11 38.21 38.12 37.99 37.91 37.99 38.07 38.19 38.29 38.29 38.31 38.33 38.30 38.30 38.34 38.29 38.28 38.25 38.20 38.16 38.16 38.19 38.23 38.37 38.42 38.58 38.60 38.60 38.57 38.67 38.72 38.78 38.61 38.85 38.92 39.20 39.38 39.57 39.72 39.75 39.90 40.05 40.13 40.26 40.34 40.40 40.26 40.42 40.50 40.43 40.58 40.75 40.80 40.89 40.96 41.00 40.98 40.96 40.93 40.98
39.22 39.12 39.21 39.15 39.20 39.22 39.40 39.33 39.24 39.03 38.75 38.50 38.43 38.31 38.12 38.08 38.25 38.29 38.22 38.26 38.25 38.05 38.18 38.23 38.05 38.32 38.41 38.42 38.46 38.40 38.31 38.42 38.44 38.41 38.36 38.31 38.23 38.40 38.42 38.49 38.49 38.57 38.19 38.58 38.68 38.60 38.63 38.74 38.58 38.93 39.04 39.20 39.34 39.54 39.70 39.80 39.89 40.05 40.17 40.29 40.36 40.40 40.46 40.45 40.43 40.43 40.44 40.62 40.61 40.68 40.90 40.97 41.02 41.04 41.04 41.04 41.12
39.43 39.30 39.33 39.47 39.36 39.41 39.49 39.43 39.29 39.12 38.93 38.66 38.55 38.28 38.33 38.33 38.23 38.20 38.02 38.33 38.41 38.29 38.22 38.45 38.24 38.41 38.56 38.56 38.57 38.57 38.52 38.44 38.40 38.54 38.52 38.43 38.39 38.51 38.63 38.67 38.69 38.69 38.69 38.76 38.85 38.73 38.17 38.49 38.93 39.19 39.19 39.27 39.48 39.55 39.82 39.96 40.04 40.18 40.28 40.35 40.39 40.46 40.47 40.48 40.48 40.44 40.58 40.69 40.70 40.77 40.77 40.83 41.06 41.05 41.11 41.17 41.24
39.46 39.55 39.63 39.68 39.62 39.58 39.63 39.46 39.36 39.15 39.05 38.89 38.74 38.70 38.48 38.30 38.24 38.22 38.26 38.38 38.50 38.55 38.33 38.44 38.43 38.61 38.70 38.69 38.70 38.67 38.58 38.57 38.46 38.61 38.62 38.59 38.50 38.60 38.77 38.84 38.82 38.79 38.87 38.97 39.04 39.07 39.06 39.14 39.20 39.34 39.31 39.45 39.56 39.78 39.93 40.09 40.18 40.28 40.40 40.45 40.47 40.46 40.41 40.40 40.44 40.53 40.65 40.68 40.73 40.85 40.96 41.04 41.12 41.17 41.20 41.18 41.31
39.74 39.66 39.78 39.83 39.88 39.77 39.70 39.59 39.36 39.15 39.00 39.08 38.89 38.71 38.54 38.63 38.56 38.50 38.62 38.66 38.75 38.73 38.57 38.66 38.64 38.81 38.84 38.84 38.87 38.83 38.76 38.69 38.72 38.62 38.71 38.69 38.61 38.72 38.92 38.97 39.00 39.03 39.08 39.14 39.20 39.25 39.29 39.35 39.45 39.45 39.49 39.62 39.75 39.88 40.07 40.18 40.31 40.41 40.46 40.51 40.53 40.51 40.47 40.38 40.57 40.64 40.65 40.80 40.84 40.92 41.04 41.11 41.17 41.23 41.27 41.29 41.36
39.97 39.86 39.94 40.04 39.99 39.92 39.80 39.67 39.41 39.13 39.26 39.24 38.99 38.72 38.57 38.62 38.64 38.84 38.82 38.72 38.70 38.73 38.90 38.86 38.76 38.96 38.98 38.97 39.01 39.00 38.95 38.87 38.90 39.00 38.99 38.91 38.74 38.91 39.07 39.10 39.16 39.22 39.27 39.31 39.36 39.41 39.48 39.55 39.63 39.63 39.71 39.66 39.81 39.95 40.19 40.30 40.41 40.49 40.54 40.60 40.61 40.57 40.51 40.52 40.70 40.79 40.76 40.78 40.90 41.04 41.18 41.21 41.25 41.27 41.33 41.36 41.37
40.14 40.19 40.10 40.13 40.11 40.06 39.92 39.76 39.42 39.32 39.23 39.45 39.16 39.10 38.89 38.64 38.76 38.93 38.83 38.72 38.75 38.83 38.93 39.12 39.00 39.10 39.10 39.11 39.15 39.16 39.16 39.14 39.15 39.20 39.17 39.17 39.10 39.11 39.21 39.21 39.21 39.36 39.43 39.46 39.50 39.59 39.66 39.71 39.80 39.83 39.85 39.88 40.06 40.16 40.31 40.43 40.51 40.57 40.63 40.63 40.64 40.60 40.55 40.58 40.73 40.89 40.89 40.90 40.96 41.08 41.19 41.28 41.31 41.34 41.40 41.43 41.47
40.47 40.42 40.37 40.31 40.27 40.18 40.13 39.94 39.68 39.38 39.24 39.43 39.46 39.25 39.14 38.99 38.83 38.92 38.77 38.90 38.93 38.94 38.94 39.15 39.24 39.22 39.26 39.25 39.30 39.33 39.37 39.35 39.35 39.38 39.33 39.38 39.35 39.37 39.39 39.39 39.44 39.50 39.55 39.60 39.67 39.76 39.84 39.90 39.96 40.06 40.10 40.22 40.27 40.31 40.44 40.47 40.51 40.57 40.64 40.55 40.60 40.55 40.55 40.69 40.84 40.96 41.05 41.09 41.16 41.15 41.17 41.28 41.39 41.43 41.46 41.49 41.50
40.53 40.59 40.53 40.47 40.38 40.17 40.09 39.96 39.78 39.51 39.36 39.45 39.55 39.57 39.37 39.32 39.07 39.00 39.12 38.96 38.86 38.89 39.12 39.19 39.39 39.31 39.37 39.34 39.46 39.48 39.52 39.51 39.50 39.51 39.50 39.51 39.50 39.55 39.61 39.58 39.65 39.65 39.68 39.70 39.83 39.91 39.99 40.07 40.15 40.23 40.30 40.41 40.50 40.59 40.59 40.53 40.43 40.49 40.66 40.70 40.63 40.62 40.80 40.89 41.01 41.08 41.07 41.23 41.31 41.26 41.36 41.32 41.45 41.47 41.53 41.51 41.58
40.54 40.69 40.67 40.59 40.45 40.26 40.00 39.96 39.80 39.60 39.50 39.47 39.51 39.75 39.66 39.34 39.16 39.40 39.32 39.06 39.06 39.03 39.10 39.23 39.50 39.59 39.55 39.42 39.53 39.64 39.69 39.68 39.65 39.67 39.69 39.68 39.72 39.71 39.71 39.74 39.76 39.75 39.80 39.89 39.89 40.12 40.19 40.27 40.33 40.42 40.49 40.56 40.62 40.70 40.75 40.71 40.67 40.72 40.70 40.77 40.74 40.82 40.78 40.83 41.10 41.18 41.24 41.28 41.41 41.42 41.45 41.43 41.47 41.52 41.58 41.61 41.61
40.72 40.75 40.79 40.71 40.52 40.44 40.18 40.00 39.85 39.65 39.74 39.72 39.63 39.84 39.81 39.56 39.56 39.61 39.41 39.33 39.20 39.11 39.24 39.37 39.58 39.73 39.81 39.78 39.62 39.79 39.84 39.82 39.84 39.82 39.83 39.85 39.84 39.84 39.85 39.84 39.85 39.88 39.93 40.05 40.17 40.25 40.34 40.41 40.51 40.57 40.68 40.76 40.81 40.85 40.87 40.84 40.87 40.90 40.97 40.97 40.98 40.95 40.98 40.96 41.09 41.25 41.37 41.37 41.51 41.52 41.58 41.51 41.57 41.59 41.66 41.67 41.69
40.83 40.92 40.92 40.85 40.80 40.62 40.47 40.30 40.05 39.72 39.83 39.82 39.72 39.88 39.96 39.95 39.84 39.78 39.63 39.63 39.50 39.22 39.33 39.61 39.71 39.84 39.85 39.98 39.98 40.00 40.03 39.98 40.01 39.99 40.00 40.00 39.99 39.99 40.01 39.91 39.92 39.98 40.09 40.19 40.39 40.42 40.51 40.61 40.70 40.74 40.80 40.92 40.95 41.00 41.02 41.02 40.96 41.08 41.16 41.13 41.03 41.07 41.16 41.16 41.17 41.42 41.52 41.55 41.58 41.67 41.68 41.65 41.62 41.53 41.72 41.74 41.78
40.74 40.83 40.89 40.94 40.93 40.76 40.61 40.40 40.14 40.13 39.97 39.82 39.88 39.87 40.01 40.18 40.09 40.00 39.99 39.85 39.65 39.50 39.59 39.80 39.89 39.89 39.89 40.09 40.17 40.22 40.24 40.25 40.22 40.24 40.19 40.22 40.21 40.18 40.15 40.07 39.96 40.12 40.23 40.37 40.48 40.58 40.68 40.75 40.85 40.91 40.99 41.05 41.10 41.13 41.18 41.11 41.16 41.27 41.27 41.04 41.12 41.32 41.31 41.38 41.46 41.51 41.65 41.69 41.69 41.77 41.75 41.78 41.76 41.77 41.80 41.82 41.85
40.96 41.05 41.13 41.16 41.07 40.94 40.84 40.64 40.51 40.22 40.04 39.93 39.99 40.11 40.26 40.18 40.17 40.27 40.25 40.12 39.94 39.85 39.66 39.92 39.98 39.88 40.10 40.24 40.31 40.42 40.42 40.42 40.47 40.42 40.42 40.40 40.37 40.40 40.37 40.35 40.22 40.01 40.22 40.43 40.57 40.66 40.76 40.87 40.97 41.05 41.11 41.19 41.23 41.30 41.35 41.35 41.35 41.41 41.46 41.42 41.42 41.40 41.50 41.58 41.62 41.69 41.70 41.80 41.81 41.87 41.88 41.88 41.88 41.86 41.87 41.88 41.88
41.15 41.09 41.18 41.24 41.12 41.16 41.01 40.80 40.80 40.57 40.30 40.20 40.39 40.24 40.16 40.20 40.39 40.22 40.40 40.39 40.27 40.06 40.06 39.89 39.95 40.04 40.17 40.38 40.59 40.61 40.59 40.55 40.49 40.49 40.53 40.56 40.50 40.40 40.44 40.41 40.28 40.17 40.17 40.44 40.58 40.67 40.77 40.89 41.03 41.12 41.23 41.31 41.39 41.46 41.49 41.54 41.56 41.63 41.64 41.72 41.68 41.62 41.68 41.64 41.80 41.85 41.84 41.84 41.91 41.95 41.95 41.95 41.91 41.93 41.94 41.90 41.90
41.06 41.16 41.19 41.23 41.00 41.24 41.23 41.02 40.98 40.76 40.66 40.39 40.32 40.30 40.47 40.45 40.30 40.45 40.68 40.71 40.51 40.47 40.41 40.15 40.19 40.22 40.43 40.61 40.78 40.83 40.83 40.83 40.76 40.86 40.71 40.65 40.70 40.53 40.55 40.39 40.54 40.52 40.42 40.55 40.53 40.57 40.59 40.71 40.84 41.01 41.16 41.38 41.51 41.57 41.65 41.70 41.76 41.81 41.85 41.83 41.79 41.80 41.76 41.75 41.77 41.80 42.05 42.02 41.98 42.03 42.02 42.00 41.86 41.92 41.98 42.04 41.98
41.01 40.96 41.21 41.18 41.00 41.31 41.43 41.37 41.15 40.97 40.83 40.65 40.48 40.48 40.62 40.42 40.63 40.62 40.69 40.79 40.91 40.64 40.65 40.38 40.43 40.57 40.64 40.76 40.91 41.03 41.05 41.02 40.97 40.99 41.00 40.88 40.85 40.79 40.65 40.51 40.78 40.92 40.74 41.00 40.94 41.00 40.96 41.18 41.15 41.15 41.06 41.29 41.50 41.70 41.81 41.88 41.91 41.97 41.85 41.73 41.72 41.88 41.75 41.55 41.67 41.97 41.98 42.07 42.12 42.14 42.14 42.18 42.13 41.99 41.77 41.88 41.88
40.99 41.14 41.24 41.06 41.28 41.42 41.50 41.52 41.32 41.08 40.99 40.77 40.69 40.56 40.64 40.54 40.58 40.67 40.91 41.01 41.10 40.95 40.79 40.69 40.49 40.66 40.55 40.86 41.06 41.22 41.29 41.29 41.20 41.00 40.98 41.02 40.99 40.95 40.90 40.69 40.96 41.12 41.21 41.28 41.36 41.40 41.16 41.55 41.55 41.28 41.24 41.23 41.36 41.55 41.71 41.93 42.04 42.11 42.17 42.08 41.88 41.88 41.74 41.73 41.84 41.75 41.88 42.03 42.19 42.22 42.22 42.27 42.15 41.90 41.97 41.97 42.12
41.28 41.34 41.42 41.44 41.50 41.53 41.64 41.73 41.46 41.44 41.26 41.01 40.87 40.81 40.87 40.70 40.82 41.01 40.99 41.06 41.27 41.30 41.04 41.02 40.78 40.82 40.77 40.96 41.18 41.22 41.40 41.49 41.57 41.32 41.15 41.23 41.26 41.17 41.03 41.00 41.11 41.30 41.38 41.18 41.37 41.38 41.62 41.74 41.78 41.61 41.64 41.65 41.60 41.75 41.89 41.93 42.06 42.24 42.28 42.24 42.19 41.91 41.86 41.88 41.80 41.85 41.99 42.22 42.29 42.31 42.33 42.36 42.32 42.19 42.19 42.34 42.42
41.38 41.49 41.45 41.44 41.43 41.70 41.88 41.85 41.65 41.60 41.38 41.16 41.09 40.99 40.96 41.19 41.15 40.92 41.15 41.26 41.45 41.39 41.19 41.03 41.03 41.13 40.95 41.09 41.08 41.35 41.56 41.73 41.74 41.53 41.38 41.60 41.42 41.40 41.28 41.08 41.25 41.25 41.31 41.26 41.43 41.71 41.97 41.84 41.83 42.01 41.80 41.76 42.01 42.10 42.21 42.18 42.37 42.33 42.28 42.44 42.38 42.28 42.25 41.98 41.99 41.89 42.08 42.15 42.06 42.24 42.41 42.41 42.43 42.33 42.34 42.55 42.44
41.64 41.59 41.61 41.62 41.57 41.75 42.02 42.02 41.87 41.71 41.47 41.33 41.45 41.36 41.17 41.23 41.46 41.15 41.45 41.51 41.72 41.62 41.38 41.37 41.44 41.34 41.17 41.29 41.48 41.62 41.78 41.93 41.96 41.77 41.78 41.84 41.74 41.57 41.59 41.53 41.66 41.58 41.30 41.62 41.91 42.03 42.09 41.87 42.16 42.25 42.14 41.95 41.87 42.14 42.24 42.52 42.56 42.42 42.45 42.58 42.43 42.36 42.43 42.38 42.20 42.18 42.48 42.52 42.52 42.50 42.48 42.49 42.57 42.37 42.53 42.64 42.44
41.92 41.96 41.96 41.84 42.04 42.04 42.19 42.07 42.15 41.99 41.80 41.59 41.68 41.70 41.49 41.61 41.54 41.69 41.68 41.86 41.97 41.75 41.65 41.72 41.56 41.46 41.47 41.44 41.63 41.69 41.92 42.10 42.21 42.14 42.10 41.96 41.81 41.94 41.96 41.93 41.92 41.87 41.69 41.63 41.88 41.81 41.90 42.02 42.34 42.52 42.54 42.25 42.16 42.30 42.43 42.53 42.71 42.72 42.73 42.63 42.78 42.80 42.61 42.60 42.37 42.15 42.36 42.57 42.63 42.53 42.62 42.63 42.63 42.56 42.65 42.66 42.62
41.92 41.92 42.01 41.93 41.98 42.10 42.11 42.14 42.34 42.28 42.09 42.05 42.00 41.99 41.73 41.96 41.77 42.06 41.88 42.14 42.06 41.98 42.09 41.94 41.77 41.83 41.83 41.70 41.90 41.99 42.15 42.36 42.42 42.40 42.42 42.22 42.15 42.22 42.23 42.26 42.14 42.17 42.08 42.00 41.94 41.97 42.17 42.41 42.60 42.68 42.80 42.52 42.65 42.72 42.66 42.78 42.83 42.93 42.81 42.81 42.88 42.83 42.66 42.62 42.53 42.32 42.29 42.54 42.60 42.59 42.70 42.75 42.67 42.75 42.72 42.73 42.72
42.17 42.09 42.09 42.17 42.24 42.16 42.07 42.24 42.54 42.59 42.50 42.39 42.19 42.23 42.14 42.24 42.02 42.25 42.39 42.30 42.26 42.22 42.06 42.00 42.08 42.02 42.27 42.03 42.08 42.31 42.51 42.49 42.67 42.61 42.65 42.48 42.51 42.53 42.59 42.53 42.45 42.38 42.29 42.31 42.20 42.35 42.38 42.61 42.71 42.75 42.95 42.97 42.88 42.72 42.74 42.86 42.87 43.09 43.00 43.00 42.98 42.94 42.87 42.80 42.74 42.67 42.48 42.50 42.42 42.62 42.79 42.68 42.87 42.85 42.85 42.78 42.85
42.37 42.38 42.19 42.22 42.35 42.26 42.41 42.65 42.61 42.69 42.69 42.63 42.46 42.29 42.54 42.54 42.30 42.52 42.62 42.39 42.63 42.51 42.46 42.22 42.42 42.33 42.54 42.42 42.25 42.26 42.51 42.77 42.90 42.90 42.90 42.88 42.91 42.85 42.76 42.83 42.81 42.68 42.50 42.61 42.49 42.54 42.74 42.69 42.94 42.99 43.09 43.02 42.92 42.77 42.88 43.02 43.27 43.15 43.26 43.12 43.03 43.08 43.06 42.98 42.97 42.84 42.87 42.94 42.79 42.86 42.83 43.02 42.96 42.94 42.93 42.92 42.94
42.70 42.60 42.38 42.48 42.56 42.60 42.65 42.53 42.75 42.90 42.92 42.91 42.73 42.71 42.71 42.82 42.67 42.84 42.90 42.48 42.86 42.73 42.51 42.43 42.51 42.77 42.66 42.57 42.53 42.59 42.82 42.99 43.09 43.14 43.10 43.09 43.11 43.09 42.92 42.94 42.88 42.91 42.88 42.80 42.63 42.62 42.82 43.06 43.15 43.04 43.16 43.04 43.01 42.97 43.11 43.28 43.21 43.22 43.48 43.48 43.44 43.41 43.41 43.31 43.16 43.07 42.98 42.97 42.82 42.96 43.13 43.14 43.02 42.84 43.01 42.76 43.01
42.97 42.89 42.70 42.60 42.69 42.81 42.68 42.69 42.88 43.12 43.02 43.19 43.09 42.98 42.86 42.99 43.14 43.14 43.10 42.80 43.10 42.92 42.86 42.86 42.86 43.10 43.03 43.02 42.84 42.82 43.00 43.17 43.37 43.31 43.30 43.11 43.16 43.22 43.09 43.07 43.08 43.01 43.11 43.03 42.93 43.06 43.00 43.13 43.20 43.22 43.20 43.12 43.14 43.45 43.30 43.30 43.36 43.47 43.57 43.45 43.72 43.69 43.40 43.38 43.33 43.15 43.00 42.88 42.87 43.09 43.14 43.09 42.97 42.90 42.91 42.96 42.99
43.26 43.18 42.98 42.82 42.85 42.88 42.80 42.92 43.09 43.18 43.20 43.32 43.33 43.29 43.17 43.04 43.18 43.31 43.35 43.22 43.39 43.32 43.29 43.19 43.28 43.42 43.30 43.16 43.06 43.15 43.33 43.49 43.60 43.52 43.33 43.24 43.22 43.33 43.37 43.35 43.33 43.41 43.40 43.26 43.32 43.42 43.17 43.18 43.18 43.39 43.43 43.23 43.25 43.43 43.34 43.51 43.47 43.63 43.57 43.69 43.84 43.85 43.71 43.61 43.54 43.36 43.38 43.19 43.17 43.09 43.13 43.21 43.20 43.29 43.30 43.20 43.22
43.44 43.45 43.31 43.19 43.15 43.24 43.12 43.10 43.20 43.31 43.35 43.53 43.46 43.60 43.45 43.32 43.31 43.45 43.67 43.70 43.73 43.58 43.62 43.44 43.62 43.63 43.62 43.59 43.37 43.48 43.57 43.81 43.83 43.73 43.65 43.64 43.65 43.74 43.79 43.71 43.67 43.55 43.54 43.75 43.68 43.54 43.56 43.42 43.33 43.39 43.43 43.38 43.42 43.52 43.50 43.58 43.61 43.52 43.72 43.85 43.99 44.02 44.01 43.94 43.83 43.72 43.51 43.61 43.34 43.30 43.40 43.33 43.50 43.46 43.53 43.49 43.41
43.60 43.61 43.58 43.53 43.57 43.53 43.58 43.56 43.62 43.59 43.62 43.72 43.88 43.75 43.62 43.57 43.49 43.69 43.77 43.76 43.89 43.95 43.95 43.89 44.00 43.93 43.96 43.95 43.90 43.88 43.97 44.05 44.02 44.05 44.06 44.09 44.08 43.99 43.94 43.87 43.81 43.84 43.92 43.97 43.82 43.76 43.88 43.63 43.67 43.75 43.78 43.83 43.69 43.86 43.74 43.94 44.00 44.00 43.76 43.90 43.95 44.06 44.18 44.13 43.92 43.80 43.82 43.88 43.69 43.43 43.57 43.62 43.62 43.52 43.53 43.42 43.53
43.77 43.76 43.84 43.85 43.90 43.80 43.81 43.78 43.80 43.80 43.87 44.00 44.12 44.13 43.99 43.99 43.95 44.09 44.13 44.15 44.17 44.11 44.11 44.15 44.07 44.14 44.21 44.14 44.24 44.25 44.26 44.17 44.21 44.29 44.30 44.31 44.21 44.29 44.12 44.13 44.15 44.26 44.31 44.28 44.23 44.21 44.14 43.96 43.78 44.05 44.17 44.04 44.09 43.88 44.07 43.96 44.11 44.31 44.16 43.98 44.14 44.38 44.35 44.25 44.30 44.13 44.20 44.02 43.79 43.57 43.50 43.63 43.64 43.52 43.63 43.63 43.59
44.03 44.11 44.10 44.11 44.19 44.19 44.22 44.16 44.17 44.15 44.13 44.20 44.23 44.22 44.31 44.31 44.25 44.36 44.43 44.46 44.47 44.45 44.27 44.12 44.37 44.46 44.44 44.41 44.46 44.47 44.48 44.42 44.43 44.57 44.48 44.43 44.53 44.57 44.51 44.57 44.54 44.58 44.49 44.49 44.35 44.41 44.34 44.17 44.09 44.04 44.27 44.39 44.51 44.33 44.31 44.31 44.43 44.45 44.41 44.40 44.49 44.50 44.53 44.49 44.40 44.34 44.23 44.01 43.91 43.78 43.74 43.63 43.57 43.64 43.72 43.59 43.66
44.22 44.32 44.36 44.34 44.39 44.45 44.43 44.41 44.34 44.38 44.44 44.51 44.53 44.51 44.54 44.55 44.57 44.67 44.59 44.70 44.71 44.69 44.67 44.48 44.49 44.66 44.57 44.59 44.65 44.72 44.70 44.73 44.63 44.75 44.65 44.72 44.76 44.69 44.69 44.76 44.69 44.74 44.69 44.55 44.55 44.45 44.43 44.45 44.41 44.61 44.58 44.57 44.76 44.57 44.37 44.45 44.63 44.70 44.77 44.77 44.75 44.73 44.71 44.66 44.47 44.46 44.24 44.11 44.04 44.02 44.07 43.96 43.87 43.85 43.72 43.74 43.81
