datasets/raw/temp/2019101120191011.grid
ncols 886
nrows 691
xllcenter 112.0000
yllcenter -44.5000
cellsize 0.0500
nodata_value 99999.90
[rows 408 to 441 of 691, columns 616 to 692 of 886]
26.08 26.09 26.07 25.95 25.70 25.73 25.42 25.58 25.46 25.40 25.38 25.23 25.31 25.53 25.68 25.72 25.76 25.74 25.74 25.80 25.81 25.76 25.75 25.79 25.79 25.75 25.74 25.77 25.80 25.81 25.78 25.80 25.82 25.84 25.86 25.85 25.88 25.84 25.86 25.79 25.80 25.72 25.71 25.55 25.74 25.88 25.96 25.94 25.97 25.86 25.98 26.03 25.97 26.05 26.05 25.97 25.95 25.95 25.97 25.96 25.96 25.97 25.93 25.99 26.04 26.06 26.07 26.09 26.10 26.09 26.08 26.04 26.04 25.92 25.95 25.95 26.00
25.94 26.04 26.02 25.96 25.87 25.76 25.67 25.45 25.40 25.31 25.60 25.62 25.43 25.66 25.63 25.70 25.73 25.73 25.74 25.78 25.77 25.74 25.69 25.77 25.77 25.76 25.76 25.76 25.75 25.75 25.74 25.77 25.80 25.82 25.83 25.83 25.74 25.75 25.77 25.64 25.68 25.68 25.42 25.70 25.79 25.85 25.92 25.95 25.98 25.98 26.02 25.93 25.90 25.90 25.95 25.91 25.90 25.89 25.88 25.90 25.89 25.87 25.85 25.87 25.95 25.99 25.98 26.02 26.05 26.04 25.99 25.98 25.99 25.97 25.87 25.80 25.82
25.86 25.93 25.93 25.90 25.89 25.78 25.71 25.62 25.51 25.15 25.61 25.67 25.68 25.71 25.73 25.70 25.70 25.72 25.72 25.73 25.69 25.66 25.66 25.72 25.72 25.72 25.71 25.67 25.73 25.71 25.71 25.73 25.75 25.79 25.78 25.78 25.68 25.54 25.61 25.61 25.65 25.66 25.71 25.73 25.88 25.85 25.87 25.85 25.85 25.85 25.83 25.81 25.80 25.83 25.86 25.83 25.79 25.80 25.77 25.81 25.75 25.76 25.79 25.82 25.87 25.91 25.93 25.92 25.96 25.95 25.94 25.92 25.85 25.77 25.73 25.61 25.62
25.76 25.83 25.83 25.82 25.81 25.70 25.69 25.65 25.51 25.13 25.30 25.66 25.63 25.63 25.65 25.68 25.65 25.70 25.70 25.70 25.63 25.65 25.68 25.69 25.67 25.68 25.70 25.64 25.66 25.67 25.73 25.71 25.74 25.77 25.73 25.73 25.67 25.59 25.62 25.66 25.72 25.74 25.78 25.82 25.83 25.82 25.86 25.77 25.77 25.79 25.74 25.73 25.72 25.79 25.78 25.74 25.72 25.60 25.55 25.68 25.73 25.73 25.74 25.77 25.83 25.84 25.85 25.86 25.87 25.81 25.79 25.84 25.79 25.69 25.50 25.45 25.45
25.69 25.77 25.75 25.75 25.73 25.64 25.61 25.54 25.46 25.05 25.41 25.45 25.39 25.35 25.63 25.64 25.62 25.63 25.67 25.67 25.60 25.64 25.64 25.66 25.67 25.67 25.69 25.66 25.69 25.68 25.67 25.66 25.70 25.67 25.38 25.60 25.57 25.58 25.64 25.68 25.71 25.72 25.73 25.79 25.76 25.81 25.76 25.72 25.71 25.69 25.62 25.65 25.58 25.66 25.67 25.65 25.58 25.39 25.05 24.80 25.59 25.67 25.66 25.69 25.73 25.77 25.76 25.79 25.69 25.79 25.80 25.76 25.57 25.58 25.57 25.47 25.59
25.52 25.61 25.66 25.68 25.57 25.61 25.35 25.25 25.07 24.99 25.11 25.26 25.05 25.30 25.55 25.64 25.70 25.71 25.66 25.64 25.62 25.63 25.64 25.65 25.67 25.65 25.65 25.67 25.66 25.68 25.68 25.67 25.67 25.65 25.61 25.61 25.62 25.63 25.67 25.66 25.74 25.69 25.73 25.69 25.57 25.69 25.68 25.64 25.61 25.63 25.62 25.57 25.44 25.58 25.54 25.51 25.46 25.35 25.25 25.24 25.37 25.59 25.57 25.58 25.63 25.68 25.69 25.64 25.66 25.73 25.72 25.73 25.66 25.63 25.47 25.34 25.39
25.50 25.56 25.60 25.61 25.64 25.56 25.47 25.17 25.00 25.14 25.42 25.41 25.28 25.10 25.54 25.71 25.71 25.68 25.64 25.62 25.62 25.62 25.64 25.64 25.60 25.59 25.62 25.63 25.64 25.66 25.66 25.60 25.62 25.61 25.63 25.61 25.54 25.61 25.63 25.62 25.62 25.68 25.65 25.63 25.63 25.60 25.05 25.50 25.57 25.57 25.55 25.53 25.51 25.46 25.41 25.33 25.30 25.17 25.26 25.03 25.44 25.48 25.49 25.50 25.53 25.58 25.59 25.61 25.64 25.63 25.35 25.61 25.65 25.55 25.46 25.45 25.42
25.42 25.49 25.53 25.55 25.59 25.56 25.44 25.01 25.09 25.17 25.37 25.43 25.50 25.25 25.19 25.28 25.68 25.66 25.52 25.49 25.54 25.60 25.60 25.62 25.60 25.55 25.59 25.53 25.56 25.63 25.62 25.60 25.58 25.58 25.57 25.56 25.56 25.55 25.59 25.60 25.56 25.57 25.47 25.57 25.54 25.50 25.32 25.11 25.46 25.49 25.48 25.45 25.45 25.42 25.34 25.27 25.16 25.09 25.25 25.36 25.42 25.37 25.09 25.34 25.26 25.35 25.47 25.51 25.54 25.46 25.45 25.47 25.56 25.42 25.50 25.40 25.53
25.36 25.38 25.47 25.52 25.56 25.55 25.49 25.32 25.32 25.35 25.31 25.35 25.49 25.48 25.34 25.37 25.65 25.62 25.55 25.56 25.57 25.56 25.56 25.58 25.54 25.58 25.52 25.57 25.56 25.54 25.56 25.53 25.53 25.53 25.49 25.51 25.50 25.56 25.50 25.56 25.49 25.28 25.22 25.19 25.36 24.78 25.22 25.29 25.37 25.41 25.38 25.30 25.33 25.26 25.20 25.13 25.03 25.06 25.13 25.29 25.34 25.32 25.23 25.12 25.17 25.24 25.34 25.43 25.40 25.36 25.37 25.40 25.45 25.47 25.49 25.48 25.45
25.35 25.32 25.44 25.49 25.50 25.48 25.46 25.61 25.60 25.57 25.52 25.58 25.55 25.57 25.45 24.91 25.64 25.60 25.33 25.44 25.37 25.24 25.49 25.53 25.52 25.53 25.54 25.51 25.54 25.51 25.51 25.50 25.41 25.19 25.44 25.49 25.45 25.47 25.46 25.47 25.42 25.39 25.36 25.34 25.26 25.10 24.90 24.89 25.27 25.29 25.24 25.22 25.15 25.08 25.04 25.02 24.94 25.00 25.06 25.22 25.27 25.20 25.03 24.87 24.96 25.13 25.21 25.33 25.33 25.12 25.22 25.37 25.37 25.39 25.39 25.36 25.23
25.30 25.32 25.39 25.36 25.42 25.50 25.26 25.44 25.55 25.62 25.62 25.63 25.61 25.57 25.57 25.49 25.60 25.39 25.22 25.42 25.28 25.12 25.28 25.46 25.50 25.48 25.50 25.47 25.48 25.49 25.45 25.46 25.41 25.42 25.44 25.44 25.43 25.37 25.36 25.37 25.30 25.29 25.27 25.21 25.17 25.06 24.89 24.75 25.10 25.15 25.16 25.17 25.13 25.07 25.06 24.91 24.87 24.90 25.06 25.14 25.18 25.14 25.08 24.94 24.88 24.85 25.23 25.24 25.09 24.96 25.19 25.27 25.27 25.28 25.31 25.26 25.18
25.21 25.33 25.37 25.49 25.46 25.42 25.42 25.05 25.51 25.59 25.58 25.60 25.61 25.61 25.56 25.53 25.58 25.14 24.99 25.04 25.13 24.82 25.20 25.35 24.89 25.36 25.45 25.44 25.44 25.38 25.40 25.41 25.37 25.35 25.31 25.33 25.34 25.29 25.25 25.24 25.17 25.19 25.14 25.12 25.04 24.98 24.91 24.64 24.89 25.04 25.01 25.05 25.00 24.92 24.95 24.82 24.79 24.93 25.02 25.06 25.07 25.00 24.47 24.92 24.96 24.99 25.10 25.09 24.96 24.93 25.08 25.20 25.21 25.16 25.18 25.18 25.16
25.30 25.30 25.33 25.44 25.45 25.39 25.51 25.49 25.52 25.56 25.57 25.57 25.56 25.58 25.58 25.57 25.55 25.36 25.18 25.16 25.34 25.27 25.13 25.20 25.01 24.88 25.20 25.38 25.32 25.35 25.32 25.33 25.29 25.26 25.23 25.23 25.22 25.19 25.16 25.14 25.08 25.05 25.01 25.00 24.96 24.85 24.53 24.38 24.33 24.36 24.88 24.88 24.91 24.64 24.75 24.63 24.54 24.82 24.93 24.90 24.97 24.85 24.74 24.75 24.77 24.85 24.87 24.88 24.97 24.83 24.95 25.09 25.11 25.07 25.01 25.04 25.08
25.27 25.29 25.30 25.29 25.34 25.43 25.46 25.49 25.49 25.53 25.53 25.52 25.51 25.51 25.55 25.51 25.52 25.45 25.33 25.26 25.38 25.35 25.28 25.24 24.43 25.28 25.35 25.34 25.32 25.29 25.27 25.29 25.23 25.19 25.15 25.15 25.14 25.11 25.03 25.01 24.96 24.97 24.92 24.91 24.89 24.78 24.45 24.28 23.92 24.45 24.50 24.77 24.66 24.75 24.57 24.58 24.53 24.73 24.85 24.87 24.91 24.84 24.75 24.73 24.66 24.75 24.69 24.63 24.73 24.78 24.80 24.93 25.05 25.00 24.92 24.83 24.89
25.11 25.09 25.08 25.33 25.37 25.38 25.41 25.41 25.44 25.46 25.48 25.47 25.50 25.50 25.48 25.45 25.46 25.44 25.28 25.45 25.43 25.39 25.28 25.27 25.18 25.30 25.28 25.26 25.25 25.23 25.21 25.16 25.11 25.14 25.10 25.04 25.02 24.98 24.92 24.89 24.86 24.87 24.83 24.81 24.75 24.68 24.55 24.46 23.92 23.92 24.26 24.32 24.62 24.55 24.59 24.49 24.40 24.58 24.68 24.79 24.82 24.84 24.73 24.77 24.72 24.64 24.62 24.51 24.53 24.68 24.81 24.92 24.98 24.87 24.76 24.67 24.67
24.78 24.90 25.13 25.27 25.32 25.37 25.39 25.39 25.41 25.42 25.44 25.45 25.47 25.47 25.48 25.46 25.45 25.35 25.15 25.40 25.41 25.37 25.27 25.25 25.17 25.29 25.24 25.22 25.16 25.18 25.12 25.08 25.08 25.03 24.99 24.94 24.88 24.86 24.83 24.76 24.75 24.74 24.75 24.73 24.67 24.59 24.46 24.01 23.63 24.01 23.81 23.96 24.42 24.39 24.44 24.51 24.50 24.50 24.58 24.59 24.71 24.65 24.76 24.71 24.66 24.46 24.45 24.47 24.37 24.39 24.51 24.87 24.85 24.82 24.79 24.66 24.45
24.72 24.98 25.14 25.23 25.30 25.32 25.36 25.39 25.40 25.41 25.41 25.43 25.43 25.37 25.44 25.43 25.36 25.28 25.24 25.38 25.38 25.27 25.28 25.16 25.22 25.25 25.20 25.15 25.13 25.11 25.07 25.01 24.97 24.96 24.91 24.85 24.81 24.78 24.74 24.70 24.67 24.63 24.65 24.64 24.61 24.49 24.28 23.79 23.94 24.16 23.71 23.71 24.09 24.30 24.39 24.46 24.55 24.52 24.51 24.50 24.46 24.63 24.67 24.62 24.51 24.42 24.32 24.35 24.33 24.41 24.62 24.79 24.71 24.63 24.61 24.53 24.46
24.59 25.01 25.14 25.21 25.28 25.34 25.36 25.38 25.41 25.40 25.41 25.45 25.38 25.40 25.29 25.35 25.33 25.25 25.20 25.34 25.32 25.28 25.20 25.16 25.24 25.21 25.17 25.11 25.08 25.05 24.99 24.93 24.87 24.85 24.80 24.76 24.74 24.71 24.68 24.65 24.63 24.59 24.58 24.55 24.53 24.44 24.06 23.74 24.25 24.11 23.60 23.58 24.16 24.27 24.37 24.49 24.51 24.46 24.35 24.31 24.32 24.26 24.58 24.49 24.38 24.34 24.22 24.30 24.48 24.56 24.58 24.72 24.62 24.55 24.45 24.52 24.47
24.90 25.08 25.13 25.16 25.29 25.32 25.35 25.37 25.40 25.37 25.38 25.35 25.33 25.30 25.23 25.33 25.24 25.26 25.26 25.21 25.26 25.21 25.22 25.20 25.16 25.15 25.11 25.06 25.02 24.97 24.91 24.87 24.77 24.78 24.73 24.71 24.69 24.68 24.63 24.62 24.61 24.54 24.52 24.49 24.38 24.10 24.37 24.34 24.01 23.95 23.98 24.04 24.21 24.25 24.42 24.48 24.46 24.30 24.25 24.06 24.22 24.38 24.49 24.45 24.23 24.29 24.25 24.11 24.33 24.38 24.40 24.60 24.63 24.61 24.56 24.55 24.51
24.84 25.07 25.16 25.22 25.26 25.29 25.35 25.37 25.41 25.41 25.38 25.21 25.21 25.04 25.23 25.32 25.26 25.24 25.25 25.21 25.20 25.18 25.20 25.19 25.12 25.11 25.06 24.99 24.95 24.92 24.86 24.80 24.78 24.68 24.66 24.61 24.61 24.60 24.56 24.52 24.51 24.48 24.44 24.32 24.10 23.92 24.16 24.01 23.92 23.50 23.93 24.16 24.15 24.30 24.40 24.34 24.34 24.27 24.23 24.17 24.15 24.26 24.38 24.41 24.38 24.26 24.20 24.15 24.27 24.39 24.48 24.32 24.50 24.38 24.36 24.44 24.28
24.95 25.08 25.14 25.20 25.25 25.28 25.31 25.36 25.31 25.37 25.19 25.03 25.00 25.18 25.26 25.21 25.30 25.22 25.18 25.18 25.15 25.18 25.13 25.14 25.08 25.04 25.01 24.93 24.90 24.84 24.81 24.76 24.72 24.62 24.57 24.50 24.51 24.53 24.49 24.48 24.45 24.42 24.39 24.00 23.64 23.86 23.76 23.71 23.53 23.71 23.93 24.22 24.22 24.34 24.32 24.36 24.31 24.23 24.25 24.03 23.98 24.12 24.21 24.17 24.32 24.19 24.11 23.98 24.03 24.22 24.33 24.27 24.34 24.29 24.11 24.27 24.28
25.00 25.02 25.11 25.17 25.19 25.24 25.27 25.32 25.25 25.23 25.10 25.00 25.09 25.25 25.24 25.26 25.23 25.23 25.19 25.12 25.16 25.16 25.08 25.09 25.01 25.02 24.96 24.87 24.69 24.79 24.73 24.65 24.65 24.58 24.53 24.49 24.30 24.26 24.44 24.42 24.41 24.33 24.24 23.86 23.99 24.10 23.83 23.75 23.76 23.93 24.08 24.24 24.29 24.32 24.12 24.23 24.27 24.20 24.07 24.10 24.00 23.97 23.92 24.01 24.29 24.14 24.01 23.81 23.93 24.06 24.17 24.13 24.28 24.21 23.97 24.19 24.36
24.93 25.06 25.10 25.14 25.17 25.18 25.23 25.25 25.26 25.18 25.18 25.16 25.15 25.24 25.23 25.22 25.20 25.20 25.19 25.15 25.12 25.08 24.97 25.05 25.00 24.95 24.88 24.75 24.55 24.73 24.69 24.64 24.59 24.56 24.47 24.33 24.22 24.12 24.33 24.26 24.28 24.16 24.14 23.73 24.02 23.97 23.88 23.66 23.72 24.04 24.14 24.24 24.31 24.26 24.21 24.17 24.11 24.11 24.13 24.25 24.07 24.04 23.91 24.07 24.24 24.09 24.04 23.99 23.83 23.93 24.10 24.15 24.10 23.93 23.99 24.24 24.36
24.94 25.05 25.07 25.08 25.11 25.15 25.18 25.19 25.17 25.11 25.22 25.17 25.19 25.19 25.17 25.15 25.16 25.17 25.14 25.10 25.08 25.06 25.03 24.96 24.96 24.92 24.86 24.75 24.54 24.70 24.68 24.62 24.59 24.50 24.41 24.16 24.33 24.16 24.07 23.99 24.04 23.78 23.97 24.16 24.10 23.98 23.76 23.70 23.81 23.96 24.12 24.20 24.28 24.20 24.25 24.26 24.19 24.11 24.22 24.24 24.16 24.01 23.85 23.92 24.07 24.22 24.01 23.76 23.67 23.67 23.86 23.91 24.08 23.94 24.09 24.16 24.30
24.39 25.00 25.06 25.08 25.10 25.12 25.14 25.15 25.16 25.16 25.18 25.24 25.16 25.14 25.12 25.14 25.14 25.09 25.03 25.05 24.97 25.00 24.98 24.95 24.90 24.85 24.79 24.76 24.72 24.65 24.59 24.60 24.50 24.45 24.35 24.26 24.17 24.11 23.95 23.74 23.88 24.01 24.07 24.06 24.14 24.08 24.03 23.99 23.91 24.00 24.04 24.14 24.19 24.30 24.26 24.28 24.26 24.25 24.21 24.16 24.18 24.12 24.02 23.72 24.01 23.99 24.20 23.93 23.95 23.82 23.76 23.88 23.89 23.86 23.96 23.98 24.23
24.83 24.94 25.00 25.04 25.07 25.09 25.11 25.14 25.12 25.11 25.14 25.20 25.14 25.13 25.07 25.11 25.04 25.03 24.91 24.90 24.84 24.71 24.79 24.89 24.85 24.81 24.77 24.71 24.68 24.60 24.62 24.56 24.46 24.41 24.30 24.23 24.12 23.97 23.68 23.65 23.88 23.85 24.00 23.91 24.05 24.08 24.08 24.06 24.01 23.95 23.95 24.10 24.19 24.27 24.26 24.25 24.24 24.23 24.24 24.27 24.25 24.08 24.10 23.91 23.72 23.85 23.87 23.91 23.85 24.16 23.77 23.72 23.46 23.61 23.73 24.01 24.18
24.65 24.87 24.97 25.03 25.05 25.07 25.09 25.11 25.08 25.12 25.12 25.11 25.06 24.89 25.05 25.04 25.01 24.91 24.62 24.29 24.28 24.16 24.37 24.63 24.70 24.75 24.69 24.64 24.58 24.55 24.41 24.41 24.36 24.29 24.23 24.10 24.04 23.74 23.26 23.58 23.78 23.96 23.97 23.91 23.96 24.02 24.06 24.05 24.02 24.08 24.05 24.02 24.21 24.21 24.19 24.17 24.20 24.19 24.13 24.06 24.09 24.10 24.07 23.94 23.87 23.76 23.77 23.66 23.63 23.85 23.75 23.69 23.62 23.41 23.80 24.02 24.16
24.62 24.87 24.95 25.02 25.04 25.02 25.07 25.08 25.11 25.10 25.08 25.05 24.96 24.78 24.99 25.00 24.97 24.85 24.75 24.33 24.42 24.33 24.53 24.67 24.61 24.67 24.62 24.58 24.55 24.46 24.38 24.34 24.26 24.21 24.13 24.04 23.89 23.48 23.36 23.66 23.64 23.91 24.01 24.00 24.02 24.05 24.04 24.05 24.02 24.06 24.11 24.14 24.14 24.12 24.10 24.07 24.03 24.04 24.09 24.11 24.11 24.04 23.95 23.92 23.92 23.68 23.84 23.70 23.52 23.68 23.48 23.53 23.64 23.54 23.74 24.09 24.08
24.59 24.67 24.87 25.01 25.01 25.06 25.04 25.07 25.04 25.05 24.98 24.96 24.97 24.93 24.92 24.94 24.86 24.80 24.74 24.67 24.56 24.64 24.61 24.65 24.65 24.63 24.60 24.52 24.43 24.28 24.21 24.02 24.15 24.11 24.05 23.94 23.76 23.33 23.55 23.73 23.79 23.91 24.00 24.01 24.02 24.03 24.04 24.02 24.04 24.02 24.04 24.05 24.05 23.83 23.96 23.94 23.91 23.99 23.98 23.97 23.94 24.02 23.98 23.86 23.75 23.71 23.66 23.60 23.50 23.53 23.42 23.43 23.60 23.50 23.90 23.99 23.86
24.78 24.80 24.81 24.95 25.00 25.01 25.01 24.98 24.97 24.98 24.90 24.91 24.93 24.92 24.87 24.91 24.79 24.64 24.69 24.62 24.28 24.58 24.58 24.64 24.62 24.59 24.49 24.41 24.34 23.85 23.95 23.92 24.02 24.00 23.91 23.57 23.68 23.58 23.37 23.54 23.63 23.78 23.96 23.97 23.96 23.97 23.95 23.98 23.93 23.95 23.95 24.02 23.93 22.98 23.50 23.50 23.61 23.78 23.90 23.77 23.82 23.88 23.89 23.79 23.73 23.67 23.42 23.41 23.22 23.24 23.39 23.17 22.68 23.70 23.69 23.62 23.73
24.74 24.73 24.74 24.89 24.99 24.95 24.94 24.90 24.92 24.89 24.91 24.85 24.87 24.83 24.85 24.82 24.76 24.60 24.64 24.59 24.27 24.54 24.60 24.56 24.52 24.45 24.42 24.38 24.30 24.05 23.79 23.90 23.92 23.85 23.55 23.38 23.41 23.42 23.30 23.59 23.68 23.77 23.95 23.63 23.82 23.81 23.73 23.71 23.98 23.91 23.81 23.60 23.88 23.98 23.82 23.57 23.35 23.57 23.75 23.63 23.57 23.68 23.72 23.78 23.72 23.67 23.36 23.34 23.32 23.11 23.05 23.29 23.37 23.62 23.62 23.63 23.67
24.72 24.71 24.81 24.87 24.90 24.89 24.82 24.87 24.83 24.81 24.80 24.80 24.81 24.78 24.66 24.74 24.73 24.60 24.44 24.57 24.46 24.57 24.52 24.47 24.42 24.34 24.30 24.28 24.19 23.82 23.76 23.68 23.81 23.56 23.67 23.57 23.53 23.62 23.59 23.59 23.78 23.77 23.83 23.85 23.76 23.61 23.55 23.80 23.96 24.00 23.96 23.78 23.68 23.70 23.86 23.61 23.51 23.23 23.49 23.38 23.60 23.57 23.68 23.65 23.59 23.37 23.02 22.87 23.35 23.21 22.45 23.24 23.07 23.36 23.33 23.51 23.43
24.67 24.63 24.70 24.84 24.81 24.73 24.80 24.80 24.75 24.80 24.78 24.76 24.76 24.75 24.69 24.66 24.66 24.61 24.58 24.51 24.50 24.46 24.41 24.34 24.30 24.25 24.19 24.15 24.01 23.83 23.33 23.56 23.66 23.83 23.64 23.69 23.65 23.78 23.81 23.81 23.69 23.84 23.22 23.86 23.83 23.74 23.72 23.88 23.97 24.00 23.99 23.93 23.80 23.68 23.71 23.77 23.80 23.74 23.63 22.78 23.62 23.66 23.65 23.59 23.60 23.57 23.33 23.36 22.90 23.38 22.77 23.05 23.09 22.89 23.11 23.36 23.29
24.68 24.68 24.68 24.78 24.73 24.72 24.72 24.72 24.72 24.72 24.69 24.65 24.73 24.69 24.65 24.62 24.56 24.56 24.48 24.46 24.41 24.34 24.30 24.25 24.19 24.14 24.07 24.05 23.99 23.82 23.58 23.85 23.83 23.78 23.41 23.57 23.78 23.82 23.75 23.79 23.81 23.69 23.70 23.75 23.81 23.77 23.61 23.86 23.96 24.02 23.97 23.96 23.90 23.84 23.66 23.63 23.19 23.75 23.53 23.62 23.69 23.67 23.56 23.59 23.58 23.55 23.51 23.34 23.38 23.05 23.21 22.79 23.00 23.18 23.27 23.25 23.33
