datasets/raw/temp/2019110520191105.grid
ncols 886
nrows 691
xllcenter 112.0000
yllcenter -44.5000
cellsize 0.0500
nodata_value 99999.90
[rows 0 to 33 of 691, columns 616 to 692 of 886]
33.63 33.91 34.18 34.42 34.64 34.84 35.01 35.18 35.32 35.46 35.58 35.69 35.80 35.90 35.99 36.05 35.94 35.58 35.20 34.86 34.55 34.29 34.07 33.90 33.76 33.66 33.59 33.55 33.53 33.53 33.54 33.56 33.60 33.65 33.70 33.75 33.81 33.87 33.93 33.99 34.05 34.11 34.17 34.22 34.20 34.15 34.10 34.05 34.00 33.95 33.87 33.75 33.63 33.51 33.40 33.29 33.19 33.08 33.00 32.91 32.82 32.74 32.66 32.59 32.52 32.46 32.40 32.35 32.30 32.25 32.21 32.17 32.14 32.11 32.07 32.05 32.03
33.42 33.71 33.99 34.26 34.49 34.70 34.90 35.07 35.23 35.37 35.50 35.62 35.73 35.83 35.93 35.99 35.90 35.55 35.16 34.81 34.51 34.25 34.03 33.85 33.71 33.61 33.53 33.48 33.46 33.46 33.48 33.50 33.54 33.58 33.62 33.68 33.73 33.79 33.85 33.91 33.97 34.03 34.09 34.14 34.13 34.09 34.04 33.99 33.94 33.90 33.83 33.72 33.60 33.48 33.37 33.26 33.16 33.06 32.96 32.87 32.79 32.71 32.63 32.57 32.50 32.44 32.38 32.32 32.27 32.22 32.19 32.15 32.11 32.07 32.04 32.02 32.00
33.20 33.51 33.81 34.08 34.33 34.56 34.77 34.96 35.13 35.28 35.42 35.54 35.66 35.76 35.86 35.93 35.83 35.47 35.09 34.75 34.44 34.18 33.96 33.78 33.64 33.54 33.47 33.42 33.40 33.40 33.41 33.43 33.47 33.51 33.56 33.61 33.67 33.72 33.77 33.83 33.89 33.95 34.01 34.06 34.08 34.03 33.98 33.93 33.89 33.84 33.79 33.68 33.56 33.45 33.34 33.23 33.13 33.03 32.93 32.84 32.76 32.68 32.60 32.53 32.47 32.40 32.34 32.29 32.25 32.20 32.16 32.12 32.08 32.05 32.02 31.99 31.96
32.98 33.31 33.61 33.90 34.17 34.42 34.64 34.83 35.02 35.18 35.33 35.46 35.58 35.69 35.79 35.85 35.72 35.36 34.99 34.65 34.35 34.10 33.88 33.70 33.57 33.47 33.40 33.36 33.34 33.33 33.34 33.37 33.40 33.44 33.48 33.54 33.59 33.65 33.70 33.76 33.81 33.87 33.93 33.98 34.01 33.97 33.92 33.87 33.83 33.78 33.73 33.64 33.53 33.41 33.30 33.20 33.09 33.00 32.90 32.81 32.73 32.65 32.58 32.51 32.44 32.38 32.32 32.26 32.21 32.17 32.12 32.08 32.05 32.02 31.99 31.96 31.93
32.76 33.09 33.42 33.72 33.99 34.25 34.49 34.70 34.90 35.08 35.23 35.37 35.50 35.61 35.72 35.77 35.57 35.21 34.85 34.53 34.24 34.00 33.79 33.62 33.49 33.39 33.33 33.29 33.26 33.26 33.27 33.30 33.33 33.37 33.42 33.47 33.51 33.57 33.62 33.68 33.74 33.79 33.84 33.90 33.94 33.91 33.85 33.81 33.76 33.72 33.67 33.59 33.48 33.36 33.26 33.15 33.05 32.95 32.86 32.77 32.69 32.61 32.54 32.47 32.40 32.34 32.28 32.23 32.19 32.14 32.10 32.06 32.02 31.99 31.95 31.92 31.91
32.53 32.88 33.20 33.52 33.81 34.10 34.35 34.58 34.78 34.96 35.13 35.28 35.42 35.54 35.65 35.67 35.38 35.02 34.69 34.38 34.11 33.88 33.68 33.52 33.40 33.31 33.25 33.20 33.19 33.19 33.21 33.22 33.26 33.30 33.35 33.39 33.44 33.50 33.54 33.60 33.66 33.71 33.76 33.82 33.86 33.84 33.78 33.74 33.69 33.65 33.61 33.54 33.44 33.32 33.21 33.11 33.01 32.91 32.82 32.74 32.66 32.58 32.51 32.44 32.37 32.31 32.26 32.20 32.15 32.11 32.06 32.02 31.99 31.95 31.92 31.89 31.87
32.31 32.65 32.99 33.32 33.62 33.92 34.19 34.43 34.65 34.86 35.03 35.19 35.33 35.46 35.55 35.47 35.16 34.82 34.50 34.22 33.96 33.74 33.56 33.42 33.30 33.22 33.16 33.12 33.11 33.12 33.12 33.15 33.19 33.22 33.27 33.32 33.36 33.42 33.47 33.53 33.57 33.63 33.68 33.73 33.77 33.76 33.72 33.67 33.62 33.58 33.54 33.49 33.38 33.27 33.17 33.07 32.97 32.88 32.79 32.70 32.61 32.54 32.46 32.40 32.33 32.27 32.22 32.16 32.11 32.07 32.03 31.99 31.95 31.93 31.89 31.87 31.84
32.09 32.43 32.78 33.12 33.44 33.74 34.03 34.28 34.52 34.73 34.93 35.10 35.25 35.38 35.43 35.21 34.90 34.58 34.29 34.03 33.80 33.61 33.44 33.31 33.21 33.13 33.08 33.04 33.04 33.04 33.05 33.08 33.11 33.15 33.20 33.24 33.29 33.34 33.39 33.44 33.50 33.54 33.60 33.65 33.69 33.69 33.65 33.60 33.55 33.51 33.47 33.42 33.33 33.22 33.12 33.02 32.92 32.83 32.74 32.65 32.58 32.50 32.43 32.36 32.30 32.24 32.19 32.13 32.09 32.04 32.00 31.96 31.92 31.89 31.86 31.83 31.80
31.87 32.22 32.57 32.91 33.24 33.56 33.86 34.13 34.38 34.60 34.81 34.99 35.15 35.26 35.17 34.92 34.62 34.34 34.08 33.85 33.63 33.45 33.31 33.19 33.10 33.03 32.99 32.97 32.96 32.97 32.98 33.01 33.04 33.08 33.12 33.17 33.22 33.26 33.32 33.36 33.41 33.47 33.51 33.56 33.60 33.61 33.57 33.53 33.48 33.44 33.40 33.35 33.27 33.17 33.07 32.97 32.87 32.78 32.69 32.61 32.54 32.46 32.38 32.32 32.26 32.20 32.15 32.09 32.05 32.00 31.96 31.92 31.89 31.85 31.82 31.79 31.77
31.67 32.01 32.36 32.70 33.05 33.37 33.68 33.97 34.24 34.47 34.69 34.88 35.03 35.04 34.85 34.60 34.33 34.08 33.86 33.65 33.46 33.31 33.17 33.07 32.99 32.94 32.90 32.89 32.88 32.89 32.91 32.94 32.97 33.01 33.05 33.10 33.14 33.19 33.23 33.28 33.33 33.38 33.43 33.47 33.52 33.53 33.49 33.45 33.40 33.36 33.32 33.28 33.21 33.11 33.01 32.91 32.82 32.73 32.65 32.57 32.49 32.41 32.35 32.28 32.22 32.17 32.11 32.06 32.02 31.96 31.93 31.88 31.85 31.82 31.79 31.76 31.73
31.48 31.81 32.15 32.50 32.84 33.18 33.51 33.80 34.08 34.33 34.57 34.76 34.83 34.70 34.49 34.27 34.05 33.83 33.63 33.44 33.29 33.15 33.04 32.95 32.89 32.84 32.82 32.80 32.80 32.82 32.83 32.87 32.90 32.94 32.97 33.01 33.06 33.10 33.16 33.20 33.25 33.29 33.34 33.39 33.43 33.45 33.41 33.37 33.33 33.28 33.25 33.20 33.14 33.05 32.96 32.86 32.77 32.68 32.60 32.52 32.44 32.37 32.31 32.25 32.19 32.12 32.07 32.02 31.98 31.93 31.89 31.86 31.82 31.79 31.76 31.73 31.71
31.30 31.62 31.96 32.31 32.65 32.99 33.32 33.63 33.92 34.18 34.41 34.54 34.48 34.32 34.15 33.95 33.76 33.58 33.41 33.26 33.12 33.00 32.91 32.84 32.78 32.75 32.73 32.72 32.73 32.74 32.76 32.79 32.82 32.87 32.90 32.94 32.99 33.03 33.08 33.12 33.16 33.21 33.25 33.30 33.33 33.36 33.33 33.29 33.25 33.20 33.17 33.12 33.08 32.99 32.90 32.80 32.71 32.63 32.54 32.47 32.40 32.33 32.26 32.20 32.14 32.09 32.04 31.99 31.93 31.89 31.85 31.82 31.78 31.75 31.72 31.69 31.67
31.13 31.45 31.78 32.12 32.46 32.81 33.14 33.45 33.76 34.02 34.19 34.18 34.08 33.96 33.80 33.65 33.50 33.34 33.19 33.07 32.96 32.86 32.79 32.73 32.68 32.65 32.65 32.64 32.65 32.66 32.69 32.72 32.75 32.78 32.83 32.87 32.92 32.95 32.99 33.04 33.08 33.12 33.17 33.20 33.25 33.27 33.25 33.20 33.17 33.12 33.09 33.05 33.00 32.92 32.83 32.74 32.66 32.57 32.49 32.42 32.35 32.28 32.22 32.16 32.10 32.04 31.99 31.94 31.90 31.86 31.82 31.78 31.74 31.71 31.68 31.66 31.63
30.99 31.29 31.61 31.94 32.28 32.62 32.96 33.28 33.57 33.77 33.82 33.79 33.72 33.61 33.49 33.37 33.24 33.11 33.00 32.89 32.80 32.72 32.67 32.62 32.59 32.57 32.56 32.56 32.58 32.60 32.62 32.65 32.68 32.72 32.76 32.79 32.83 32.88 32.92 32.95 33.00 33.04 33.07 33.12 33.15 33.19 33.16 33.12 33.08 33.04 33.00 32.97 32.93 32.86 32.76 32.68 32.60 32.52 32.44 32.37 32.30 32.23 32.17 32.11 32.05 32.00 31.95 31.91 31.86 31.82 31.78 31.75 31.71 31.68 31.65 31.62 31.60
30.87 31.15 31.46 31.78 32.11 32.44 32.77 33.08 33.33 33.42 33.45 33.42 33.37 33.29 33.21 33.11 33.01 32.91 32.81 32.74 32.66 32.60 32.56 32.52 32.50 32.49 32.48 32.49 32.50 32.52 32.55 32.58 32.61 32.65 32.68 32.72 32.76 32.79 32.84 32.87 32.91 32.95 32.99 33.02 33.07 33.09 33.07 33.04 32.99 32.96 32.92 32.89 32.85 32.79 32.70 32.62 32.53 32.46 32.39 32.31 32.25 32.19 32.12 32.06 32.01 31.95 31.91 31.86 31.82 31.77 31.74 31.71 31.67 31.64 31.62 31.58 31.56
30.77 31.04 31.33 31.63 31.95 32.27 32.59 32.85 33.00 33.08 33.11 33.10 33.07 33.02 32.95 32.87 32.80 32.72 32.65 32.58 32.53 32.48 32.45 32.43 32.41 32.41 32.41 32.42 32.44 32.45 32.49 32.52 32.55 32.58 32.61 32.65 32.68 32.72 32.75 32.80 32.83 32.86 32.90 32.94 32.97 32.99 32.99 32.95 32.92 32.88 32.84 32.81 32.77 32.71 32.63 32.56 32.47 32.40 32.33 32.26 32.20 32.13 32.07 32.02 31.96 31.91 31.87 31.83 31.78 31.74 31.71 31.67 31.63 31.60 31.58 31.55 31.52
30.70 30.95 31.22 31.50 31.80 32.11 32.38 32.57 32.70 32.77 32.81 32.83 32.81 32.78 32.73 32.67 32.61 32.55 32.50 32.45 32.41 32.37 32.35 32.34 32.33 32.34 32.33 32.35 32.37 32.39 32.42 32.45 32.48 32.51 32.54 32.57 32.61 32.64 32.67 32.71 32.74 32.78 32.81 32.84 32.87 32.91 32.90 32.86 32.83 32.79 32.76 32.72 32.68 32.64 32.56 32.49 32.41 32.34 32.27 32.21 32.15 32.08 32.03 31.97 31.92 31.87 31.82 31.78 31.74 31.70 31.66 31.63 31.60 31.57 31.54 31.52 31.49
30.65 30.88 31.12 31.39 31.67 31.94 32.16 32.32 32.44 32.52 32.57 32.58 32.58 32.57 32.53 32.49 32.45 32.40 32.37 32.34 32.30 32.28 32.26 32.26 32.26 32.26 32.27 32.29 32.31 32.33 32.35 32.38 32.41 32.44 32.47 32.50 32.53 32.56 32.60 32.63 32.66 32.69 32.72 32.76 32.79 32.81 32.80 32.78 32.74 32.70 32.67 32.64 32.60 32.57 32.49 32.42 32.35 32.28 32.21 32.15 32.09 32.03 31.97 31.92 31.88 31.82 31.78 31.73 31.70 31.66 31.62 31.59 31.56 31.54 31.50 31.48 31.45
30.62 30.82 31.05 31.29 31.55 31.79 31.98 32.13 32.24 32.31 32.36 32.39 32.39 32.39 32.36 32.34 32.31 32.29 32.26 32.24 32.21 32.20 32.19 32.19 32.19 32.20 32.21 32.23 32.24 32.26 32.29 32.32 32.34 32.37 32.40 32.43 32.46 32.49 32.52 32.55 32.58 32.61 32.63 32.66 32.69 32.72 32.72 32.69 32.65 32.62 32.59 32.55 32.53 32.49 32.42 32.36 32.28 32.22 32.15 32.10 32.03 31.98 31.92 31.88 31.82 31.78 31.73 31.70 31.66 31.62 31.59 31.55 31.52 31.50 31.47 31.44 31.42
30.61 30.79 30.99 31.22 31.46 31.67 31.84 31.98 32.08 32.15 32.20 32.24 32.24 32.24 32.23 32.22 32.20 32.18 32.16 32.15 32.13 32.12 32.12 32.12 32.13 32.14 32.15 32.17 32.18 32.21 32.22 32.25 32.28 32.30 32.33 32.36 32.38 32.41 32.44 32.47 32.50 32.52 32.55 32.57 32.60 32.62 32.62 32.59 32.57 32.53 32.50 32.46 32.44 32.41 32.35 32.29 32.22 32.16 32.09 32.03 31.98 31.92 31.88 31.82 31.78 31.73 31.69 31.66 31.61 31.58 31.54 31.52 31.48 31.45 31.43 31.41 31.38
30.60 30.77 30.96 31.20 31.42 31.60 31.75 31.88 31.97 32.04 32.08 32.11 32.13 32.13 32.13 32.12 32.11 32.10 32.08 32.07 32.07 32.06 32.06 32.06 32.08 32.08 32.09 32.10 32.13 32.14 32.17 32.19 32.21 32.24 32.26 32.28 32.31 32.34 32.36 32.39 32.41 32.43 32.46 32.48 32.50 32.52 32.54 32.51 32.48 32.44 32.41 32.39 32.36 32.32 32.27 32.22 32.15 32.09 32.04 31.98 31.93 31.87 31.83 31.78 31.73 31.69 31.64 31.61 31.57 31.54 31.51 31.47 31.45 31.41 31.39 31.37 31.34
30.62 30.80 31.01 31.22 31.41 31.57 31.70 31.80 31.89 31.95 31.99 32.02 32.04 32.04 32.04 32.04 32.03 32.02 32.02 32.01 32.01 32.01 32.01 32.02 32.02 32.03 32.04 32.05 32.08 32.09 32.11 32.13 32.15 32.17 32.20 32.21 32.24 32.26 32.28 32.30 32.33 32.35 32.37 32.39 32.42 32.44 32.44 32.42 32.39 32.35 32.33 32.30 32.27 32.24 32.20 32.15 32.08 32.02 31.98 31.92 31.86 31.82 31.77 31.73 31.68 31.64 31.60 31.56 31.53 31.49 31.47 31.44 31.41 31.38 31.35 31.33 31.31
30.71 30.90 31.10 31.28 31.44 31.58 31.69 31.77 31.84 31.90 31.93 31.95 31.97 31.98 31.97 31.98 31.97 31.97 31.96 31.96 31.96 31.95 31.96 31.96 31.97 31.98 31.99 32.00 32.02 32.04 32.05 32.07 32.09 32.11 32.13 32.15 32.17 32.19 32.20 32.23 32.25 32.27 32.29 32.31 32.33 32.35 32.35 32.34 32.31 32.28 32.25 32.22 32.19 32.16 32.12 32.08 32.02 31.96 31.92 31.86 31.81 31.77 31.72 31.67 31.64 31.59 31.56 31.52 31.48 31.46 31.42 31.40 31.38 31.34 31.32 31.29 31.28
30.86 31.05 31.21 31.36 31.50 31.61 31.69 31.76 31.82 31.87 31.90 31.92 31.93 31.93 31.93 31.93 31.92 31.92 31.92 31.91 31.92 31.91 31.92 31.93 31.93 31.94 31.95 31.96 31.97 31.98 32.00 32.02 32.03 32.05 32.07 32.09 32.10 32.12 32.13 32.15 32.17 32.19 32.20 32.22 32.24 32.25 32.26 32.24 32.22 32.19 32.16 32.13 32.10 32.08 32.06 32.01 31.95 31.90 31.85 31.80 31.75 31.71 31.67 31.63 31.58 31.55 31.51 31.48 31.45 31.41 31.39 31.36 31.33 31.30 31.28 31.26 31.24
31.06 31.21 31.34 31.46 31.56 31.66 31.72 31.78 31.83 31.85 31.88 31.89 31.90 31.90 31.90 31.89 31.89 31.89 31.88 31.89 31.88 31.88 31.89 31.88 31.89 31.89 31.90 31.91 31.92 31.94 31.95 31.96 31.98 31.99 32.00 32.02 32.03 32.05 32.06 32.08 32.10 32.10 32.12 32.14 32.15 32.17 32.17 32.15 32.13 32.10 32.07 32.05 32.03 32.01 31.98 31.93 31.88 31.83 31.78 31.75 31.70 31.65 31.61 31.58 31.54 31.50 31.47 31.44 31.40 31.38 31.34 31.32 31.29 31.27 31.25 31.23 31.20
31.27 31.38 31.49 31.57 31.65 31.72 31.77 31.81 31.85 31.86 31.88 31.88 31.88 31.89 31.88 31.88 31.87 31.86 31.86 31.86 31.85 31.85 31.85 31.86 31.85 31.86 31.86 31.87 31.88 31.89 31.90 31.91 31.92 31.93 31.95 31.96 31.96 31.98 31.99 32.01 32.01 32.03 32.04 32.06 32.06 32.07 32.08 32.07 32.05 32.02 32.00 31.97 31.95 31.92 31.90 31.86 31.82 31.77 31.72 31.69 31.65 31.60 31.56 31.52 31.49 31.46 31.42 31.40 31.36 31.33 31.31 31.28 31.26 31.23 31.21 31.19 31.16
31.41 31.55 31.62 31.70 31.75 31.79 31.82 31.85 31.87 31.88 31.89 31.88 31.88 31.87 31.88 31.86 31.85 31.85 31.84 31.83 31.83 31.83 31.82 31.82 31.82 31.83 31.82 31.83 31.84 31.84 31.85 31.86 31.86 31.88 31.89 31.89 31.90 31.92 31.92 31.94 31.94 31.95 31.97 31.97 31.98 31.99 32.00 31.98 31.96 31.94 31.92 31.89 31.87 31.85 31.82 31.79 31.75 31.71 31.66 31.62 31.59 31.55 31.51 31.48 31.44 31.42 31.38 31.35 31.33 31.30 31.27 31.25 31.22 31.19 31.18 31.15 31.14
31.19 31.65 31.77 31.81 31.84 31.87 31.89 31.90 31.91 31.91 31.91 31.90 31.88 31.88 31.87 31.86 31.84 31.83 31.83 31.81 31.81 31.80 31.79 31.80 31.80 31.79 31.79 31.80 31.79 31.80 31.81 31.81 31.82 31.82 31.83 31.83 31.84 31.85 31.85 31.87 31.87 31.88 31.88 31.89 31.90 31.90 31.91 31.91 31.89 31.87 31.83 31.81 31.79 31.77 31.75 31.72 31.68 31.64 31.60 31.56 31.54 31.50 31.46 31.43 31.40 31.36 31.33 31.31 31.28 31.25 31.23 31.21 31.18 31.16 31.14 31.11 31.10
31.27 31.81 31.91 31.93 31.95 31.95 31.95 31.96 31.96 31.94 31.93 31.91 31.91 31.89 31.87 31.85 31.84 31.83 31.81 31.80 31.79 31.78 31.77 31.77 31.77 31.76 31.76 31.76 31.76 31.76 31.76 31.76 31.76 31.77 31.77 31.77 31.79 31.79 31.79 31.80 31.80 31.81 31.81 31.82 31.82 31.83 31.83 31.82 31.81 31.78 31.76 31.74 31.71 31.69 31.67 31.65 31.62 31.58 31.54 31.51 31.47 31.44 31.42 31.38 31.35 31.32 31.29 31.26 31.25 31.22 31.19 31.17 31.15 31.13 31.10 31.09 31.06
31.56 32.03 32.04 32.05 32.04 32.04 32.03 32.01 32.00 31.98 31.96 31.94 31.92 31.89 31.88 31.85 31.84 31.82 31.80 31.78 31.77 31.76 31.75 31.74 31.74 31.73 31.73 31.73 31.72 31.72 31.72 31.72 31.72 31.73 31.73 31.73 31.73 31.73 31.73 31.74 31.74 31.74 31.74 31.74 31.75 31.75 31.75 31.75 31.73 31.71 31.69 31.67 31.65 31.63 31.61 31.58 31.55 31.52 31.49 31.45 31.42 31.39 31.36 31.33 31.30 31.28 31.25 31.23 31.20 31.17 31.16 31.13 31.11 31.09 31.06 31.05 31.03
31.90 32.18 32.17 32.15 32.14 32.12 32.09 32.07 32.05 32.02 32.00 31.96 31.93 31.91 31.88 31.86 31.83 31.82 31.79 31.77 31.76 31.74 31.74 31.72 31.71 31.70 31.70 31.69 31.69 31.68 31.68 31.67 31.68 31.68 31.68 31.68 31.67 31.67 31.67 31.68 31.67 31.67 31.68 31.67 31.68 31.67 31.67 31.66 31.65 31.64 31.62 31.59 31.57 31.56 31.54 31.52 31.49 31.46 31.43 31.40 31.37 31.34 31.31 31.28 31.26 31.23 31.21 31.19 31.16 31.14 31.12 31.09 31.07 31.06 31.04 31.01 30.99
31.88 32.31 32.29 32.27 32.23 32.20 32.16 32.12 32.10 32.05 32.02 31.99 31.95 31.92 31.89 31.87 31.84 31.81 31.78 31.77 31.75 31.73 31.71 31.71 31.69 31.68 31.67 31.66 31.65 31.65 31.64 31.64 31.63 31.63 31.63 31.62 31.62 31.62 31.61 31.62 31.62 31.61 31.61 31.61 31.60 31.60 31.59 31.59 31.59 31.56 31.55 31.53 31.50 31.49 31.47 31.45 31.43 31.40 31.37 31.34 31.32 31.29 31.27 31.24 31.22 31.19 31.17 31.14 31.12 31.10 31.08 31.06 31.04 31.02 31.00 30.98 30.97
32.17 32.39 32.40 32.36 32.32 32.28 32.23 32.18 32.14 32.10 32.05 32.01 31.98 31.93 31.90 31.86 31.83 31.81 31.78 31.76 31.73 31.71 31.69 31.69 31.67 31.66 31.65 31.64 31.62 31.61 31.61 31.60 31.60 31.59 31.58 31.58 31.57 31.57 31.56 31.56 31.56 31.55 31.54 31.55 31.54 31.54 31.53 31.53 31.51 31.50 31.47 31.46 31.44 31.42 31.40 31.39 31.37 31.35 31.32 31.29 31.27 31.24 31.22 31.20 31.17 31.15 31.13 31.11 31.09 31.06 31.04 31.02 31.00 30.98 30.96 30.95 30.93
32.42 32.32 32.51 32.45 32.40 32.35 32.29 32.23 32.18 32.13 32.08 32.03 31.99 31.95 31.90 31.87 31.83 31.80 31.77 31.74 31.73 31.70 31.68 31.67 31.65 31.63 31.61 31.60 31.59 31.59 31.57 31.56 31.56 31.55 31.55 31.53 31.52 31.52 31.51 31.50 31.51 31.50 31.49 31.49 31.48 31.47 31.47 31.45 31.45 31.43 31.42 31.39 31.38 31.36 31.34 31.32 31.31 31.29 31.26 31.24 31.22 31.20 31.18 31.15 31.12 31.10 31.08 31.06 31.04 31.02 31.00 30.98 30.96 30.95 30.94 30.92 30.90
