datasets/raw/temp/2019100120191001.grid
ncols 886
nrows 691
xllcenter 112.0000
yllcenter -44.5000
cellsize 0.0500
nodata_value 99999.90
[rows 544 to 577 of 691, columns 539 to 615 of 886]
21.80 21.80 21.80 21.80 21.79 21.79 21.79 21.77 21.77 21.76 21.76 21.75 21.74 21.73 21.72 21.72 21.72 21.74 21.81 21.77 21.91 21.95 22.02 22.08 22.04 22.06 22.11 22.15 22.09 22.12 22.14 22.12 22.08 22.07 22.04 22.01 21.98 21.94 21.88 21.71 21.53 21.26 21.27 21.27 21.21 21.11 21.04 21.08 21.18 21.37 21.01 21.19 21.50 21.04 21.04 20.76 20.97 20.64 20.69 20.78 20.68 20.47 20.23 20.71 20.11 20.59 20.28 20.71 20.71 20.77 20.00 16.16 20.49 20.49 21.21 21.29 21.27
21.68 21.68 21.68 21.67 21.67 21.66 21.66 21.66 21.65 21.65 21.64 21.64 21.63 21.62 21.61 21.62 21.64 21.55 21.70 21.76 21.79 21.83 21.92 21.97 21.98 21.98 21.92 22.05 22.02 22.04 22.04 22.00 21.98 21.97 21.95 21.95 21.91 21.86 21.82 21.73 21.53 21.27 21.17 21.26 21.17 21.04 21.20 21.51 21.05 21.18 20.90 21.00 21.03 20.69 20.61 20.38 20.51 20.65 20.70 20.73 20.61 20.62 20.43 20.64 20.64 20.67 20.56 18.16 18.37 20.70 20.65 18.54 19.46 18.30 21.04 21.11 21.01
21.56 21.56 21.55 21.55 21.55 21.55 21.55 21.53 21.53 21.53 21.52 21.52 21.51 21.52 21.52 21.52 21.55 21.58 21.57 21.67 21.57 21.74 21.79 21.85 21.89 21.91 21.93 21.94 21.97 21.93 21.94 21.96 21.92 21.91 21.85 21.84 21.83 21.78 21.75 21.73 21.69 21.43 21.23 21.05 21.22 21.46 21.38 20.82 20.63 21.06 20.65 20.58 20.84 20.55 20.53 20.13 20.50 20.38 20.32 20.27 20.36 20.54 20.55 20.27 20.53 20.50 20.38 18.30 17.65 20.31 20.52 18.89 18.82 14.53 20.78 20.94 20.83
21.45 21.44 21.44 21.43 21.43 21.42 21.42 21.42 21.42 21.42 21.41 21.41 21.42 21.41 21.43 21.45 21.46 21.50 21.54 21.59 21.61 21.55 21.67 21.70 21.80 21.84 21.84 21.84 21.87 21.85 21.90 21.88 21.85 21.83 21.79 21.76 21.79 21.76 21.72 21.67 21.60 21.50 21.38 21.09 21.06 21.30 21.07 20.64 20.70 20.58 20.41 20.47 20.53 20.32 20.06 20.24 20.28 20.07 20.11 20.20 20.25 20.22 19.99 20.28 20.37 20.15 18.81 18.39 19.96 19.97 19.33 19.71 17.66 18.69 20.41 20.55 20.59
21.32 21.32 21.33 21.32 21.32 21.32 21.31 21.31 21.31 21.31 21.31 21.31 21.31 21.32 21.34 21.36 21.38 21.42 21.46 21.51 21.56 21.62 21.42 21.64 21.69 21.76 21.79 21.77 21.82 21.83 21.83 21.81 21.78 21.76 21.75 21.71 21.73 21.73 21.69 21.64 21.58 21.50 21.45 21.33 21.05 20.98 21.09 21.21 20.66 20.52 20.29 20.46 19.96 19.86 19.92 19.89 19.77 20.00 20.01 19.97 20.03 19.97 19.92 19.93 20.04 19.78 19.02 19.30 20.09 20.18 19.78 19.14 19.20 20.10 20.44 20.56 20.64
21.20 21.20 21.21 21.20 21.20 21.20 21.20 21.20 21.20 21.20 21.20 21.21 21.22 21.23 21.25 21.27 21.30 21.35 21.39 21.43 21.49 21.54 21.58 21.53 21.60 21.69 21.75 21.77 21.73 21.77 21.78 21.73 21.70 21.68 21.67 21.67 21.68 21.70 21.66 21.61 21.56 21.51 21.41 21.36 21.30 21.06 21.14 21.35 21.17 20.48 20.51 20.32 19.70 19.73 19.79 19.45 19.79 20.02 19.89 19.28 20.00 20.01 19.74 19.93 20.07 19.54 16.87 19.87 20.14 20.11 20.02 18.59 20.19 20.27 20.44 20.49 20.72
21.06 21.08 21.09 21.10 21.09 21.09 21.09 21.09 21.10 21.10 21.11 21.11 21.12 21.14 21.16 21.19 21.23 21.27 21.31 21.36 21.42 21.48 21.54 21.52 21.52 21.58 21.69 21.74 21.74 21.72 21.73 21.67 21.63 21.58 21.58 21.59 21.61 21.62 21.61 21.55 21.50 21.43 21.36 21.33 21.34 21.22 20.92 20.89 21.15 21.19 20.98 20.61 20.03 19.69 19.61 19.51 20.05 20.34 20.06 19.80 19.40 20.13 20.06 20.02 20.05 20.06 18.51 20.21 19.90 19.00 19.91 20.24 20.25 20.37 20.46 20.43 20.66
20.94 20.95 20.97 20.98 20.98 20.98 20.98 20.99 20.99 21.00 21.00 21.02 21.04 21.06 21.09 21.12 21.15 21.19 21.24 21.29 21.35 21.41 21.46 21.53 21.55 21.57 21.62 21.68 21.71 21.60 21.15 21.42 21.49 21.51 21.49 21.48 21.50 21.49 21.50 21.45 21.42 21.40 21.33 21.34 21.28 21.18 20.99 20.74 20.84 20.85 20.40 20.59 20.62 20.42 20.24 20.01 20.29 20.42 19.73 19.76 20.14 19.95 19.93 19.88 19.97 20.06 20.10 20.08 19.38 19.11 20.02 20.17 20.19 20.32 20.38 20.37 20.53
20.82 20.83 20.84 20.86 20.87 20.88 20.88 20.88 20.89 20.90 20.92 20.93 20.95 20.97 21.00 21.04 21.08 21.11 21.17 21.23 21.28 21.34 21.40 21.47 21.51 21.41 21.60 21.56 21.64 21.67 21.31 20.99 21.32 21.37 21.37 21.38 21.39 21.38 21.34 21.36 21.36 21.33 21.28 21.26 21.31 21.21 21.08 20.78 20.64 21.38 21.25 20.96 21.02 20.31 20.99 20.77 20.44 20.06 20.01 19.86 19.96 19.82 19.74 19.54 19.47 19.73 19.97 19.93 16.21 19.83 19.92 20.11 20.01 20.15 20.29 20.02 20.68
20.68 20.70 20.71 20.72 20.75 20.76 20.77 20.79 20.80 20.81 20.82 20.84 20.87 20.90 20.93 20.97 21.01 21.05 21.11 21.16 21.22 21.28 21.35 21.41 21.47 21.53 21.40 21.63 21.55 21.60 21.56 21.16 21.24 21.04 21.25 21.29 21.26 21.26 21.26 21.23 21.22 21.20 21.15 21.17 21.18 21.25 21.18 21.17 20.67 21.09 20.93 21.20 20.59 20.86 20.77 20.37 20.15 19.83 20.24 20.28 19.82 19.64 19.60 19.57 19.61 19.56 19.83 19.75 19.71 19.55 19.55 19.70 19.64 19.69 20.13 20.26 20.21
20.56 20.56 20.57 20.60 20.61 20.64 20.66 20.68 20.70 20.71 20.74 20.76 20.79 20.82 20.85 20.89 20.94 20.99 21.05 21.10 21.16 21.23 21.29 21.35 21.41 21.47 21.52 21.55 21.53 21.51 21.53 21.40 20.78 21.17 21.07 21.17 21.13 21.14 21.12 21.11 21.06 21.10 21.09 21.10 21.09 21.07 21.32 21.08 20.78 20.26 20.49 20.43 20.84 20.46 20.29 20.79 20.45 19.98 20.45 20.35 19.96 19.68 19.45 19.66 19.62 19.51 19.79 19.53 19.45 19.33 19.22 19.39 19.09 19.53 19.85 20.20 20.28
20.43 20.44 20.45 20.46 20.48 20.50 20.53 20.56 20.60 20.62 20.65 20.67 20.71 20.75 20.79 20.83 20.88 20.94 20.99 21.05 21.11 21.18 21.23 21.30 21.35 21.41 21.45 21.38 21.52 21.38 21.45 21.40 21.39 21.21 21.12 21.12 21.08 21.07 20.96 20.95 20.96 21.00 20.98 21.03 20.95 20.92 21.15 20.87 20.78 20.17 20.09 20.19 20.44 20.42 20.09 19.75 20.02 19.68 19.94 19.77 19.89 19.61 19.51 19.22 19.40 19.52 19.50 19.41 19.33 19.18 19.16 19.40 19.55 19.64 19.91 20.23 20.32
20.31 20.31 20.32 20.33 20.34 20.37 20.39 20.42 20.47 20.51 20.55 20.60 20.63 20.68 20.72 20.77 20.82 20.88 20.93 21.00 21.06 21.12 21.18 21.23 21.28 21.33 21.38 21.41 21.43 21.39 21.34 21.33 21.30 21.19 21.05 21.07 21.11 21.03 20.95 20.93 20.90 20.86 20.83 20.88 20.88 20.89 20.89 20.80 20.62 20.11 19.97 20.03 20.04 19.86 19.93 19.72 19.75 19.90 19.58 19.41 19.43 19.32 19.23 19.11 19.21 19.28 19.29 19.30 19.24 19.32 19.23 19.43 19.52 19.83 20.12 20.21 20.20
20.17 20.17 20.19 20.20 20.21 20.24 20.26 20.29 20.32 20.37 20.42 20.49 20.55 20.61 20.66 20.71 20.77 20.83 20.89 20.95 21.01 21.07 21.12 21.18 21.23 21.27 21.30 21.33 21.34 21.33 21.19 21.22 21.20 21.19 21.05 21.02 20.93 20.98 20.93 20.87 20.83 20.72 20.67 20.68 20.64 20.68 20.73 20.51 20.62 20.01 20.27 19.91 19.74 19.64 19.99 19.71 19.80 19.84 19.65 19.45 19.17 19.19 18.92 18.94 18.99 19.03 19.10 19.11 19.09 19.25 19.30 19.35 19.37 19.98 20.05 20.16 20.05
20.05 20.05 20.05 20.06 20.08 20.10 20.12 20.15 20.19 20.24 20.29 20.35 20.42 20.50 20.59 20.66 20.73 20.79 20.85 20.91 20.96 21.01 21.07 21.12 21.16 21.18 21.21 21.24 21.24 21.22 21.11 21.03 21.05 21.05 21.02 20.96 20.83 20.82 20.81 20.77 20.71 20.59 20.54 20.47 20.55 20.54 20.52 20.44 20.34 19.96 19.67 19.52 19.75 19.86 20.05 19.99 19.88 19.95 19.87 19.62 19.37 18.94 18.06 18.78 18.61 18.79 18.78 18.69 18.90 19.22 19.21 19.41 19.65 19.88 20.19 20.11 19.93
19.92 19.92 19.93 19.94 19.95 19.97 19.99 20.02 20.05 20.09 20.14 20.21 20.28 20.36 20.45 20.56 20.66 20.73 20.80 20.86 20.91 20.96 21.01 21.04 21.08 21.10 21.13 21.14 21.13 21.12 21.11 20.99 20.92 20.89 20.86 20.83 20.81 20.71 20.55 20.60 20.53 20.51 20.46 20.39 20.30 20.30 20.34 20.37 20.30 19.75 20.01 19.64 19.72 19.91 19.72 19.56 19.40 19.78 19.81 19.70 19.40 19.10 18.91 18.78 18.70 18.72 18.72 18.84 18.93 19.21 19.43 19.59 19.67 19.79 20.00 20.17 20.05
19.80 19.80 19.80 19.81 19.82 19.83 19.86 19.88 19.91 19.95 20.00 20.06 20.13 20.21 20.30 20.40 20.53 20.65 20.74 20.80 20.86 20.90 20.94 20.97 20.99 21.01 21.02 21.02 21.01 21.00 20.97 20.93 20.90 20.82 20.72 20.67 20.61 20.59 20.55 20.40 20.34 20.41 20.49 20.26 20.18 20.10 20.15 19.82 19.44 19.48 19.62 19.82 19.34 19.12 19.09 19.30 19.17 19.57 19.59 19.29 19.26 19.27 18.94 18.59 18.63 18.68 18.66 18.83 19.01 19.19 19.32 19.45 19.65 19.83 19.94 20.08 20.09
19.68 19.68 19.68 19.68 19.69 19.70 19.72 19.74 19.77 19.80 19.85 19.91 19.96 20.04 20.14 20.24 20.36 20.49 20.62 20.73 20.80 20.83 20.86 20.89 20.90 20.91 20.90 20.89 20.88 20.85 20.82 20.78 20.73 20.68 20.61 20.56 20.52 20.52 20.48 20.44 20.32 20.33 20.11 19.86 19.98 19.98 20.01 19.20 19.16 19.01 19.35 19.52 19.36 19.28 19.51 19.11 19.40 19.33 19.43 19.01 19.16 19.12 19.02 18.64 18.61 18.69 18.86 18.90 18.97 19.20 19.36 19.33 19.48 19.78 19.97 20.03 20.03
19.55 19.55 19.55 19.55 19.56 19.57 19.59 19.61 19.63 19.67 19.70 19.76 19.81 19.88 19.97 20.06 20.17 20.30 20.43 20.58 20.70 20.76 20.77 20.79 20.80 20.79 20.78 20.76 20.73 20.69 20.65 20.61 20.55 20.49 20.43 20.38 20.34 20.30 20.26 20.21 20.16 20.11 20.06 19.99 19.80 19.55 19.59 19.45 19.07 19.05 19.21 19.46 19.46 19.57 19.42 19.48 19.44 19.36 19.24 19.12 19.14 19.22 19.04 18.83 18.77 18.79 18.83 18.93 18.80 18.82 19.26 19.28 19.30 19.46 19.82 19.85 19.95
19.43 19.43 19.42 19.43 19.43 19.44 19.45 19.47 19.49 19.53 19.56 19.61 19.66 19.72 19.79 19.88 19.98 20.10 20.22 20.36 20.51 20.64 20.67 20.69 20.68 20.66 20.64 20.61 20.57 20.53 20.48 20.43 20.36 20.30 20.24 20.19 20.13 20.08 20.03 19.98 19.93 19.86 19.81 19.75 19.70 19.64 19.35 18.68 18.41 18.76 18.86 19.11 19.30 19.42 19.55 19.50 19.45 19.27 19.12 19.05 19.18 19.07 18.83 18.90 18.79 18.97 19.07 19.11 18.89 18.93 19.13 19.15 19.20 19.35 19.51 19.80 19.84
19.31 19.30 19.30 19.31 19.31 19.32 19.33 19.34 19.36 19.38 19.41 19.46 19.50 19.55 19.63 19.70 19.79 19.89 20.01 20.14 20.27 20.42 20.53 20.56 20.54 20.52 20.49 20.45 20.41 20.36 20.29 20.23 20.17 20.10 20.04 19.97 19.92 19.85 19.80 19.74 19.68 19.62 19.56 19.50 19.44 19.39 19.33 18.94 18.23 18.48 18.63 18.88 19.00 19.15 18.84 18.75 18.98 19.12 19.06 18.97 19.00 18.93 18.88 18.92 18.91 18.95 19.06 18.88 18.82 18.81 19.06 19.07 19.14 19.29 19.54 19.69 19.58
19.19 19.18 19.18 19.19 19.18 19.19 19.19 19.21 19.22 19.24 19.27 19.30 19.35 19.40 19.45 19.53 19.60 19.70 19.79 19.90 20.02 20.16 20.30 20.39 20.40 20.36 20.32 20.27 20.22 20.16 20.10 20.03 19.96 19.89 19.83 19.76 19.69 19.62 19.57 19.50 19.44 19.37 19.31 19.25 19.18 19.12 19.06 19.00 18.72 18.08 18.21 18.36 18.40 18.59 18.86 18.97 19.03 19.03 19.00 19.00 18.93 18.87 18.82 18.88 18.88 18.93 18.94 18.85 18.75 18.64 18.78 19.37 19.28 19.39 19.50 19.54 19.58
19.08 19.06 19.06 19.06 19.06 19.06 19.07 19.08 19.09 19.10 19.13 19.15 19.20 19.24 19.29 19.35 19.41 19.49 19.58 19.68 19.78 19.90 20.02 20.14 20.20 20.19 20.14 20.08 20.02 19.95 19.89 19.82 19.74 19.67 19.60 19.52 19.46 19.39 19.33 19.26 19.19 19.13 19.06 19.00 18.93 18.86 18.80 18.73 18.67 18.33 17.91 18.08 18.29 18.43 18.69 18.73 18.76 18.77 18.80 18.83 18.87 18.77 18.90 18.82 18.79 18.97 19.04 18.99 18.79 18.60 18.71 19.03 19.21 19.24 19.46 19.33 19.38
18.96 18.95 18.95 18.94 18.94 18.94 18.94 18.95 18.96 18.98 19.00 19.01 19.05 19.08 19.13 19.18 19.24 19.30 19.38 19.46 19.55 19.64 19.74 19.85 19.94 19.98 19.95 19.88 19.82 19.75 19.67 19.60 19.53 19.45 19.38 19.30 19.23 19.16 19.09 19.02 18.95 18.88 18.81 18.74 18.68 18.61 18.54 18.48 18.41 18.14 18.10 17.84 18.05 18.27 18.38 18.44 18.48 18.53 18.56 18.60 18.66 18.72 18.79 18.81 18.80 18.98 19.11 19.06 19.02 19.05 19.23 19.19 19.17 19.49 19.64 19.43 19.47
18.84 18.83 18.83 18.82 18.82 18.81 18.82 18.83 18.83 18.84 18.86 18.88 18.90 18.93 18.96 19.01 19.06 19.11 19.18 19.24 19.31 19.40 19.48 19.57 19.65 19.72 19.73 19.68 19.61 19.52 19.45 19.38 19.29 19.22 19.14 19.07 18.99 18.93 18.85 18.79 18.71 18.64 18.58 18.51 18.44 18.37 18.30 18.23 18.16 18.09 18.04 18.00 17.21 18.04 18.11 18.17 18.23 18.29 18.33 18.39 18.45 18.51 18.60 18.69 18.79 18.91 18.98 18.99 19.02 19.08 19.19 19.31 19.37 19.46 19.29 19.40 19.56
18.72 18.71 18.70 18.70 18.69 18.70 18.69 18.70 18.71 18.71 18.72 18.74 18.75 18.78 18.81 18.85 18.88 18.93 18.98 19.04 19.09 19.16 19.23 19.29 19.37 19.43 19.47 19.45 19.38 19.30 19.22 19.14 19.07 18.98 18.91 18.83 18.77 18.69 18.62 18.55 18.49 18.42 18.34 18.28 18.21 18.14 18.07 18.00 17.94 17.88 17.82 17.78 17.76 17.81 17.88 17.94 17.99 18.06 18.12 18.18 18.24 18.32 18.40 18.49 18.58 18.69 18.76 18.81 18.86 18.94 19.04 19.16 19.26 19.39 19.37 19.38 19.40
18.61 18.60 18.59 18.59 18.58 18.58 18.57 18.57 18.58 18.59 18.59 18.60 18.61 18.64 18.66 18.68 18.72 18.76 18.79 18.84 18.89 18.93 18.99 19.04 19.09 19.14 19.18 19.19 19.15 19.07 18.99 18.92 18.84 18.76 18.69 18.61 18.53 18.46 18.40 18.33 18.26 18.19 18.13 18.07 18.00 17.93 17.87 17.80 17.74 17.68 17.63 17.59 17.59 17.62 17.67 17.73 17.79 17.85 17.91 17.97 18.04 18.11 18.19 18.28 18.37 18.46 18.54 18.61 18.68 18.76 18.87 18.99 19.11 19.24 19.38 19.46 19.35
18.49 18.48 18.47 18.47 18.46 18.45 18.46 18.45 18.46 18.46 18.46 18.47 18.49 18.50 18.52 18.53 18.56 18.59 18.61 18.66 18.69 18.73 18.77 18.81 18.84 18.88 18.90 18.92 18.90 18.84 18.76 18.69 18.61 18.53 18.46 18.38 18.31 18.24 18.17 18.11 18.05 17.98 17.92 17.86 17.79 17.74 17.67 17.61 17.55 17.51 17.47 17.44 17.43 17.45 17.50 17.55 17.60 17.66 17.71 17.77 17.83 17.91 17.98 18.07 18.16 18.24 18.32 18.40 18.49 18.58 18.70 18.81 18.95 19.08 19.23 19.39 19.56
18.38 18.37 18.36 18.36 18.35 18.34 18.33 18.34 18.33 18.33 18.34 18.34 18.35 18.36 18.38 18.39 18.41 18.43 18.45 18.48 18.50 18.54 18.57 18.59 18.62 18.64 18.64 18.65 18.64 18.60 18.53 18.45 18.39 18.31 18.24 18.16 18.10 18.03 17.96 17.90 17.84 17.78 17.72 17.66 17.60 17.55 17.49 17.44 17.39 17.35 17.31 17.29 17.29 17.30 17.34 17.38 17.42 17.47 17.52 17.58 17.64 17.71 17.78 17.86 17.95 18.03 18.11 18.20 18.30 18.40 18.52 18.64 18.78 18.93 19.09 19.26 19.44
18.26 18.25 18.24 18.24 18.23 18.22 18.22 18.21 18.22 18.21 18.21 18.22 18.22 18.23 18.24 18.25 18.26 18.27 18.30 18.32 18.34 18.35 18.37 18.39 18.41 18.42 18.41 18.41 18.39 18.36 18.30 18.23 18.16 18.09 18.03 17.96 17.89 17.83 17.77 17.71 17.66 17.59 17.54 17.49 17.43 17.38 17.32 17.27 17.24 17.20 17.17 17.15 17.15 17.16 17.18 17.21 17.26 17.29 17.35 17.40 17.46 17.52 17.59 17.67 17.74 17.83 17.92 18.00 18.11 18.22 18.34 18.47 18.61 18.78 18.95 19.13 19.32
18.15 18.14 18.13 18.12 18.12 18.11 18.10 18.10 18.09 18.09 18.10 18.09 18.09 18.10 18.11 18.12 18.12 18.13 18.14 18.16 18.17 18.18 18.19 18.21 18.21 18.22 18.21 18.20 18.18 18.14 18.08 18.02 17.95 17.88 17.81 17.76 17.70 17.64 17.57 17.52 17.46 17.41 17.36 17.30 17.26 17.21 17.17 17.12 17.09 17.06 17.03 17.02 17.01 17.01 17.04 17.06 17.10 17.13 17.18 17.22 17.28 17.34 17.41 17.47 17.55 17.63 17.72 17.82 17.92 18.04 18.17 18.31 18.47 18.64 18.82 19.01 19.21
18.05 18.04 18.02 18.01 18.01 18.00 17.99 17.99 17.98 17.97 17.97 17.97 17.98 17.98 17.98 17.98 17.99 18.00 18.00 18.01 18.02 18.03 18.04 18.04 18.04 18.04 18.03 18.01 17.98 17.94 17.88 17.82 17.74 17.67 17.61 17.55 17.50 17.45 17.39 17.34 17.29 17.24 17.19 17.15 17.11 17.06 17.02 16.98 16.95 16.92 16.90 16.89 16.88 16.89 16.90 16.92 16.94 16.98 17.01 17.06 17.10 17.16 17.22 17.29 17.37 17.44 17.54 17.64 17.75 17.87 18.01 18.17 18.33 18.52 18.71 18.91 19.12
17.93 17.92 17.91 17.90 17.90 17.89 17.88 17.87 17.87 17.86 17.86 17.86 17.85 17.85 17.86 17.86 17.86 17.86 17.87 17.87 17.88 17.89 17.88 17.88 17.88 17.88 17.86 17.84 17.81 17.77 17.72 17.65 17.57 17.49 17.42 17.37 17.32 17.27 17.22 17.17 17.12 17.07 17.03 16.99 16.95 16.91 16.88 16.85 16.81 16.79 16.77 16.75 16.75 16.76 16.76 16.77 16.80 16.83 16.86 16.89 16.94 16.99 17.05 17.11 17.19 17.27 17.36 17.47 17.58 17.71 17.87 18.03 18.21 18.40 18.61 18.83 19.05
17.82 17.81 17.80 17.79 17.78 17.78 17.76 17.76 17.75 17.75 17.75 17.73 17.73 17.73 17.73 17.73 17.73 17.74 17.74 17.74 17.75 17.74 17.74 17.74 17.74 17.73 17.72 17.69 17.66 17.62 17.57 17.50 17.44 17.35 17.26 17.19 17.14 17.10 17.05 17.01 16.97 16.92 16.88 16.84 16.81 16.78 16.74 16.71 16.68 16.67 16.64 16.63 16.62 16.63 16.63 16.64 16.66 16.68 16.71 16.75 16.79 16.82 16.88 16.95 17.01 17.11 17.20 17.30 17.42 17.56 17.73 17.90 18.09 18.31 18.53 18.76 19.00
