datasets/raw/temp/2019121820191218.grid
ncols 886
nrows 691
xllcenter 112.0000
yllcenter -44.5000
cellsize 0.0500
nodata_value 99999.90
[rows 102 to 135 of 691, columns 231 to 307 of 886]
32.85 33.13 33.44 33.75 34.06 34.35 34.64 34.90 35.17 35.40 35.62 35.83 36.03 36.22 36.40 36.57 36.74 36.91 37.08 37.25 37.42 37.59 37.75 37.92 38.06 38.22 38.36 38.50 38.63 38.75 38.21 38.75 39.11 38.42 39.33 39.43 39.52 39.57 38.94 38.63 38.52 38.53 38.73 39.01 38.79 38.70 38.67 38.81 38.83 38.83 38.91 39.00 39.31 39.21 39.32 39.40 39.49 39.31 39.46 39.40 39.75 39.78 40.05 40.42 40.67 40.19 40.56 40.39 40.69 40.72 40.45 40.17 40.33 40.43 40.54 40.77 40.60
32.88 33.10 33.41 33.75 34.08 34.40 34.70 34.99 35.26 35.50 35.74 35.96 36.17 36.36 36.55 36.72 36.90 37.07 37.25 37.42 37.59 37.77 37.93 38.10 38.27 38.42 38.56 38.60 38.34 38.86 39.06 38.30 38.98 39.13 38.71 39.47 39.61 39.80 39.80 39.95 39.34 39.15 38.80 38.87 39.11 39.25 39.31 39.14 39.05 38.89 39.00 39.21 39.38 39.11 39.27 39.41 39.37 39.27 39.17 39.38 39.49 40.10 40.42 40.61 40.16 40.46 40.24 40.68 40.58 40.49 40.69 40.08 40.20 40.20 40.48 40.76 40.69
32.98 33.12 33.40 33.75 34.11 34.45 34.77 35.08 35.36 35.62 35.87 36.10 36.31 36.51 36.70 36.88 37.06 37.23 37.41 37.59 37.76 37.94 38.12 38.30 38.46 38.61 38.76 38.73 38.84 39.14 39.08 38.80 39.28 39.45 38.69 39.08 39.82 39.15 39.05 39.45 39.83 39.07 38.80 38.94 39.18 39.33 39.03 39.38 39.37 39.28 39.14 39.08 39.30 39.26 39.19 39.33 39.36 39.15 39.38 39.75 39.62 40.35 40.40 40.16 40.36 40.01 40.54 40.58 40.34 40.39 40.57 40.05 40.30 40.62 40.58 40.71 40.79
33.10 33.22 33.43 33.77 34.15 34.51 34.85 35.17 35.47 35.75 36.00 36.24 36.46 36.66 36.85 37.04 37.21 37.39 37.57 37.75 37.93 38.13 38.32 38.50 38.67 38.82 38.92 39.08 39.02 38.88 39.19 39.53 39.07 39.40 39.02 39.03 39.30 39.08 38.86 39.37 39.83 39.38 39.27 38.95 39.26 39.33 39.31 39.11 39.39 39.47 39.34 39.13 39.49 39.39 39.21 39.16 39.42 39.58 39.82 39.76 39.83 39.76 40.58 40.05 40.45 40.20 40.50 40.65 40.65 40.54 40.64 40.14 40.34 40.51 40.73 40.90 41.06
33.26 33.37 33.51 33.82 34.21 34.59 34.94 35.28 35.60 35.88 36.15 36.38 36.61 36.83 36.86 37.20 37.30 37.45 37.73 37.91 37.62 38.31 38.52 38.56 38.73 38.99 39.17 38.89 39.34 38.71 39.39 39.75 39.74 39.00 39.19 38.95 38.57 38.71 39.04 39.20 39.80 39.72 40.17 39.48 39.47 39.66 39.74 39.66 39.37 39.53 39.40 39.16 39.53 39.46 39.37 39.65 39.64 39.79 39.57 39.73 40.23 40.48 40.42 40.26 40.36 40.55 40.70 40.73 40.82 40.87 40.88 40.73 40.30 40.63 40.92 41.02 41.10
33.43 33.54 33.66 33.92 34.29 34.70 35.07 35.41 35.73 36.03 36.30 36.55 36.78 36.99 37.18 37.36 37.52 37.71 37.88 37.87 38.13 38.21 38.70 38.91 39.08 38.83 39.29 39.49 39.61 39.69 39.83 39.94 39.98 39.57 39.38 39.68 38.82 38.86 39.08 39.37 39.59 39.88 39.38 39.30 39.67 39.93 39.95 39.70 39.47 39.34 39.23 39.43 39.63 39.47 39.65 39.84 39.85 39.95 40.04 40.30 40.52 39.97 40.11 40.53 40.44 40.73 40.86 40.88 40.53 40.81 40.92 41.01 40.33 40.46 40.78 41.00 41.08
33.62 33.72 33.83 34.03 34.41 34.82 35.20 35.55 35.89 36.19 36.47 36.73 36.95 37.16 37.36 37.53 37.71 37.86 38.03 38.21 38.41 38.29 38.53 38.51 38.46 39.02 38.91 39.23 39.77 39.91 40.01 40.01 39.52 40.07 40.28 39.34 39.08 38.98 39.23 39.26 39.44 39.81 39.85 39.40 40.20 40.09 39.95 39.76 39.23 39.25 39.44 39.57 39.76 39.76 39.94 40.00 39.98 39.96 40.31 40.27 40.49 40.28 40.44 40.68 40.82 40.77 40.72 40.85 40.88 40.74 40.71 40.99 41.13 40.99 40.93 40.65 41.18
33.82 33.92 34.03 34.20 34.55 34.97 35.36 35.72 36.07 36.37 36.66 36.91 37.14 37.35 37.55 37.72 37.89 38.04 38.19 38.34 38.55 38.81 39.06 39.13 38.63 38.87 39.15 39.20 39.50 39.90 40.20 39.98 40.33 39.61 40.24 40.03 39.45 39.26 39.38 39.29 39.59 40.15 39.51 39.43 40.02 40.15 40.42 39.79 39.78 39.54 39.58 39.59 39.71 39.85 39.84 40.06 40.08 40.13 40.30 40.28 40.58 40.67 40.71 40.78 40.92 40.65 40.97 40.75 40.67 40.79 40.69 40.83 40.96 40.89 41.13 41.35 41.76
34.04 34.13 34.25 34.40 34.74 35.15 35.55 35.92 36.26 36.57 36.86 37.11 37.35 37.56 37.76 37.92 38.08 38.24 38.27 38.44 38.58 38.97 39.11 38.94 39.37 39.34 39.21 38.75 40.12 40.26 40.38 40.01 40.55 39.92 39.75 39.98 39.51 39.04 39.10 39.12 39.42 39.81 40.19 40.02 39.88 39.73 40.28 40.26 39.90 39.99 39.65 39.52 39.69 39.69 39.93 40.08 40.08 40.22 40.33 40.57 40.60 40.65 40.77 40.91 40.94 40.77 40.88 40.88 41.00 40.98 40.58 40.91 41.09 40.94 40.79 41.33 41.83
34.26 34.37 34.49 34.64 34.95 35.36 35.77 36.13 36.48 36.79 37.08 37.34 37.57 37.78 37.97 38.15 38.31 38.46 38.16 38.34 38.57 38.80 39.26 39.52 39.66 39.70 39.62 39.92 39.94 40.29 40.43 40.21 40.31 40.46 40.44 40.42 39.51 40.10 39.64 39.36 39.60 39.78 40.22 40.04 39.96 40.01 40.28 40.21 40.33 39.94 40.01 40.06 39.83 40.19 40.26 40.25 40.38 40.28 40.35 40.54 40.71 40.70 40.95 40.98 40.99 40.67 41.03 40.87 40.74 40.88 41.01 41.15 41.35 41.01 41.14 41.46 41.55
34.51 34.61 34.73 34.89 35.20 35.60 36.01 36.38 36.72 37.04 37.32 37.58 37.81 38.01 38.21 38.38 38.55 38.69 38.76 38.77 38.47 38.94 39.50 39.67 39.79 39.36 40.17 40.31 40.35 40.44 39.85 40.03 40.17 40.78 40.80 40.98 39.47 39.71 40.08 40.09 39.77 39.84 40.09 39.86 39.92 40.14 40.55 39.97 40.33 40.21 40.29 40.10 40.17 40.32 40.46 40.58 40.63 40.60 40.42 40.89 40.86 40.94 41.09 41.05 40.86 40.79 40.97 40.78 40.74 40.71 40.95 41.41 41.51 41.59 41.30 41.50 41.83
34.77 34.88 35.01 35.17 35.48 35.88 36.27 36.65 36.99 37.30 37.58 37.84 38.07 38.28 38.46 38.64 38.80 38.96 39.02 38.65 39.18 39.30 39.23 39.93 40.08 40.24 40.16 40.40 40.19 40.42 39.94 39.58 40.18 40.78 39.77 40.39 41.43 40.63 40.62 40.32 39.99 39.83 40.11 40.08 39.88 40.17 40.30 40.34 40.09 40.19 40.20 40.61 40.54 40.35 40.60 40.67 40.88 40.94 40.80 41.07 41.02 41.06 40.91 41.05 41.10 41.14 41.08 41.03 40.83 41.10 41.61 41.61 41.58 41.83 41.60 41.85 42.07
35.04 35.17 35.31 35.48 35.78 36.18 36.57 36.95 37.28 37.59 37.87 38.12 38.35 38.55 38.73 38.90 39.07 39.22 39.26 39.28 39.13 39.65 39.66 39.87 40.29 40.25 40.02 40.32 40.31 40.48 40.15 39.91 39.87 40.43 39.50 40.44 40.97 40.80 40.86 41.13 39.93 40.19 40.07 39.95 39.87 40.08 40.02 40.23 39.58 40.17 40.54 40.56 40.77 40.93 40.94 40.94 41.11 41.08 41.15 41.22 40.99 41.24 41.30 41.22 41.18 41.10 41.15 41.03 41.31 41.55 41.62 41.65 41.94 41.94 42.06 42.23 42.50
35.34 35.48 35.63 35.82 36.13 36.52 36.90 37.27 37.60 37.90 38.17 38.42 38.64 38.85 39.03 39.19 39.35 39.46 39.31 39.22 39.60 39.81 39.72 40.39 40.49 40.29 40.17 40.07 39.55 40.45 40.21 40.17 39.97 40.16 40.04 39.98 40.28 40.83 41.33 41.95 41.31 41.06 40.55 39.96 40.05 40.03 40.17 40.02 40.53 40.52 40.58 40.58 40.88 41.05 41.16 41.24 41.08 41.24 41.32 41.10 40.92 41.12 41.22 41.36 41.27 41.11 41.00 41.03 41.40 41.74 41.47 41.67 42.07 42.16 42.32 42.57 42.52
35.67 35.82 35.98 36.19 36.49 36.88 37.26 37.61 37.95 38.24 38.51 38.75 38.96 39.16 39.33 39.49 39.64 39.79 39.80 39.27 39.90 39.72 40.48 40.62 40.64 40.45 40.23 40.13 39.94 40.32 40.72 40.46 40.44 39.91 39.77 40.13 40.43 40.87 40.62 41.56 41.69 41.86 41.05 40.61 40.13 40.19 40.15 40.45 40.78 40.76 40.72 40.86 41.03 41.07 41.25 41.39 41.31 41.40 41.34 41.29 41.25 41.56 41.63 41.57 41.40 41.54 41.64 41.34 41.29 41.82 42.00 41.98 42.18 42.00 42.46 42.70 42.74
36.01 36.18 36.36 36.58 36.88 37.27 37.64 37.99 38.32 38.60 38.87 39.10 39.31 39.49 39.65 39.81 39.95 40.08 40.20 39.81 40.08 40.59 40.72 40.47 40.42 40.48 39.93 39.90 39.86 40.04 40.52 40.38 40.30 40.11 40.47 40.36 40.50 40.62 40.34 41.35 41.08 41.18 42.22 40.03 40.54 40.65 40.57 40.72 40.42 40.80 40.80 41.22 41.39 41.46 41.33 41.48 41.35 41.37 41.45 41.64 41.70 41.75 41.82 41.47 41.85 41.95 41.37 42.08 41.88 41.96 42.15 42.31 42.08 42.60 42.60 42.62 42.79
36.37 36.56 36.77 37.01 37.30 37.69 38.06 38.40 38.71 38.99 39.25 39.48 39.67 39.84 40.00 40.15 40.28 40.40 40.51 40.17 40.31 40.86 40.33 40.82 40.98 40.69 40.41 40.09 40.33 40.30 40.57 40.49 40.65 40.53 40.60 40.78 40.60 40.64 40.51 40.37 40.65 41.55 41.26 42.04 40.82 40.88 40.92 40.95 41.02 40.80 40.97 41.36 41.44 41.61 41.39 41.50 41.46 41.41 41.47 41.82 41.78 41.67 41.78 41.98 41.78 42.01 41.46 41.75 41.92 42.33 42.15 42.34 42.50 42.63 42.53 42.58 42.97
36.76 36.96 37.19 37.46 37.77 38.13 38.50 38.83 39.13 39.41 39.65 39.87 40.06 40.21 40.36 40.50 40.62 40.73 40.83 40.77 40.54 41.09 40.42 40.96 41.03 40.92 40.93 40.45 40.78 40.80 41.19 41.06 41.05 41.20 40.62 41.04 40.79 40.72 40.35 40.47 40.79 41.17 41.24 41.65 41.94 41.83 40.97 41.03 41.08 41.13 41.25 41.37 41.53 41.65 41.29 41.59 41.72 41.39 41.72 42.00 41.97 41.49 41.71 42.02 42.00 41.49 41.85 42.16 41.92 41.80 42.43 42.32 42.51 42.64 42.53 42.44 42.81
37.16 37.38 37.64 37.93 38.25 38.60 38.96 39.30 39.59 39.86 40.09 40.29 40.47 40.63 40.76 40.87 40.98 41.07 41.16 41.25 41.33 40.95 40.85 40.61 41.17 41.02 40.84 40.97 41.24 41.45 41.45 41.40 41.22 41.40 41.63 41.11 41.18 40.49 40.63 40.68 41.10 41.22 41.08 41.17 41.61 41.17 41.15 41.22 41.01 40.96 40.82 41.73 41.77 41.51 41.61 41.81 41.90 41.88 42.02 41.98 42.15 41.73 41.89 41.83 42.13 41.78 42.02 42.19 42.24 42.49 42.53 42.28 42.35 42.74 42.69 42.67 42.70
37.57 37.80 38.10 38.41 38.75 39.10 39.45 39.78 40.07 40.33 40.55 40.75 40.91 41.05 41.18 41.27 41.35 41.44 41.51 41.57 41.64 41.35 41.19 41.09 40.84 41.41 41.42 41.55 41.56 41.51 41.27 41.39 41.29 41.77 41.33 41.23 41.17 41.21 40.72 40.81 41.08 41.54 41.57 41.14 41.03 41.22 41.20 41.02 41.23 41.79 41.88 41.85 41.90 41.72 41.83 41.82 41.87 42.08 42.00 42.16 42.09 41.84 42.13 42.28 42.06 41.97 42.37 42.50 42.42 42.65 42.28 42.65 42.78 42.86 42.84 42.75 41.93
37.98 38.24 38.56 38.89 39.24 39.60 39.94 40.28 40.57 40.83 41.05 40.98 41.38 41.50 41.60 41.69 41.75 41.82 41.76 41.92 41.97 42.01 41.98 41.66 41.20 41.36 41.64 41.68 41.70 41.42 41.17 41.65 41.89 41.97 41.52 41.08 41.21 40.78 41.38 40.92 41.73 41.61 41.47 41.22 41.04 41.49 41.51 41.12 41.40 41.77 41.84 41.53 42.12 41.45 41.75 41.76 42.02 42.13 42.13 42.19 42.25 42.19 42.14 42.21 42.12 42.37 42.20 42.57 42.62 42.53 42.64 42.77 42.91 42.94 42.71 42.91 42.65
38.46 38.73 39.04 39.38 39.72 40.07 40.42 40.75 41.06 41.34 41.55 41.74 41.87 41.98 42.06 42.13 42.17 42.20 42.23 42.18 42.22 42.07 41.94 41.15 41.50 41.67 41.61 41.82 41.75 41.32 41.26 41.69 42.16 42.28 41.73 41.39 41.23 41.39 41.89 41.68 41.93 41.86 41.92 41.87 41.43 42.03 41.29 41.28 41.50 41.82 41.59 41.52 41.96 42.18 41.72 41.84 41.99 42.28 42.38 42.40 42.15 42.28 42.31 42.38 42.30 42.18 42.49 42.63 42.70 42.83 42.90 42.91 42.88 43.01 42.87 42.30 42.37
38.92 39.12 39.12 39.17 39.67 40.44 40.86 41.19 41.49 41.77 42.03 42.23 42.37 42.46 42.53 42.58 42.60 42.61 42.55 42.13 42.64 42.61 42.47 41.77 41.65 41.54 41.29 41.35 41.37 41.38 41.35 42.28 42.49 42.53 41.79 41.44 41.75 41.87 42.27 42.53 42.09 42.04 42.14 42.02 42.19 41.91 40.96 41.24 41.33 41.51 41.71 41.87 41.78 41.77 41.65 42.15 42.33 42.42 42.45 42.43 42.45 42.47 42.34 42.24 42.41 42.37 42.84 42.83 42.74 42.99 42.96 42.98 42.73 42.99 43.02 42.02 42.41
39.37 39.66 39.64 39.84 40.20 40.87 41.28 41.41 41.80 42.13 42.38 42.53 42.81 42.95 43.01 43.04 43.04 43.03 42.88 42.65 42.62 41.87 42.29 42.54 42.24 41.96 41.45 41.34 41.44 41.57 42.75 42.73 42.84 42.45 42.16 41.77 42.24 42.51 42.52 42.51 42.74 42.68 42.74 42.25 42.25 42.29 41.59 41.22 41.35 41.60 41.59 41.92 41.98 42.04 41.81 41.85 42.33 42.42 42.52 42.61 42.33 42.83 42.30 42.38 42.33 42.53 42.85 43.02 43.02 43.06 42.74 42.61 43.01 43.11 43.03 42.80 42.04
39.80 39.80 39.91 40.07 40.76 41.35 41.65 41.94 41.45 42.41 42.05 42.22 42.85 43.24 43.44 43.49 43.49 43.46 42.90 42.63 42.60 42.37 42.88 42.30 42.10 42.01 41.87 43.01 43.19 43.22 43.04 42.75 42.58 42.01 42.02 42.72 42.68 42.40 42.63 42.71 42.71 42.83 42.98 42.60 42.23 42.28 42.05 42.28 41.54 41.14 41.89 41.90 42.22 42.29 42.22 42.23 42.30 42.40 42.47 42.62 42.46 42.54 42.87 42.36 42.45 42.75 43.09 43.03 42.91 43.15 42.94 42.72 43.07 43.18 42.71 42.81 42.06
40.21 40.50 40.82 41.12 41.19 40.90 41.88 41.68 42.53 42.24 42.53 42.50 42.76 43.57 43.73 43.87 43.83 43.90 43.66 43.76 43.70 43.65 43.59 43.56 42.93 42.10 43.34 43.35 43.53 43.14 42.71 42.90 42.69 42.62 42.85 42.68 42.55 42.59 42.56 42.60 42.63 42.91 42.79 42.78 41.88 41.70 42.00 41.85 41.86 41.72 41.88 42.01 42.23 42.28 42.50 42.18 42.30 42.26 42.47 42.66 42.71 42.48 43.01 42.48 42.64 43.02 43.18 43.08 43.03 43.19 42.87 43.02 43.20 43.10 43.10 42.97 42.19
40.41 40.89 41.19 41.23 41.56 41.33 42.33 41.64 42.17 42.59 43.13 42.37 42.97 43.47 43.92 44.12 44.07 44.04 44.04 44.14 44.06 43.97 43.91 43.85 43.80 43.79 43.77 43.76 43.68 43.09 43.50 42.57 43.28 43.00 43.20 42.78 42.42 42.67 42.44 42.61 42.76 43.04 42.92 42.55 42.48 41.63 42.25 42.30 42.07 42.11 42.26 42.38 42.32 42.17 42.55 42.66 42.43 42.48 42.58 42.58 42.57 42.84 42.74 43.29 43.10 43.08 43.32 43.29 42.95 43.20 43.02 43.22 43.16 42.73 43.11 42.85 42.34
40.97 41.24 41.42 41.59 41.49 42.12 42.43 42.11 42.34 42.13 42.95 42.68 42.63 43.78 43.77 44.13 44.48 44.59 43.72 43.47 43.45 43.17 43.39 43.88 43.94 43.82 43.84 43.92 43.19 43.06 43.13 42.76 42.84 43.41 43.44 42.72 42.40 42.59 42.44 42.65 42.99 43.21 42.90 42.74 42.68 42.63 42.31 42.58 42.21 42.28 42.50 42.56 42.33 42.33 42.47 42.54 42.81 42.89 42.88 42.82 42.75 42.86 42.80 43.44 43.41 43.41 43.37 43.08 43.22 43.05 43.06 43.07 43.11 43.29 42.99 42.31 42.41
41.32 41.49 41.58 41.77 41.96 41.81 42.20 42.78 43.04 42.77 43.09 42.51 43.12 43.21 42.96 44.06 43.90 44.82 44.91 44.82 44.62 44.06 43.64 43.32 43.41 43.62 43.18 42.87 42.76 42.36 42.84 43.04 42.87 43.22 42.43 42.66 42.66 42.33 42.74 42.73 43.00 43.08 42.77 42.93 43.09 42.83 42.40 42.88 42.70 42.69 42.55 42.42 42.59 43.04 43.03 43.08 43.17 43.14 43.12 42.94 42.92 42.67 43.03 43.39 43.34 43.21 43.40 43.14 43.42 43.10 43.25 43.06 43.33 43.13 43.17 42.70 42.61
41.61 41.94 41.93 41.82 42.29 42.52 42.29 42.68 43.25 43.31 43.30 43.37 43.93 44.07 44.01 44.30 44.69 45.01 45.11 44.64 44.65 44.56 43.98 43.95 43.82 42.85 43.28 44.23 43.66 43.14 43.06 43.25 42.98 42.73 42.43 42.66 42.73 42.87 42.88 43.09 43.10 43.03 42.86 42.80 42.41 42.84 42.87 43.06 43.04 43.06 43.22 43.44 43.21 43.15 43.07 43.12 43.14 42.86 43.07 43.17 43.02 43.03 43.59 42.94 43.42 43.35 43.32 43.38 43.39 43.08 43.08 43.11 43.38 43.29 42.58 42.32 42.57
41.97 41.96 42.21 41.84 42.26 42.43 42.98 43.33 43.48 43.75 43.83 44.17 44.18 44.42 44.15 44.34 44.71 44.63 45.01 44.87 44.92 44.78 44.55 44.25 43.40 43.95 42.87 43.17 44.05 44.03 43.94 43.47 42.57 42.74 42.84 42.81 42.92 43.28 43.27 43.14 43.25 42.94 43.03 42.77 43.03 43.14 42.72 43.15 43.34 43.66 43.17 43.11 43.34 43.38 43.45 43.43 43.35 43.40 43.19 42.90 43.06 43.58 42.75 43.28 43.08 43.41 43.34 43.53 43.26 43.16 43.34 43.49 43.29 43.00 42.81 42.53 42.69
41.82 42.08 42.35 42.31 42.39 42.79 43.29 43.47 43.90 44.08 44.28 44.35 44.51 44.66 44.55 44.85 44.89 44.97 45.19 45.29 45.41 44.46 44.50 43.71 43.46 43.86 42.88 43.15 43.80 44.08 43.63 43.06 43.02 42.79 43.05 42.80 43.08 43.30 43.38 43.31 42.95 43.14 43.23 43.26 43.05 43.42 43.26 43.58 43.87 43.35 43.55 43.14 43.35 43.63 43.61 43.68 43.40 43.45 43.40 43.20 43.53 43.44 42.98 43.08 43.24 43.28 43.55 43.31 42.95 43.20 43.39 43.47 43.41 43.11 42.52 42.59 42.51
42.55 42.80 42.77 43.16 43.24 43.44 43.50 43.85 44.08 44.36 44.49 44.59 44.78 44.86 44.97 45.07 45.16 45.18 44.99 45.07 45.02 45.49 45.11 43.71 43.83 43.84 43.77 43.21 42.99 43.93 44.34 43.47 43.31 43.60 43.31 43.28 43.45 43.55 43.49 43.34 43.38 43.44 43.32 43.47 43.27 43.64 43.62 43.91 43.41 43.71 43.40 43.66 43.46 43.75 43.95 43.80 43.73 43.67 43.50 43.45 43.60 43.56 43.06 43.40 43.14 43.59 43.54 43.08 43.22 43.34 43.56 43.18 43.35 42.87 42.58 42.46 42.33
42.82 43.06 43.28 43.50 43.37 43.60 43.90 44.20 43.49 44.59 44.57 44.77 44.92 44.93 45.17 45.11 45.08 45.00 45.26 44.86 45.43 45.43 45.24 44.91 44.03 44.19 44.12 43.74 43.58 44.17 44.46 43.79 43.69 44.08 43.95 43.71 43.54 43.38 43.41 43.42 43.79 43.58 44.04 43.92 43.54 43.74 43.95 44.12 43.66 43.53 43.53 43.85 43.88 44.03 43.92 43.94 43.75 43.79 43.70 43.65 43.28 43.23 43.37 43.42 43.61 43.55 43.18 43.43 43.48 43.64 43.39 43.20 43.31 43.28 42.98 42.55 42.28
