datasets/raw/temp/2019112220191122.grid
ncols 886
nrows 691
xllcenter 112.0000
yllcenter -44.5000
cellsize 0.0500
nodata_value 99999.90
[rows 510 to 543 of 691, columns 462 to 538 of 886]
18.69 18.74 18.79 18.85 18.92 18.99 19.07 19.11 19.16 19.21 19.23 19.25 19.27 19.27 19.28 19.28 19.27 19.27 19.28 19.30 19.34 19.42 19.51 19.64 19.78 19.94 20.12 20.29 20.48 20.67 20.87 21.07 21.27 21.46 21.64 21.82 21.99 22.14 22.27 22.38 22.47 22.54 22.59 22.60 22.58 22.54 22.47 22.38 22.26 22.12 21.97 21.81 21.64 21.48 21.30 21.14 20.99 20.85 20.72 20.62 20.54 20.48 20.44 20.15 19.73 19.97 19.81 19.89 20.14 20.30 20.15 19.56 20.52 20.73 20.91 20.94 21.02
18.70 18.74 18.78 18.84 18.90 18.96 19.02 19.07 19.10 19.13 19.16 19.17 19.18 19.18 19.19 19.19 19.19 19.19 19.21 19.23 19.28 19.36 19.45 19.57 19.71 19.87 20.04 20.22 20.41 20.61 20.81 21.01 21.22 21.42 21.61 21.80 21.97 22.13 22.27 22.39 22.49 22.57 22.61 22.63 22.62 22.57 22.50 22.40 22.28 22.14 21.97 21.80 21.62 21.45 21.26 21.09 20.91 20.76 20.62 20.50 20.41 19.76 19.64 19.22 18.77 18.93 18.77 19.38 19.66 19.82 20.26 20.42 20.52 20.62 20.72 20.82 20.86
18.68 18.72 18.76 18.81 18.87 18.92 18.97 19.01 19.04 19.06 19.08 19.09 19.10 19.10 19.10 19.10 19.10 19.11 19.14 19.17 19.22 19.29 19.39 19.51 19.65 19.80 19.97 20.16 20.34 20.55 20.75 20.96 21.17 21.38 21.57 21.76 21.95 22.11 22.26 22.38 22.49 22.57 22.64 22.65 22.08 21.58 21.84 22.32 22.05 21.95 21.97 21.79 21.60 21.41 21.22 21.02 20.84 20.67 20.51 20.38 19.99 18.75 18.50 18.89 18.74 18.84 19.01 19.46 19.76 19.65 20.19 20.25 20.34 20.43 20.53 20.61 20.71
18.65 18.69 18.72 18.76 18.82 18.86 18.91 18.95 18.98 19.00 19.00 19.01 19.01 19.01 19.01 19.01 19.02 19.04 19.06 19.10 19.15 19.23 19.33 19.44 19.58 19.74 19.91 20.09 20.28 20.49 20.69 20.91 21.11 21.33 21.52 21.72 21.91 22.08 22.24 22.37 22.49 22.21 22.11 21.60 21.27 21.61 22.03 22.16 22.06 22.09 21.76 21.77 21.57 21.38 21.17 20.96 20.77 20.57 20.40 20.24 20.12 19.58 18.95 19.75 19.93 19.94 19.96 19.97 20.00 20.01 20.05 20.10 20.18 20.26 20.34 20.43 20.51
18.62 18.64 18.68 18.72 18.75 18.79 18.83 18.88 18.91 18.91 18.92 18.92 18.93 18.93 18.92 18.93 18.94 18.96 18.99 19.03 19.09 19.16 19.26 19.37 19.51 19.66 19.84 20.02 20.21 20.42 20.64 20.84 21.05 21.26 21.46 21.27 20.93 21.46 21.24 21.59 22.19 21.73 21.88 21.89 22.01 22.28 22.03 22.27 22.22 22.07 21.95 21.75 21.55 21.34 21.13 20.90 20.69 20.49 20.29 20.11 19.96 19.87 19.80 19.78 19.78 19.78 19.80 19.82 19.84 19.88 19.91 19.96 20.02 20.09 20.16 20.24 20.33
18.57 18.59 18.63 18.66 18.69 18.72 18.75 18.80 18.83 18.84 18.84 18.84 18.84 18.84 18.84 18.85 18.86 18.88 18.91 18.95 19.02 19.09 19.20 19.31 19.45 19.59 19.76 19.95 20.15 20.36 20.16 20.20 20.11 20.41 20.66 20.68 20.29 20.91 20.90 21.25 21.39 21.47 21.76 22.14 21.67 22.27 22.24 22.17 22.16 21.99 21.84 21.48 21.30 20.76 21.05 20.85 20.07 19.61 19.34 19.40 19.81 19.71 19.64 19.63 19.63 19.64 19.67 19.69 19.71 19.74 19.78 19.82 19.87 19.94 20.01 20.07 20.15
18.51 18.53 18.56 18.59 18.61 18.64 18.67 18.70 18.73 18.75 18.76 18.75 18.75 18.75 18.75 18.76 18.77 18.79 18.83 18.88 18.95 19.02 19.12 19.24 19.37 19.52 19.70 19.88 20.08 20.28 20.39 20.08 19.70 19.60 19.80 20.00 20.28 20.48 20.61 20.86 21.14 21.41 21.68 21.80 22.00 21.91 22.01 22.02 22.02 21.88 21.71 21.50 21.21 21.26 21.00 20.77 20.04 19.75 19.48 19.54 19.67 19.55 19.51 19.50 19.50 19.52 19.54 19.56 19.58 19.62 19.65 19.69 19.74 19.79 19.85 19.91 19.98
18.45 18.48 18.49 18.51 18.54 18.56 18.58 18.61 18.63 18.64 18.66 18.67 18.66 18.66 18.67 18.67 18.68 18.72 18.75 18.80 18.87 18.95 19.05 19.17 19.30 19.45 19.62 19.80 20.00 20.20 19.76 19.48 19.71 19.85 20.37 20.18 20.67 20.68 20.97 21.15 21.36 21.35 21.69 21.94 22.05 21.97 22.07 22.15 22.10 21.97 21.78 21.50 21.30 21.13 20.80 20.24 20.11 19.59 19.41 19.26 19.09 19.46 19.42 19.40 19.41 19.42 19.44 19.46 19.48 19.50 19.54 19.57 19.61 19.65 19.71 19.75 19.82
18.39 18.40 18.43 18.44 18.46 18.48 18.50 18.52 18.53 18.55 18.56 18.57 18.57 18.57 18.58 18.59 18.61 18.63 18.68 18.72 18.80 18.88 18.97 19.09 19.23 19.38 19.54 19.73 19.91 20.07 19.95 19.99 20.06 20.23 20.57 20.57 20.90 21.05 21.36 21.55 21.67 21.84 21.95 22.27 22.28 22.36 22.27 22.20 22.03 21.83 21.74 21.60 21.39 21.17 20.94 20.70 20.45 20.22 19.98 19.61 19.57 19.44 19.38 19.35 19.34 19.35 19.35 19.36 19.38 19.40 19.42 19.45 19.48 19.53 19.57 19.61 19.66
18.33 18.34 18.35 18.37 18.38 18.40 18.41 18.43 18.43 18.45 18.46 18.47 18.48 18.47 18.48 18.50 18.52 18.55 18.59 18.65 18.72 18.80 18.90 19.02 19.16 19.30 19.47 19.65 19.84 20.04 20.07 20.09 20.30 20.43 20.65 20.96 21.22 21.49 21.67 21.67 21.67 21.91 22.25 22.28 22.21 22.22 22.19 22.03 21.88 21.76 21.73 21.54 21.33 21.12 20.89 20.65 20.43 20.19 19.96 19.76 19.58 19.45 19.37 19.32 19.30 19.29 19.29 19.28 19.30 19.31 19.32 19.35 19.37 19.41 19.44 19.47 19.52
18.25 18.27 18.28 18.30 18.30 18.32 18.32 18.34 18.35 18.35 18.35 18.36 18.38 18.38 18.39 18.41 18.43 18.46 18.51 18.57 18.64 18.73 18.83 18.95 19.08 19.23 19.39 19.56 19.75 19.95 20.15 20.36 19.78 20.16 20.72 21.12 21.16 21.36 21.53 21.79 21.76 21.94 22.23 22.26 22.28 22.26 22.01 21.90 21.81 21.60 21.39 21.48 21.28 21.06 20.84 20.62 20.39 20.17 19.96 19.76 19.60 19.47 19.38 19.32 19.27 19.25 19.23 19.22 19.22 19.22 19.24 19.25 19.26 19.29 19.31 19.34 19.38
18.19 18.20 18.22 18.22 18.23 18.24 18.25 18.25 18.26 18.26 18.27 18.27 18.28 18.28 18.30 18.32 18.35 18.38 18.43 18.49 18.56 18.65 18.75 18.87 19.00 19.15 19.32 19.49 19.67 19.87 20.07 20.27 20.48 20.70 20.91 21.11 21.31 21.50 21.66 21.82 21.94 22.04 22.11 22.16 22.17 22.14 22.09 21.67 21.62 21.75 21.59 21.41 21.22 21.02 20.80 20.58 20.37 20.16 19.95 19.77 19.61 19.48 19.38 19.31 19.25 19.21 19.18 19.16 19.15 19.15 19.15 19.15 19.16 19.18 19.20 19.22 19.24
18.12 18.13 18.14 18.16 18.16 18.17 18.17 18.17 18.18 18.18 18.18 18.18 18.19 18.19 18.21 18.23 18.26 18.30 18.35 18.41 18.49 18.57 18.68 18.80 18.93 19.07 19.24 19.41 19.59 19.79 19.98 20.19 20.39 20.61 20.81 21.02 21.21 21.40 21.57 21.71 21.84 21.93 22.01 22.05 22.06 22.04 21.98 21.90 21.80 21.66 21.51 21.34 21.15 20.96 20.75 20.55 20.33 20.14 19.95 19.78 19.62 19.49 19.38 19.29 19.23 19.18 19.14 19.11 19.09 19.08 19.07 19.06 19.07 19.07 19.08 19.09 19.11
18.06 18.07 18.07 18.08 18.09 18.09 18.10 18.10 18.11 18.11 18.11 18.11 18.11 18.11 18.12 18.14 18.17 18.22 18.27 18.33 18.41 18.50 18.61 18.72 18.86 19.01 19.17 19.34 19.52 19.70 19.90 20.10 20.31 20.52 20.73 20.93 21.12 21.30 21.47 21.61 21.73 21.82 21.89 21.93 21.94 21.92 21.88 21.80 21.70 21.57 21.43 21.26 21.08 20.90 20.70 20.51 20.30 20.12 19.93 19.77 19.62 19.48 19.38 19.28 19.20 19.15 19.10 19.06 19.03 19.01 18.99 18.98 18.97 18.97 18.97 18.98 18.99
18.00 18.00 18.01 18.02 18.02 18.03 18.03 18.04 18.04 18.04 18.04 18.03 18.04 18.05 18.05 18.07 18.10 18.14 18.19 18.25 18.33 18.42 18.53 18.65 18.79 18.93 19.09 19.26 19.44 19.63 19.82 20.03 20.23 20.44 20.64 20.84 21.03 21.20 21.36 21.50 21.62 21.71 21.78 21.82 21.83 21.81 21.77 21.70 21.60 21.49 21.34 21.19 21.01 20.83 20.65 20.46 20.27 20.09 19.91 19.75 19.60 19.47 19.36 19.26 19.19 19.11 19.06 19.01 18.97 18.95 18.92 18.90 18.88 18.86 18.86 18.86 18.87
17.94 17.94 17.95 17.95 17.96 17.97 17.97 17.97 17.97 17.97 17.97 17.97 17.97 17.98 17.99 18.00 18.02 18.06 18.11 18.17 18.25 18.35 18.46 18.58 18.71 18.86 19.02 19.19 19.37 19.56 19.76 19.95 20.15 20.36 20.55 20.75 20.94 21.11 21.26 21.39 21.51 21.60 21.68 21.71 21.73 21.71 21.67 21.60 21.50 21.39 21.25 21.11 20.94 20.77 20.59 20.41 20.23 20.05 19.89 19.73 19.59 19.45 19.34 19.24 19.15 19.08 19.02 18.96 18.92 18.88 18.84 18.81 18.79 18.76 18.76 18.74 18.74
17.88 17.88 17.89 17.89 17.90 17.91 17.91 17.91 17.91 17.91 17.91 17.91 17.91 17.92 17.93 17.94 17.96 17.99 18.04 18.10 18.17 18.26 18.38 18.50 18.64 18.79 18.95 19.11 19.30 19.49 19.68 19.87 20.07 20.27 20.48 20.67 20.84 21.01 21.16 21.30 21.41 21.50 21.57 21.60 21.62 21.60 21.56 21.50 21.41 21.30 21.17 21.02 20.87 20.70 20.53 20.36 20.19 20.01 19.85 19.70 19.56 19.43 19.31 19.21 19.12 19.04 18.97 18.90 18.86 18.80 18.77 18.73 18.70 18.67 18.65 18.63 18.62
17.82 17.83 17.84 17.83 17.84 17.85 17.85 17.85 17.85 17.85 17.85 17.86 17.85 17.86 17.87 17.88 17.91 17.93 17.97 18.02 18.08 18.17 18.27 18.41 18.55 18.71 18.87 19.05 19.23 19.41 19.60 19.80 19.99 20.19 20.39 20.58 20.75 20.91 21.06 21.20 21.30 21.39 21.45 21.50 21.51 21.50 21.46 21.40 21.31 21.20 21.08 20.94 20.80 20.63 20.47 20.30 20.13 19.97 19.80 19.66 19.52 19.40 19.27 19.17 19.08 18.99 18.92 18.85 18.79 18.73 18.68 18.63 18.60 18.56 18.53 18.51 18.50
17.77 17.77 17.78 17.79 17.78 17.79 17.79 17.79 17.80 17.79 17.80 17.80 17.81 17.80 17.81 17.82 17.85 17.87 17.91 17.94 18.00 18.08 18.17 18.28 18.41 18.57 18.75 18.94 19.14 19.32 19.52 19.73 19.93 20.11 20.31 20.49 20.66 20.82 20.97 21.09 21.20 21.29 21.35 21.39 21.40 21.39 21.35 21.29 21.21 21.11 20.99 20.85 20.71 20.56 20.40 20.24 20.08 19.92 19.76 19.61 19.48 19.35 19.23 19.13 19.03 18.94 18.86 18.78 18.71 18.64 18.59 18.54 18.49 18.45 18.42 18.39 18.38
17.71 17.71 17.72 17.73 17.73 17.73 17.74 17.74 17.74 17.75 17.75 17.74 17.75 17.76 17.77 17.77 17.79 17.81 17.84 17.88 17.93 17.99 18.07 18.16 18.28 18.42 18.57 18.75 18.94 19.15 19.38 19.60 19.81 20.01 20.20 20.40 20.58 20.73 20.88 21.00 21.11 21.18 21.25 21.28 21.30 21.29 21.25 21.19 21.11 21.02 20.90 20.77 20.63 20.49 20.32 20.17 20.01 19.86 19.70 19.56 19.43 19.30 19.18 19.07 18.97 18.88 18.79 18.71 18.63 18.56 18.49 18.42 18.37 18.33 18.29 18.27 18.27
17.66 17.67 17.67 17.68 17.68 17.69 17.69 17.69 17.69 17.69 17.69 17.70 17.70 17.71 17.72 17.73 17.74 17.75 17.79 17.81 17.86 17.90 17.97 18.05 18.15 18.27 18.39 18.54 18.70 18.90 19.09 19.31 19.52 19.76 19.99 20.21 20.42 20.59 20.73 20.86 20.98 21.06 21.13 21.18 21.20 21.19 21.15 21.10 21.02 20.92 20.81 20.69 20.55 20.40 20.25 20.10 19.95 19.79 19.65 19.51 19.37 19.24 19.12 19.00 18.89 18.80 18.70 18.61 18.53 18.44 18.37 18.30 18.25 18.20 18.16 18.15 18.14
17.60 17.61 17.62 17.62 17.63 17.63 17.64 17.64 17.64 17.64 17.65 17.65 17.66 17.65 17.66 17.67 17.68 17.70 17.72 17.75 17.78 17.83 17.89 17.95 18.03 18.13 18.23 18.35 18.49 18.64 18.80 18.98 19.17 19.37 19.57 19.77 19.97 20.15 20.34 20.49 20.64 20.78 20.88 20.95 21.00 21.00 20.97 20.92 20.85 20.76 20.66 20.54 20.41 20.27 20.12 19.98 19.83 19.68 19.54 19.40 19.27 19.14 19.02 18.90 18.79 18.68 18.58 18.48 18.39 18.31 18.24 18.17 18.11 18.07 18.03 18.02 18.03
17.56 17.56 17.57 17.57 17.58 17.58 17.58 17.58 17.59 17.60 17.60 17.59 17.60 17.61 17.61 17.62 17.63 17.64 17.66 17.69 17.71 17.76 17.79 17.85 17.92 17.99 18.07 18.17 18.28 18.40 18.54 18.68 18.83 18.99 19.15 19.32 19.48 19.63 19.79 19.93 20.06 20.17 20.26 20.33 20.39 20.41 20.40 20.38 20.33 20.28 20.20 20.10 19.99 19.88 19.76 19.63 19.49 19.35 19.22 19.10 18.97 18.86 18.74 18.64 18.54 18.45 18.36 18.28 18.21 18.14 18.07 18.02 17.96 17.92 17.89 17.89 17.90
17.50 17.51 17.51 17.52 17.53 17.53 17.54 17.54 17.54 17.54 17.55 17.55 17.55 17.56 17.57 17.57 17.58 17.59 17.61 17.63 17.65 17.67 17.72 17.76 17.81 17.87 17.94 18.01 18.10 18.20 18.31 18.42 18.54 18.66 18.79 18.91 19.05 19.17 19.29 19.39 19.49 19.58 19.65 19.70 19.74 19.76 19.76 19.74 19.71 19.66 19.60 19.52 19.43 19.34 19.24 19.13 19.03 18.91 18.81 18.71 18.61 18.51 18.43 18.34 18.27 18.19 18.12 18.06 18.01 17.95 17.91 17.86 17.82 17.77 17.76 17.77 17.79
17.46 17.46 17.47 17.47 17.48 17.49 17.48 17.48 17.50 17.50 17.50 17.50 17.51 17.50 17.51 17.52 17.53 17.54 17.55 17.57 17.58 17.60 17.64 17.67 17.71 17.76 17.82 17.87 17.94 18.01 18.10 18.19 18.28 18.38 18.47 18.57 18.67 18.76 18.85 18.94 19.01 19.07 19.12 19.16 19.19 19.20 19.20 19.18 19.15 19.11 19.06 18.99 18.92 18.85 18.76 18.69 18.59 18.51 18.43 18.35 18.27 18.20 18.13 18.07 18.01 17.96 17.92 17.86 17.82 17.79 17.75 17.71 17.67 17.64 17.63 17.64 17.68
17.40 17.41 17.42 17.42 17.42 17.43 17.43 17.44 17.44 17.44 17.45 17.45 17.45 17.46 17.46 17.47 17.47 17.48 17.49 17.51 17.52 17.54 17.56 17.59 17.62 17.65 17.70 17.74 17.80 17.85 17.92 17.98 18.05 18.13 18.20 18.27 18.34 18.42 18.48 18.54 18.60 18.64 18.68 18.71 18.73 18.73 18.73 18.71 18.68 18.64 18.60 18.55 18.49 18.43 18.37 18.30 18.23 18.17 18.11 18.04 17.99 17.93 17.89 17.84 17.79 17.75 17.72 17.68 17.65 17.62 17.59 17.56 17.53 17.51 17.51 17.54 17.58
17.36 17.37 17.37 17.37 17.38 17.38 17.39 17.39 17.39 17.40 17.40 17.40 17.41 17.40 17.41 17.41 17.42 17.43 17.43 17.44 17.46 17.47 17.48 17.50 17.53 17.56 17.59 17.62 17.66 17.70 17.75 17.80 17.85 17.90 17.96 18.01 18.07 18.12 18.17 18.21 18.25 18.28 18.31 18.32 18.34 18.33 18.33 18.30 18.29 18.25 18.21 18.18 18.13 18.08 18.03 17.98 17.93 17.87 17.83 17.79 17.74 17.70 17.66 17.63 17.60 17.58 17.55 17.52 17.50 17.48 17.46 17.43 17.40 17.38 17.39 17.42 17.47
17.31 17.31 17.32 17.33 17.33 17.33 17.33 17.34 17.34 17.34 17.35 17.35 17.35 17.36 17.35 17.36 17.36 17.37 17.37 17.38 17.39 17.40 17.41 17.43 17.44 17.46 17.49 17.52 17.54 17.57 17.60 17.65 17.68 17.72 17.76 17.80 17.84 17.87 17.90 17.93 17.96 17.98 17.99 18.00 18.01 18.00 17.99 17.98 17.95 17.93 17.89 17.86 17.82 17.79 17.75 17.71 17.67 17.64 17.59 17.56 17.53 17.50 17.47 17.45 17.43 17.41 17.40 17.38 17.36 17.35 17.32 17.31 17.27 17.25 17.28 17.32 17.37
17.27 17.26 17.27 17.28 17.28 17.28 17.29 17.29 17.29 17.29 17.29 17.30 17.30 17.30 17.31 17.30 17.31 17.32 17.31 17.32 17.33 17.34 17.34 17.35 17.37 17.38 17.39 17.41 17.43 17.45 17.48 17.51 17.53 17.55 17.58 17.60 17.63 17.66 17.67 17.70 17.71 17.72 17.73 17.73 17.73 17.72 17.71 17.70 17.68 17.66 17.62 17.60 17.57 17.54 17.51 17.48 17.45 17.42 17.39 17.36 17.34 17.33 17.31 17.29 17.28 17.27 17.26 17.24 17.23 17.21 17.20 17.18 17.17 17.14 17.17 17.22 17.27
17.21 17.22 17.23 17.22 17.23 17.23 17.24 17.24 17.24 17.24 17.24 17.24 17.24 17.25 17.25 17.25 17.25 17.26 17.26 17.26 17.26 17.27 17.28 17.28 17.29 17.30 17.31 17.32 17.33 17.35 17.36 17.38 17.40 17.40 17.42 17.44 17.46 17.47 17.49 17.49 17.50 17.51 17.51 17.51 17.50 17.49 17.48 17.46 17.44 17.43 17.41 17.39 17.35 17.33 17.30 17.29 17.26 17.24 17.21 17.20 17.19 17.17 17.16 17.15 17.14 17.13 17.13 17.12 17.11 17.10 17.09 17.07 17.05 17.04 17.07 17.12 17.17
17.16 17.17 17.18 17.17 17.18 17.19 17.19 17.19 17.19 17.20 17.20 17.19 17.19 17.20 17.20 17.19 17.20 17.19 17.20 17.20 17.20 17.20 17.21 17.21 17.22 17.21 17.22 17.23 17.23 17.24 17.25 17.26 17.27 17.29 17.29 17.30 17.30 17.31 17.32 17.32 17.32 17.33 17.32 17.32 17.31 17.30 17.29 17.26 17.25 17.23 17.21 17.19 17.17 17.15 17.13 17.12 17.10 17.08 17.07 17.06 17.04 17.04 17.03 17.02 17.02 17.01 17.01 17.01 17.00 16.99 16.99 16.97 16.95 16.94 16.97 17.03 17.08
17.11 17.12 17.13 17.13 17.13 17.14 17.14 17.14 17.14 17.14 17.15 17.14 17.14 17.14 17.14 17.14 17.14 17.14 17.14 17.14 17.14 17.14 17.14 17.14 17.14 17.14 17.14 17.15 17.15 17.15 17.15 17.16 17.16 17.17 17.16 17.17 17.18 17.17 17.18 17.17 17.17 17.17 17.16 17.15 17.14 17.13 17.12 17.10 17.09 17.07 17.05 17.04 17.02 17.00 16.98 16.97 16.95 16.94 16.93 16.92 16.92 16.91 16.91 16.91 16.91 16.90 16.90 16.90 16.90 16.90 16.88 16.87 16.85 16.84 16.88 16.93 16.98
17.07 17.07 17.08 17.08 17.08 17.09 17.09 17.08 17.08 17.09 17.08 17.08 17.09 17.09 17.08 17.08 17.08 17.08 17.08 17.07 17.08 17.08 17.07 17.07 17.07 17.06 17.07 17.07 17.07 17.06 17.06 17.06 17.06 17.06 17.06 17.05 17.06 17.05 17.05 17.04 17.03 17.03 17.02 17.01 16.99 16.98 16.97 16.95 16.94 16.92 16.91 16.89 16.88 16.87 16.85 16.84 16.83 16.82 16.81 16.80 16.81 16.80 16.80 16.80 16.80 16.80 16.80 16.80 16.80 16.79 16.79 16.77 16.75 16.74 16.79 16.84 16.89
17.02 17.03 17.03 17.03 17.03 17.04 17.04 17.03 17.03 17.03 17.03 17.03 17.04 17.04 17.03 17.03 17.03 17.02 17.02 17.02 17.01 17.01 17.01 17.00 17.00 16.99 16.99 16.99 16.98 16.98 16.98 16.97 16.97 16.97 16.96 16.95 16.94 16.94 16.93 16.92 16.92 16.90 16.89 16.88 16.86 16.86 16.84 16.83 16.81 16.80 16.78 16.77 16.75 16.75 16.73 16.72 16.72 16.70 16.70 16.70 16.70 16.70 16.70 16.70 16.70 16.71 16.71 16.71 16.71 16.70 16.70 16.69 16.67 16.66 16.70 16.75 16.80
