datasets/raw/temp/2019100820191008.grid
ncols 886
nrows 691
xllcenter 112.0000
yllcenter -44.5000
cellsize 0.0500
nodata_value 99999.90
[rows 34 to 67 of 691, columns 308 to 384 of 886]
30.40 30.39 30.38 30.39 30.38 30.39 30.39 30.40 30.41 30.43 30.45 30.47 30.49 30.52 30.54 30.58 30.61 30.65 30.68 30.72 30.76 30.80 30.85 30.89 30.94 30.98 31.04 31.09 31.14 31.20 31.25 31.30 31.37 31.43 31.49 31.56 31.63 31.71 31.79 31.88 31.96 32.05 32.12 32.18 32.24 32.30 32.35 32.41 32.47 32.51 32.56 32.60 32.64 32.67 32.53 32.72 32.65 32.69 32.63 32.49 32.41 32.71 32.62 32.62 32.64 32.41 32.48 32.22 31.88 31.99 32.36 32.26 31.93 32.09 32.11 32.37 32.19
30.45 30.45 30.44 30.44 30.43 30.43 30.45 30.45 30.46 30.48 30.49 30.51 30.54 30.57 30.59 30.62 30.65 30.70 30.73 30.77 30.81 30.85 30.89 30.94 30.98 31.03 31.09 31.13 31.18 31.24 31.30 31.35 31.41 31.47 31.54 31.60 31.68 31.74 31.82 31.89 31.98 32.05 32.11 32.17 32.22 32.28 32.33 32.37 32.42 32.46 32.50 32.53 32.55 32.58 32.42 32.58 32.40 32.44 32.51 32.36 32.36 32.46 32.31 32.25 32.53 32.50 32.36 32.38 32.14 32.00 32.17 32.05 32.25 32.57 32.50 32.67 32.70
30.51 30.50 30.49 30.49 30.49 30.49 30.49 30.50 30.52 30.53 30.55 30.56 30.58 30.61 30.64 30.67 30.70 30.74 30.77 30.82 30.85 30.89 30.94 30.99 31.03 31.08 31.12 31.18 31.23 31.29 31.34 31.40 31.46 31.52 31.58 31.64 31.71 31.78 31.85 31.92 31.98 32.05 32.11 32.16 32.20 32.25 32.29 32.33 32.37 32.40 32.42 32.45 32.46 32.37 32.30 32.27 32.39 32.48 32.47 32.47 32.34 32.23 32.06 32.33 32.45 32.46 32.46 32.36 32.21 32.17 32.20 32.34 32.60 32.71 32.79 32.86 32.88
30.57 30.55 30.54 30.55 30.54 30.54 30.55 30.56 30.56 30.58 30.60 30.62 30.64 30.66 30.69 30.72 30.75 30.79 30.82 30.86 30.90 30.94 30.98 31.04 31.08 31.13 31.18 31.23 31.28 31.34 31.39 31.45 31.51 31.57 31.62 31.69 31.75 31.81 31.88 31.93 31.99 32.04 32.09 32.12 32.17 32.21 32.24 32.28 32.30 32.32 32.33 32.35 32.36 32.36 32.36 32.35 32.35 32.34 32.34 32.33 32.33 32.33 32.33 32.35 32.37 32.39 32.42 32.47 32.51 32.57 32.52 32.58 32.74 32.83 32.90 32.97 33.02
30.62 30.62 30.61 30.60 30.60 30.60 30.60 30.61 30.62 30.63 30.65 30.67 30.69 30.71 30.74 30.77 30.81 30.84 30.87 30.91 30.95 30.99 31.04 31.09 31.13 31.18 31.22 31.28 31.33 31.39 31.44 31.50 31.55 31.61 31.67 31.73 31.79 31.84 31.89 31.94 31.99 32.01 32.05 32.09 32.12 32.16 32.18 32.21 32.22 32.23 32.24 32.25 32.24 32.24 32.23 32.22 32.22 32.21 32.21 32.21 32.22 32.22 32.25 32.27 32.31 32.36 32.40 32.46 32.53 32.61 32.69 32.72 32.85 32.95 33.03 33.10 33.17
30.69 30.67 30.67 30.66 30.66 30.66 30.66 30.67 30.67 30.69 30.70 30.72 30.75 30.77 30.79 30.82 30.86 30.89 30.92 30.96 31.00 31.05 31.09 31.13 31.18 31.23 31.27 31.33 31.38 31.44 31.49 31.55 31.60 31.66 31.72 31.76 31.82 31.87 31.91 31.94 31.97 31.99 32.01 32.04 32.07 32.09 32.11 32.12 32.12 32.13 32.13 32.13 32.13 32.11 32.11 32.10 32.10 32.09 32.09 32.11 32.12 32.15 32.19 32.24 32.29 32.35 32.42 32.49 32.59 32.68 32.77 32.87 32.96 33.07 33.16 33.25 33.33
30.75 30.74 30.73 30.73 30.72 30.72 30.73 30.73 30.73 30.75 30.76 30.78 30.79 30.83 30.85 30.87 30.90 30.94 30.98 31.01 31.05 31.10 31.14 31.18 31.23 31.28 31.32 31.38 31.43 31.49 31.54 31.60 31.64 31.70 31.76 31.80 31.85 31.89 31.93 31.95 31.96 31.96 31.96 31.98 32.00 32.01 32.02 32.03 32.03 32.02 32.02 32.01 32.00 31.99 31.99 31.98 31.99 31.99 32.01 32.03 32.06 32.10 32.16 32.22 32.30 32.38 32.46 32.56 32.66 32.76 32.87 32.98 33.09 33.21 33.32 33.42 33.51
30.81 30.80 30.80 30.79 30.79 30.78 30.78 30.79 30.79 30.80 30.82 30.84 30.85 30.88 30.91 30.93 30.96 31.00 31.03 31.07 31.10 31.15 31.19 31.23 31.29 31.33 31.38 31.43 31.48 31.54 31.59 31.64 31.70 31.74 31.80 31.84 31.88 31.91 31.94 31.95 31.94 31.92 31.89 31.89 31.90 31.91 31.91 31.92 31.91 31.90 31.90 31.89 31.88 31.88 31.88 31.87 31.89 31.90 31.93 31.97 32.02 32.09 32.16 32.24 32.33 32.43 32.53 32.64 32.75 32.87 32.99 33.11 33.23 33.35 33.48 33.60 33.70
30.88 30.87 30.86 30.85 30.85 30.85 30.85 30.86 30.86 30.87 30.88 30.90 30.91 30.94 30.96 30.99 31.02 31.06 31.09 31.12 31.16 31.21 31.25 31.29 31.34 31.39 31.43 31.49 31.53 31.59 31.64 31.69 31.75 31.79 31.84 31.88 31.91 31.93 31.94 31.94 31.91 31.86 31.81 31.80 31.80 31.80 31.80 31.80 31.79 31.78 31.77 31.76 31.76 31.76 31.77 31.79 31.81 31.85 31.89 31.95 32.02 32.10 32.20 32.30 32.41 32.52 32.63 32.75 32.87 33.00 33.12 33.26 33.39 33.52 33.65 33.78 33.90
30.94 30.94 30.92 30.92 30.91 30.92 30.91 30.92 30.92 30.94 30.95 30.96 30.97 31.00 31.02 31.05 31.08 31.11 31.15 31.18 31.22 31.26 31.30 31.34 31.40 31.44 31.49 31.54 31.59 31.64 31.69 31.74 31.79 31.83 31.88 31.91 31.94 31.96 31.96 31.94 31.89 31.82 31.73 31.69 31.69 31.68 31.68 31.68 31.67 31.66 31.66 31.66 31.66 31.67 31.69 31.72 31.76 31.81 31.88 31.95 32.04 32.14 32.25 32.37 32.50 32.63 32.76 32.89 33.02 33.14 33.27 33.41 33.55 33.69 33.84 33.98 34.11
31.01 31.01 31.00 30.99 30.99 30.98 30.99 30.99 30.99 31.00 31.01 31.02 31.05 31.06 31.09 31.11 31.15 31.17 31.20 31.24 31.27 31.32 31.36 31.40 31.45 31.50 31.54 31.60 31.64 31.70 31.74 31.79 31.84 31.88 31.91 31.95 31.97 31.97 31.96 31.92 31.86 31.76 31.65 31.57 31.56 31.56 31.55 31.54 31.55 31.54 31.55 31.56 31.57 31.60 31.63 31.68 31.74 31.81 31.89 31.99 32.10 32.21 32.34 32.48 32.61 32.76 32.91 33.04 33.17 33.30 33.43 33.58 33.73 33.71 33.99 34.05 34.33
31.08 31.08 31.07 31.06 31.06 31.05 31.06 31.06 31.07 31.07 31.08 31.10 31.11 31.13 31.15 31.18 31.21 31.23 31.27 31.30 31.34 31.38 31.42 31.46 31.51 31.55 31.60 31.65 31.70 31.75 31.79 31.84 31.89 31.92 31.95 31.98 31.99 31.98 31.96 31.91 31.82 31.71 31.56 31.44 31.43 31.42 31.43 31.42 31.43 31.44 31.46 31.48 31.51 31.55 31.60 31.66 31.75 31.83 31.93 32.05 32.17 32.30 32.45 32.60 32.76 32.92 33.07 33.22 33.35 33.48 33.60 33.75 33.90 33.92 34.11 34.30 34.51
31.17 31.15 31.15 31.14 31.13 31.13 31.13 31.12 31.13 31.14 31.15 31.16 31.18 31.19 31.22 31.24 31.27 31.30 31.33 31.37 31.40 31.44 31.48 31.52 31.57 31.61 31.66 31.71 31.75 31.81 31.85 31.89 31.94 31.96 31.99 32.01 32.01 32.00 31.96 31.89 31.80 31.65 31.47 31.31 31.28 31.29 31.30 31.31 31.33 31.34 31.38 31.42 31.46 31.52 31.59 31.67 31.77 31.88 32.00 32.13 32.27 32.42 32.58 32.74 32.92 33.09 33.26 33.42 33.55 33.66 33.78 33.91 34.09 34.13 34.31 34.49 34.75
31.24 31.23 31.22 31.21 31.21 31.21 31.21 31.21 31.20 31.22 31.22 31.23 31.25 31.27 31.29 31.31 31.33 31.36 31.40 31.43 31.47 31.50 31.54 31.59 31.63 31.67 31.72 31.77 31.81 31.86 31.90 31.94 31.97 32.01 32.03 32.04 32.03 32.01 31.95 31.87 31.76 31.59 31.37 31.18 31.16 31.16 31.19 31.21 31.24 31.27 31.32 31.38 31.44 31.52 31.61 31.71 31.82 31.95 32.08 32.23 32.39 32.55 32.73 32.91 33.09 33.28 33.47 33.64 33.78 33.84 33.84 34.08 34.28 34.48 34.54 34.65 34.91
31.31 31.31 31.30 31.29 31.29 31.29 31.28 31.29 31.29 31.29 31.30 31.31 31.32 31.34 31.36 31.39 31.41 31.44 31.47 31.50 31.53 31.57 31.61 31.65 31.69 31.73 31.78 31.83 31.87 31.92 31.95 32.00 32.02 32.05 32.07 32.07 32.05 32.01 31.95 31.85 31.71 31.52 31.29 31.05 31.03 31.06 31.09 31.12 31.17 31.22 31.28 31.35 31.44 31.53 31.64 31.76 31.89 32.04 32.18 32.35 32.52 32.70 32.88 33.08 33.27 33.39 33.67 33.86 34.01 33.99 33.91 34.16 34.44 34.67 34.80 34.93 35.14
31.39 31.39 31.38 31.37 31.37 31.36 31.36 31.36 31.37 31.37 31.37 31.39 31.40 31.42 31.43 31.45 31.48 31.50 31.53 31.57 31.61 31.64 31.68 31.72 31.76 31.80 31.85 31.89 31.93 31.98 32.01 32.05 32.07 32.09 32.10 32.10 32.07 32.02 31.94 31.82 31.67 31.46 31.20 30.93 30.91 30.96 31.00 31.06 31.12 31.19 31.27 31.36 31.46 31.58 31.70 31.84 31.98 32.14 32.31 32.48 32.66 32.86 33.05 33.26 33.46 33.59 33.71 33.90 34.18 34.21 34.19 34.36 34.55 34.85 35.03 35.15 35.46
31.48 31.46 31.46 31.46 31.46 31.45 31.45 31.44 31.44 31.45 31.46 31.46 31.47 31.50 31.51 31.53 31.56 31.58 31.61 31.64 31.67 31.71 31.74 31.78 31.82 31.86 31.90 31.95 31.99 32.02 32.07 32.09 32.12 32.14 32.14 32.12 32.08 32.03 31.93 31.80 31.63 31.40 31.11 30.84 30.82 30.87 30.95 31.02 31.09 31.18 31.27 31.39 31.50 31.63 31.77 31.93 32.09 32.26 32.44 32.63 32.83 33.02 33.23 33.44 33.65 33.79 33.96 34.23 34.37 34.48 34.62 34.78 34.89 35.04 35.33 35.42 35.74
31.55 31.55 31.55 31.54 31.54 31.53 31.52 31.53 31.53 31.54 31.54 31.55 31.56 31.57 31.59 31.60 31.63 31.65 31.68 31.71 31.74 31.77 31.81 31.85 31.89 31.93 31.96 32.01 32.05 32.08 32.12 32.15 32.17 32.17 32.17 32.15 32.10 32.02 31.92 31.77 31.59 31.33 31.03 30.75 30.75 30.82 30.90 30.98 31.07 31.18 31.29 31.41 31.55 31.69 31.86 32.02 32.20 32.39 32.58 32.78 32.99 33.20 33.42 33.64 33.65 33.86 34.12 34.31 34.58 34.75 34.91 35.10 35.21 35.41 35.58 35.77 36.04
31.64 31.64 31.63 31.63 31.63 31.62 31.62 31.62 31.61 31.62 31.63 31.63 31.64 31.65 31.67 31.69 31.71 31.73 31.76 31.79 31.82 31.85 31.89 31.92 31.95 32.00 32.04 32.08 32.11 32.14 32.17 32.20 32.22 32.22 32.21 32.17 32.12 32.03 31.91 31.75 31.53 31.27 30.96 30.69 30.70 30.78 30.87 30.97 31.08 31.20 31.33 31.46 31.62 31.78 31.95 32.13 32.33 32.52 32.73 32.95 33.17 33.39 33.61 33.83 34.05 34.14 34.34 34.61 34.74 34.95 35.21 35.39 35.48 35.71 35.83 36.02 36.26
31.73 31.73 31.72 31.72 31.72 31.71 31.71 31.70 31.71 31.71 31.71 31.72 31.73 31.74 31.75 31.77 31.79 31.82 31.84 31.86 31.89 31.92 31.96 32.00 32.03 32.07 32.11 32.14 32.18 32.21 32.23 32.25 32.26 32.26 32.24 32.20 32.13 32.04 31.90 31.72 31.50 31.22 30.89 30.63 30.67 30.76 30.86 30.98 31.10 31.23 31.38 31.52 31.69 31.87 32.05 32.25 32.45 32.67 32.88 33.12 33.34 33.58 33.81 34.04 34.24 34.44 34.57 34.87 34.99 35.12 35.50 35.69 35.79 35.96 36.18 36.14 36.59
31.82 31.82 31.82 31.81 31.80 31.80 31.80 31.80 31.80 31.80 31.80 31.82 31.81 31.83 31.84 31.86 31.88 31.90 31.92 31.94 31.97 32.01 32.03 32.07 32.10 32.14 32.18 32.21 32.24 32.27 32.29 32.30 32.31 32.30 32.27 32.23 32.15 32.04 31.89 31.70 31.45 31.16 30.82 30.60 30.65 30.76 30.87 31.00 31.12 31.27 31.42 31.59 31.77 31.96 32.16 32.37 32.59 32.81 33.05 33.28 33.52 33.65 33.99 34.26 34.50 34.73 34.95 35.13 35.24 35.44 35.72 35.97 36.14 36.27 36.39 36.57 36.87
31.92 31.92 31.91 31.90 31.90 31.90 31.90 31.89 31.90 31.90 31.90 31.90 31.91 31.92 31.93 31.94 31.96 31.99 32.00 32.03 32.05 32.08 32.11 32.15 32.17 32.21 32.25 32.28 32.31 32.33 32.35 32.36 32.35 32.34 32.31 32.25 32.16 32.05 31.89 31.68 31.42 31.11 30.77 30.59 30.65 30.77 30.89 31.02 31.17 31.32 31.49 31.66 31.85 32.05 32.26 32.49 32.72 32.96 33.21 33.45 33.69 33.84 34.08 34.38 34.69 34.94 35.19 35.37 35.52 35.73 35.94 36.19 36.37 36.53 36.58 36.90 37.12
32.02 32.01 32.01 32.00 32.00 31.99 32.00 31.99 31.99 31.99 32.00 31.99 32.00 32.01 32.03 32.03 32.05 32.07 32.09 32.11 32.13 32.17 32.19 32.22 32.26 32.28 32.32 32.35 32.38 32.40 32.40 32.42 32.41 32.39 32.35 32.28 32.19 32.06 31.88 31.67 31.39 31.07 30.73 30.58 30.66 30.78 30.91 31.06 31.21 31.37 31.54 31.73 31.94 32.14 32.37 32.61 32.85 33.11 33.37 33.63 33.82 34.03 34.32 34.49 34.88 35.09 35.33 35.57 35.73 35.78 36.23 36.43 36.42 36.69 36.85 37.09 37.42
32.11 32.11 32.11 32.10 32.10 32.10 32.10 32.09 32.09 32.09 32.09 32.10 32.10 32.11 32.12 32.13 32.14 32.16 32.18 32.20 32.22 32.25 32.27 32.30 32.33 32.36 32.39 32.42 32.44 32.46 32.47 32.47 32.47 32.44 32.38 32.31 32.21 32.07 31.88 31.66 31.38 31.04 30.70 30.60 30.68 30.81 30.95 31.10 31.26 31.42 31.61 31.81 32.02 32.24 32.48 32.72 32.98 33.25 33.52 33.80 34.03 34.29 34.56 34.79 35.14 35.41 35.64 35.51 35.89 36.21 36.49 36.58 36.74 36.91 37.14 37.48 37.74
32.21 32.21 32.21 32.21 32.20 32.21 32.20 32.20 32.19 32.19 32.19 32.20 32.21 32.21 32.22 32.22 32.24 32.25 32.27 32.29 32.31 32.33 32.36 32.39 32.41 32.44 32.46 32.49 32.51 32.53 32.54 32.53 32.52 32.48 32.43 32.35 32.23 32.09 31.89 31.66 31.37 31.02 30.69 30.62 30.71 30.84 30.99 31.14 31.31 31.48 31.67 31.87 32.09 32.33 32.57 32.83 33.11 33.39 33.67 33.95 34.26 34.54 34.85 35.10 35.40 35.61 35.89 36.06 36.25 36.42 36.62 36.77 37.00 37.22 37.41 37.59 37.95
32.32 32.32 32.31 32.31 32.32 32.31 32.30 32.31 32.31 32.31 32.30 32.30 32.31 32.31 32.32 32.33 32.33 32.34 32.37 32.38 32.40 32.42 32.44 32.46 32.50 32.52 32.54 32.57 32.58 32.60 32.59 32.59 32.57 32.53 32.48 32.38 32.27 32.11 31.91 31.67 31.37 31.02 30.69 30.65 30.76 30.88 31.03 31.19 31.35 31.54 31.73 31.95 32.17 32.41 32.67 32.91 33.21 33.51 33.80 34.11 34.43 34.74 35.03 35.33 35.56 35.85 36.09 36.39 36.52 36.80 36.96 37.12 37.25 37.41 37.21 37.68 38.00
32.43 32.42 32.42 32.42 32.43 32.42 32.42 32.41 32.41 32.41 32.41 32.41 32.41 32.41 32.43 32.43 32.44 32.45 32.46 32.48 32.49 32.51 32.53 32.55 32.58 32.60 32.62 32.64 32.65 32.66 32.66 32.66 32.63 32.59 32.52 32.43 32.31 32.14 31.94 31.69 31.38 31.03 30.70 30.69 30.81 30.94 31.08 31.23 31.41 31.59 31.79 32.01 32.24 32.50 32.76 33.00 33.15 33.57 33.92 34.23 34.58 34.86 35.19 35.46 35.80 36.07 36.18 36.52 36.74 36.87 37.16 37.31 37.43 37.52 37.84 38.09 38.27
32.54 32.54 32.53 32.54 32.54 32.53 32.53 32.53 32.53 32.53 32.52 32.52 32.52 32.52 32.53 32.54 32.54 32.55 32.57 32.57 32.59 32.61 32.63 32.65 32.67 32.69 32.71 32.72 32.73 32.73 32.74 32.72 32.69 32.65 32.58 32.48 32.35 32.19 31.98 31.72 31.42 31.07 30.74 30.75 30.86 30.99 31.13 31.29 31.46 31.64 31.86 32.07 32.32 32.57 32.84 33.07 33.27 33.65 33.99 34.36 34.38 35.03 35.32 35.57 35.97 36.16 35.93 36.61 36.98 37.10 37.27 37.58 37.60 37.72 38.01 38.39 38.60
32.64 32.65 32.65 32.65 32.65 32.65 32.64 32.64 32.64 32.64 32.63 32.63 32.64 32.64 32.64 32.64 32.65 32.65 32.66 32.68 32.69 32.70 32.72 32.74 32.75 32.77 32.79 32.80 32.81 32.81 32.80 32.78 32.75 32.71 32.63 32.53 32.40 32.23 32.03 31.77 31.47 31.12 30.81 30.81 30.92 31.04 31.19 31.34 31.51 31.71 31.91 32.13 32.38 32.64 32.92 33.03 33.38 33.74 34.07 34.43 34.72 35.17 35.42 35.77 36.09 36.31 35.85 36.50 37.09 37.23 37.12 37.69 37.87 37.87 38.25 38.58 38.81
32.76 32.77 32.77 32.77 32.78 32.77 32.77 32.76 32.76 32.76 32.75 32.75 32.74 32.74 32.75 32.75 32.76 32.76 32.77 32.77 32.79 32.80 32.81 32.82 32.84 32.85 32.87 32.88 32.89 32.88 32.88 32.85 32.82 32.77 32.69 32.59 32.45 32.29 32.08 31.83 31.54 31.20 30.88 30.89 31.00 31.12 31.25 31.40 31.58 31.76 31.97 32.20 32.44 32.70 32.99 33.15 33.56 33.87 34.23 34.64 35.01 35.28 35.76 36.05 36.39 36.67 36.32 36.11 36.40 37.28 37.60 37.82 38.04 38.28 38.55 38.77 38.95
32.88 32.89 32.90 32.89 32.89 32.89 32.89 32.88 32.88 32.88 32.87 32.87 32.86 32.86 32.87 32.86 32.87 32.87 32.88 32.88 32.89 32.90 32.91 32.92 32.94 32.94 32.95 32.96 32.97 32.96 32.94 32.92 32.88 32.83 32.76 32.65 32.52 32.35 32.15 31.90 31.61 31.29 30.98 30.98 31.08 31.19 31.32 31.47 31.63 31.82 32.03 32.25 32.50 32.77 33.06 33.38 33.70 34.03 34.40 34.74 35.14 35.53 35.93 36.23 36.62 36.95 37.06 36.31 36.48 36.78 37.84 37.90 38.20 38.41 38.76 38.78 39.11
33.00 33.01 33.02 33.02 33.01 33.01 33.01 33.01 33.00 33.00 33.00 32.99 32.98 32.98 32.99 32.98 32.98 32.99 32.99 32.99 32.99 33.00 33.01 33.02 33.02 33.04 33.04 33.04 33.04 33.04 33.01 32.99 32.95 32.90 32.81 32.71 32.58 32.41 32.22 31.98 31.71 31.39 31.10 31.09 31.17 31.28 31.40 31.55 31.71 31.89 32.09 32.32 32.56 32.83 33.13 33.45 33.79 34.15 34.51 34.89 35.31 35.67 36.00 36.35 36.76 37.13 37.41 37.53 37.14 37.85 37.88 38.07 38.53 38.77 38.97 39.08 39.20
33.13 33.14 33.15 33.15 33.15 33.15 33.14 33.14 33.13 33.12 33.12 33.12 33.11 33.10 33.11 33.10 33.10 33.10 33.10 33.10 33.10 33.11 33.12 33.12 33.12 33.12 33.13 33.12 33.12 33.11 33.09 33.07 33.01 32.96 32.88 32.78 32.65 32.49 32.30 32.07 31.80 31.51 31.24 31.20 31.29 31.38 31.49 31.64 31.79 31.97 32.16 32.38 32.63 32.90 33.20 33.52 33.87 34.23 34.62 34.99 35.41 35.78 36.17 36.53 36.72 37.20 37.51 37.85 37.98 37.94 37.81 38.28 38.63 38.95 38.98 39.22 39.29
33.26 33.27 33.27 33.28 33.28 33.27 33.27 33.27 33.26 33.25 33.25 33.25 33.24 33.24 33.23 33.22 33.22 33.22 33.22 33.21 33.22 33.22 33.22 33.22 33.22 33.22 33.22 33.22 33.20 33.18 33.16 33.13 33.08 33.02 32.94 32.84 32.72 32.56 32.38 32.17 31.92 31.64 31.38 31.35 31.41 31.50 31.61 31.73 31.88 32.04 32.24 32.45 32.69 32.97 33.27 33.59 33.94 34.30 34.70 35.10 35.43 35.77 36.11 36.60 36.86 37.19 37.56 37.99 38.19 37.76 38.08 38.18 38.82 39.03 38.49 39.25 39.16
