datasets/raw/temp/2019122720191227.grid
ncols 886
nrows 691
xllcenter 112.0000
yllcenter -44.5000
cellsize 0.0500
nodata_value 99999.90
[rows 102 to 135 of 691, columns 0 to 76 of 886]
28.30 28.33 28.36 28.38 28.41 28.44 28.47 28.50 28.53 28.56 28.59 28.63 28.65 28.68 28.71 28.75 28.78 28.81 28.84 28.87 28.90 28.94 28.97 29.00 29.03 29.07 29.10 29.13 29.17 29.20 29.23 29.26 29.31 29.34 29.37 29.41 29.44 29.47 29.51 29.55 29.58 29.61 29.64 29.69 29.72 29.75 29.78 29.83 29.86 29.89 29.93 29.96 30.00 30.04 30.07 30.10 30.14 30.18 30.21 30.25 30.28 30.31 30.36 30.39 30.42 30.46 30.49 30.52 30.56 30.59 30.63 30.66 30.70 30.74 30.77 30.81 30.84
28.31 28.34 28.37 28.39 28.42 28.46 28.49 28.51 28.55 28.58 28.61 28.64 28.67 28.70 28.74 28.77 28.80 28.84 28.87 28.90 28.94 28.97 29.00 29.04 29.07 29.10 29.13 29.17 29.20 29.23 29.28 29.31 29.34 29.38 29.41 29.45 29.48 29.52 29.55 29.59 29.63 29.66 29.70 29.73 29.77 29.81 29.84 29.88 29.92 29.95 29.99 30.02 30.07 30.10 30.13 30.17 30.20 30.25 30.28 30.32 30.35 30.39 30.43 30.46 30.50 30.53 30.57 30.60 30.64 30.68 30.72 30.75 30.79 30.82 30.86 30.89 30.93
28.32 28.35 28.38 28.41 28.45 28.47 28.50 28.54 28.57 28.59 28.63 28.66 28.69 28.73 28.76 28.79 28.83 28.86 28.89 28.93 28.96 28.99 29.03 29.06 29.10 29.14 29.17 29.20 29.24 29.28 29.31 29.35 29.38 29.42 29.45 29.50 29.53 29.56 29.61 29.64 29.67 29.72 29.75 29.79 29.82 29.87 29.90 29.94 29.98 30.02 30.05 30.09 30.13 30.17 30.20 30.24 30.29 30.32 30.36 30.39 30.43 30.47 30.51 30.54 30.58 30.62 30.65 30.70 30.73 30.77 30.80 30.84 30.88 30.91 30.95 30.99 31.03
28.33 28.37 28.39 28.42 28.46 28.49 28.52 28.56 28.58 28.61 28.65 28.68 28.71 28.75 28.78 28.82 28.85 28.88 28.91 28.96 28.99 29.03 29.06 29.09 29.14 29.17 29.20 29.25 29.28 29.31 29.36 29.39 29.42 29.47 29.50 29.54 29.58 29.62 29.65 29.70 29.73 29.77 29.81 29.85 29.88 29.93 29.97 30.00 30.05 30.09 30.12 30.16 30.20 30.24 30.28 30.31 30.36 30.40 30.43 30.47 30.52 30.55 30.59 30.63 30.68 30.71 30.75 30.79 30.82 30.86 30.91 30.94 30.98 31.02 31.05 31.09 31.13
28.34 28.38 28.41 28.44 28.48 28.50 28.53 28.57 28.60 28.64 28.67 28.70 28.74 28.77 28.80 28.85 28.88 28.92 28.95 28.98 29.03 29.06 29.09 29.14 29.17 29.20 29.25 29.28 29.32 29.36 29.39 29.44 29.48 29.51 29.56 29.59 29.63 29.67 29.71 29.75 29.79 29.83 29.88 29.91 29.95 30.00 30.04 30.07 30.11 30.16 30.20 30.23 30.28 30.32 30.36 30.39 30.44 30.48 30.52 30.57 30.60 30.64 30.68 30.73 30.77 30.80 30.84 30.88 30.92 30.97 31.00 31.04 31.08 31.12 31.17 31.21 31.24
28.36 28.40 28.43 28.45 28.49 28.52 28.55 28.59 28.62 28.66 28.69 28.73 28.77 28.80 28.84 28.87 28.90 28.95 28.98 29.02 29.06 29.09 29.14 29.17 29.20 29.25 29.28 29.33 29.37 29.41 29.45 29.48 29.53 29.57 29.60 29.65 29.69 29.73 29.77 29.81 29.86 29.90 29.93 29.98 30.02 30.06 30.11 30.15 30.19 30.23 30.27 30.31 30.36 30.40 30.44 30.49 30.53 30.57 30.61 30.66 30.70 30.73 30.78 30.82 30.86 30.90 30.95 30.99 31.03 31.07 31.11 31.15 31.20 31.24 31.28 31.32 31.36
28.37 28.41 28.44 28.47 28.51 28.54 28.58 28.61 28.64 28.69 28.72 28.76 28.79 28.83 28.87 28.90 28.94 28.98 29.01 29.06 29.09 29.14 29.17 29.22 29.25 29.29 29.33 29.37 29.42 29.45 29.49 29.54 29.58 29.63 29.66 29.70 29.75 29.79 29.84 29.88 29.92 29.97 30.01 30.05 30.09 30.13 30.18 30.22 30.27 30.32 30.36 30.40 30.45 30.49 30.53 30.58 30.62 30.66 30.71 30.75 30.79 30.84 30.88 30.92 30.96 31.02 31.06 31.10 31.14 31.19 31.23 31.27 31.31 31.35 31.39 31.44 31.48
28.39 28.43 28.46 28.50 28.53 28.56 28.60 28.64 28.68 28.71 28.74 28.79 28.82 28.86 28.90 28.94 28.98 29.01 29.06 29.09 29.14 29.17 29.22 29.26 29.29 29.34 29.38 29.43 29.46 29.51 29.55 29.59 29.64 29.68 29.73 29.77 29.82 29.86 29.90 29.95 29.99 30.04 30.08 30.12 30.17 30.21 30.27 30.31 30.35 30.40 30.44 30.50 30.54 30.58 30.62 30.67 30.72 30.77 30.81 30.85 30.89 30.95 30.99 31.03 31.08 31.13 31.17 31.21 31.26 31.30 31.35 31.39 31.44 31.48 31.52 31.57 31.61
28.41 28.45 28.48 28.52 28.55 28.59 28.63 28.66 28.70 28.74 28.78 28.81 28.86 28.89 28.93 28.97 29.01 29.05 29.09 29.14 29.17 29.22 29.26 29.30 29.35 29.39 29.43 29.47 29.52 29.56 29.61 29.65 29.70 29.74 29.79 29.84 29.88 29.93 29.97 30.02 30.07 30.11 30.16 30.20 30.26 30.30 30.35 30.40 30.44 30.49 30.54 30.59 30.63 30.68 30.73 30.78 30.82 30.87 30.92 30.96 31.01 31.06 31.11 31.16 31.20 31.24 31.30 31.34 31.38 31.43 31.48 31.52 31.57 31.61 31.66 31.71 31.75
28.43 28.47 28.50 28.54 28.58 28.61 28.65 28.70 28.73 28.76 28.81 28.84 28.89 28.93 28.97 29.01 29.05 29.09 29.14 29.18 29.23 29.26 29.30 29.35 29.39 29.44 29.48 29.53 29.58 29.63 29.67 29.72 29.76 29.81 29.86 29.91 29.95 30.00 30.05 30.09 30.15 30.19 30.25 30.29 30.35 30.39 30.45 30.49 30.54 30.59 30.64 30.69 30.74 30.79 30.84 30.88 30.94 30.98 31.03 31.08 31.13 31.19 31.23 31.28 31.33 31.38 31.42 31.47 31.52 31.57 31.61 31.67 31.71 31.76 31.80 31.86 31.90
28.45 28.49 28.52 28.57 28.60 28.64 28.68 28.72 28.76 28.80 28.84 28.89 28.92 28.96 29.01 29.05 29.09 29.14 29.18 29.23 29.27 29.32 29.36 29.40 29.45 29.49 29.55 29.59 29.64 29.68 29.74 29.78 29.83 29.88 29.93 29.98 30.03 30.08 30.13 30.18 30.23 30.28 30.34 30.38 30.44 30.49 30.54 30.59 30.64 30.69 30.74 30.80 30.84 30.90 30.95 31.00 31.05 31.10 31.16 31.21 31.25 31.31 31.36 31.41 31.46 31.51 31.57 31.61 31.66 31.72 31.76 31.81 31.86 31.91 31.96 32.01 32.05
28.47 28.51 28.55 28.59 28.63 28.67 28.71 28.75 28.79 28.84 28.87 28.92 28.96 29.01 29.05 29.09 29.13 29.18 29.22 29.28 29.32 29.37 29.41 29.46 29.51 29.56 29.61 29.66 29.70 29.76 29.81 29.86 29.91 29.96 30.01 30.06 30.12 30.16 30.22 30.27 30.33 30.37 30.43 30.48 30.54 30.59 30.65 30.69 30.75 30.80 30.85 30.91 30.96 31.02 31.07 31.13 31.18 31.24 31.29 31.33 31.39 31.44 31.50 31.55 31.60 31.66 31.71 31.76 31.81 31.86 31.92 31.97 32.02 32.07 32.12 32.17 32.22
28.50 28.54 28.57 28.62 28.66 28.70 28.75 28.78 28.83 28.87 28.92 28.96 29.01 29.05 29.10 29.14 29.19 29.23 29.28 29.32 29.38 29.42 29.47 29.52 29.57 29.62 29.67 29.73 29.78 29.83 29.88 29.94 29.98 30.04 30.09 30.15 30.20 30.26 30.30 30.36 30.41 30.47 30.53 30.58 30.64 30.69 30.76 30.81 30.87 30.92 30.98 31.03 31.09 31.14 31.20 31.26 31.31 31.37 31.42 31.48 31.53 31.59 31.64 31.69 31.76 31.81 31.87 31.92 31.97 32.03 32.08 32.13 32.19 32.24 32.29 32.35 32.40
28.52 28.57 28.61 28.65 28.70 28.73 28.78 28.82 28.87 28.91 28.96 29.00 29.05 29.09 29.14 29.19 29.24 29.29 29.33 29.39 29.43 29.49 29.53 29.59 29.64 29.69 29.75 29.80 29.85 29.90 29.96 30.01 30.07 30.13 30.18 30.24 30.29 30.35 30.40 30.46 30.52 30.58 30.64 30.69 30.76 30.81 30.87 30.92 30.99 31.04 31.10 31.16 31.22 31.27 31.34 31.39 31.45 31.51 31.57 31.63 31.69 31.74 31.80 31.86 31.91 31.97 32.03 32.09 32.14 32.19 32.26 32.31 32.37 32.42 32.47 32.53 32.59
28.55 28.59 28.64 28.68 28.73 28.77 28.82 28.85 28.90 28.95 29.00 29.05 29.09 29.14 29.19 29.24 29.29 29.34 29.40 29.44 29.50 29.54 29.60 29.65 29.71 29.77 29.82 29.88 29.93 29.99 30.05 30.10 30.16 30.21 30.28 30.34 30.39 30.45 30.51 30.57 30.63 30.69 30.74 30.81 30.87 30.93 30.99 31.05 31.12 31.17 31.24 31.29 31.36 31.41 31.48 31.54 31.60 31.67 31.72 31.79 31.84 31.91 31.96 32.02 32.08 32.14 32.20 32.26 32.32 32.38 32.43 32.50 32.55 32.61 32.67 32.72 32.78
28.59 28.63 28.67 28.71 28.76 28.80 28.85 28.90 28.94 29.00 29.04 29.09 29.14 29.19 29.25 29.29 29.35 29.41 29.45 29.51 29.56 29.62 29.68 29.73 29.79 29.84 29.90 29.95 30.01 30.08 30.13 30.19 30.25 30.31 30.38 30.43 30.50 30.55 30.62 30.68 30.74 30.81 30.88 30.93 31.00 31.06 31.12 31.18 31.25 31.32 31.38 31.44 31.50 31.57 31.63 31.70 31.76 31.82 31.88 31.95 32.01 32.08 32.13 32.20 32.26 32.33 32.38 32.45 32.51 32.57 32.63 32.69 32.75 32.81 32.87 32.93 32.99
28.62 28.66 28.71 28.75 28.80 28.85 28.89 28.94 28.99 29.04 29.10 29.14 29.20 29.24 29.30 29.36 29.41 29.46 29.52 29.57 29.63 29.68 29.75 29.81 29.86 29.92 29.98 30.04 30.11 30.16 30.23 30.29 30.35 30.42 30.48 30.54 30.61 30.67 30.74 30.80 30.86 30.93 30.99 31.06 31.13 31.19 31.26 31.33 31.39 31.46 31.52 31.60 31.67 31.73 31.80 31.86 31.93 31.99 32.06 32.12 32.19 32.26 32.32 32.39 32.45 32.51 32.58 32.65 32.71 32.77 32.84 32.89 32.96 33.02 33.09 33.15 33.20
28.65 28.69 28.74 28.79 28.84 28.89 28.93 28.99 29.04 29.09 29.15 29.20 29.25 29.31 29.36 29.42 29.48 29.53 29.59 29.65 29.70 29.77 29.83 29.88 29.95 30.00 30.07 30.14 30.20 30.26 30.33 30.39 30.46 30.53 30.59 30.66 30.73 30.79 30.86 30.93 30.99 31.06 31.14 31.20 31.27 31.34 31.41 31.48 31.54 31.62 31.69 31.76 31.83 31.89 31.97 32.04 32.10 32.18 32.24 32.31 32.38 32.45 32.52 32.58 32.66 32.72 32.79 32.85 32.92 32.98 33.05 33.12 33.19 33.25 33.31 33.38 33.44
28.69 28.74 28.78 28.83 28.88 28.93 28.99 29.03 29.09 29.15 29.20 29.26 29.32 29.37 29.43 29.49 29.54 29.60 29.67 29.72 29.79 29.85 29.91 29.98 30.04 30.10 30.17 30.24 30.30 30.37 30.44 30.50 30.57 30.64 30.71 30.78 30.85 30.92 30.99 31.06 31.13 31.20 31.28 31.35 31.42 31.50 31.56 31.64 31.71 31.78 31.86 31.92 32.00 32.08 32.14 32.22 32.30 32.36 32.44 32.50 32.58 32.65 32.72 32.80 32.86 32.94 33.00 33.07 33.14 33.21 33.28 33.35 33.41 33.48 33.55 33.62 33.68
28.72 28.78 28.82 28.88 28.93 28.98 29.04 29.09 29.14 29.20 29.26 29.31 29.38 29.44 29.49 29.55 29.62 29.67 29.74 29.81 29.86 29.93 30.00 30.06 30.13 30.20 30.26 30.34 30.41 30.48 30.54 30.62 30.69 30.76 30.83 30.91 30.99 31.05 31.13 31.21 31.27 31.35 31.43 31.50 31.58 31.66 31.73 31.80 31.88 31.96 32.03 32.11 32.19 32.26 32.34 32.41 32.49 32.57 32.64 32.72 32.78 32.86 32.94 33.01 33.09 33.16 33.23 33.31 33.38 33.45 33.52 33.59 33.66 33.73 33.80 33.87 33.94
28.76 28.82 28.88 28.92 28.98 29.04 29.09 29.15 29.20 29.26 29.32 29.39 29.44 29.50 29.57 29.63 29.69 29.76 29.83 29.89 29.96 30.03 30.09 30.16 30.24 30.30 30.37 30.45 30.52 30.59 30.67 30.74 30.82 30.89 30.97 31.05 31.12 31.19 31.28 31.36 31.43 31.51 31.59 31.66 31.74 31.82 31.91 31.98 32.06 32.14 32.22 32.30 32.38 32.47 32.54 32.62 32.70 32.77 32.86 32.94 33.01 33.09 33.16 33.24 33.33 33.40 33.48 33.55 33.62 33.70 33.77 33.85 33.92 34.00 34.06 34.14 34.21
28.81 28.86 28.92 28.97 29.03 29.09 29.14 29.20 29.27 29.33 29.38 29.45 29.52 29.57 29.64 29.71 29.78 29.84 29.91 29.98 30.05 30.12 30.19 30.27 30.33 30.41 30.49 30.57 30.63 30.71 30.79 30.87 30.94 31.03 31.11 31.19 31.26 31.35 31.43 31.51 31.59 31.67 31.76 31.84 31.92 32.00 32.09 32.17 32.25 32.34 32.42 32.51 32.58 32.67 32.76 32.83 32.92 33.00 33.08 33.16 33.25 33.32 33.41 33.49 33.57 33.65 33.73 33.81 33.89 33.96 34.04 34.12 34.19 34.27 34.34 34.42 34.49
28.85 28.91 28.97 29.03 29.08 29.15 29.21 29.26 29.33 29.39 29.46 29.52 29.59 29.66 29.73 29.79 29.86 29.94 30.01 30.07 30.15 30.23 30.30 30.37 30.45 30.53 30.61 30.68 30.76 30.85 30.93 31.00 31.09 31.17 31.26 31.34 31.42 31.51 31.59 31.68 31.76 31.85 31.93 32.02 32.11 32.19 32.28 32.37 32.46 32.54 32.63 32.72 32.81 32.89 32.98 33.07 33.15 33.23 33.32 33.41 33.49 33.58 33.67 33.74 33.83 33.92 33.99 34.08 34.16 34.24 34.32 34.40 34.48 34.56 34.64 34.72 34.79
28.91 28.96 29.02 29.09 29.14 29.20 29.27 29.34 29.39 29.46 29.53 29.60 29.66 29.74 29.81 29.88 29.96 30.03 30.10 30.18 30.26 30.33 30.41 30.49 30.57 30.66 30.73 30.81 30.90 30.98 31.07 31.15 31.24 31.32 31.41 31.50 31.58 31.67 31.76 31.86 31.95 32.03 32.12 32.21 32.31 32.40 32.48 32.58 32.67 32.76 32.85 32.94 33.03 33.13 33.22 33.30 33.39 33.49 33.58 33.66 33.75 33.84 33.94 34.02 34.11 34.20 34.28 34.37 34.45 34.53 34.62 34.71 34.78 34.87 34.95 35.03 35.11
28.96 29.01 29.08 29.14 29.21 29.28 29.33 29.40 29.47 29.54 29.61 29.68 29.75 29.83 29.91 29.97 30.05 30.13 30.21 30.29 30.36 30.45 30.53 30.62 30.70 30.78 30.86 30.95 31.04 31.13 31.21 31.30 31.39 31.49 31.58 31.67 31.76 31.85 31.95 32.04 32.14 32.22 32.32 32.41 32.51 32.61 32.70 32.79 32.89 32.99 33.08 33.18 33.28 33.37 33.46 33.56 33.66 33.74 33.84 33.93 34.03 34.12 34.21 34.30 34.40 34.48 34.58 34.67 34.75 34.84 34.93 35.01 35.10 35.19 35.27 35.35 35.43
29.01 29.08 29.14 29.20 29.27 29.34 29.41 29.47 29.55 29.62 29.70 29.77 29.84 29.92 30.00 30.08 30.16 30.23 30.32 30.40 30.49 30.57 30.66 30.74 30.83 30.92 31.01 31.10 31.19 31.28 31.37 31.46 31.56 31.66 31.75 31.85 31.94 32.04 32.14 32.23 32.33 32.43 32.53 32.63 32.73 32.83 32.93 33.03 33.13 33.23 33.32 33.43 33.53 33.63 33.73 33.82 33.92 34.02 34.12 34.22 34.31 34.41 34.51 34.61 34.70 34.79 34.89 34.98 35.08 35.17 35.26 35.35 35.42 35.50 35.57 35.61 35.63
29.07 29.14 29.21 29.27 29.34 29.41 29.49 29.56 29.64 29.70 29.78 29.86 29.94 30.02 30.09 30.18 30.26 30.35 30.44 30.52 30.61 30.69 30.78 30.88 30.97 31.06 31.16 31.25 31.34 31.44 31.54 31.64 31.74 31.84 31.94 32.04 32.14 32.23 32.34 32.44 32.54 32.65 32.75 32.86 32.95 33.06 33.16 33.27 33.38 33.48 33.59 33.69 33.79 33.90 34.00 34.11 34.21 34.32 34.42 34.51 34.62 34.72 34.82 34.92 35.02 35.12 35.22 35.32 35.40 35.48 35.56 35.63 35.65 35.67 35.68 35.68 35.69
29.13 29.20 29.27 29.35 29.42 29.49 29.56 29.64 29.72 29.80 29.88 29.95 30.04 30.12 30.21 30.29 30.38 30.46 30.55 30.64 30.74 30.83 30.93 31.02 31.12 31.22 31.31 31.41 31.51 31.61 31.71 31.82 31.92 32.02 32.13 32.24 32.33 32.44 32.55 32.66 32.76 32.87 32.98 33.09 33.20 33.31 33.42 33.53 33.63 33.74 33.85 33.96 34.07 34.18 34.29 34.40 34.51 34.61 34.72 34.83 34.94 35.04 35.15 35.25 35.35 35.44 35.53 35.61 35.65 35.68 35.70 35.71 35.72 35.72 35.72 35.72 35.72
29.20 29.27 29.34 29.42 29.50 29.57 29.64 29.72 29.81 29.89 29.97 30.06 30.15 30.23 30.31 30.41 30.50 30.59 30.69 30.78 30.88 30.98 31.08 31.17 31.27 31.37 31.47 31.58 31.68 31.79 31.90 32.00 32.11 32.22 32.33 32.44 32.56 32.67 32.78 32.88 33.00 33.11 33.22 33.34 33.45 33.57 33.68 33.80 33.91 34.03 34.14 34.26 34.37 34.49 34.59 34.71 34.82 34.94 35.05 35.16 35.27 35.38 35.47 35.56 35.64 35.67 35.70 35.72 35.73 35.73 35.74 35.74 35.75 35.74 35.75 35.75 35.75
29.27 29.35 29.42 29.50 29.57 29.66 29.74 29.82 29.91 29.99 30.07 30.16 30.25 30.35 30.44 30.53 30.63 30.73 30.83 30.93 31.02 31.12 31.22 31.33 31.43 31.54 31.65 31.76 31.87 31.98 32.09 32.20 32.32 32.43 32.55 32.66 32.78 32.90 33.01 33.13 33.25 33.37 33.49 33.60 33.72 33.84 33.96 34.08 34.20 34.32 34.44 34.56 34.68 34.80 34.92 35.04 35.15 35.27 35.38 35.48 35.58 35.65 35.67 35.70 35.72 35.73 35.74 35.75 35.76 35.76 35.76 35.77 35.77 35.78 35.78 35.78 35.78
29.34 29.42 29.50 29.58 29.66 29.74 29.83 29.92 30.01 30.10 30.19 30.28 30.38 30.47 30.56 30.66 30.76 30.86 30.96 31.07 31.17 31.28 31.39 31.50 31.61 31.72 31.83 31.95 32.06 32.18 32.29 32.41 32.53 32.65 32.77 32.89 33.01 33.14 33.26 33.38 33.51 33.63 33.75 33.88 34.00 34.13 34.25 34.38 34.51 34.63 34.76 34.88 35.01 35.13 35.25 35.37 35.48 35.58 35.64 35.67 35.70 35.71 35.73 35.74 35.75 35.76 35.77 35.77 35.78 35.79 35.79 35.79 35.80 35.80 35.81 35.81 35.80
29.42 29.50 29.59 29.67 29.76 29.84 29.93 30.03 30.11 30.20 30.30 30.40 30.49 30.59 30.70 30.80 30.90 31.01 31.12 31.23 31.34 31.45 31.56 31.68 31.79 31.91 32.03 32.14 32.26 32.39 32.51 32.63 32.76 32.88 33.01 33.13 33.26 33.39 33.52 33.64 33.77 33.90 34.03 34.16 34.29 34.43 34.56 34.69 34.82 34.95 35.08 35.21 35.33 35.44 35.55 35.62 35.65 35.68 35.70 35.71 35.73 35.74 35.75 35.76 35.77 35.78 35.79 35.80 35.81 35.81 35.82 35.83 35.83 35.83 35.83 35.83 35.84
29.50 29.59 29.67 29.76 29.85 29.94 30.04 30.13 30.23 30.32 30.42 30.53 30.63 30.73 30.84 30.95 31.06 31.17 31.28 31.39 31.51 31.63 31.74 31.86 31.98 32.11 32.23 32.35 32.48 32.60 32.73 32.86 32.99 33.12 33.25 33.38 33.52 33.65 33.78 33.92 34.05 34.19 34.33 34.47 34.61 34.75 34.88 35.02 35.15 35.29 35.41 35.52 35.59 35.63 35.66 35.68 35.70 35.71 35.72 35.74 35.75 35.76 35.77 35.78 35.79 35.80 35.81 35.82 35.83 35.83 35.84 35.85 35.85 35.86 35.85 35.86 35.86
29.59 29.68 29.76 29.85 29.95 30.04 30.14 30.24 30.34 30.44 30.55 30.65 30.76 30.87 30.98 31.09 31.21 31.32 31.44 31.56 31.68 31.80 31.92 32.05 32.18 32.30 32.44 32.57 32.70 32.83 32.97 33.10 33.24 33.37 33.51 33.65 33.79 33.93 34.07 34.22 34.36 34.50 34.64 34.79 34.93 35.07 35.21 35.34 35.46 35.55 35.60 35.64 35.66 35.68 35.69 35.71 35.72 35.73 35.74 35.76 35.77 35.78 35.79 35.80 35.81 35.82 35.83 35.84 35.85 35.85 35.86 35.87 35.87 35.88 35.88 35.89 35.89
