datasets/raw/rain/2019122820191228.grid
ncols 886
nrows 691
xllcenter 112.0000
yllcenter -44.5000
cellsize 0.0500
nodata_value 99999.90
[rows 210 to 251 of 691, columns 658 to 751 of 886]
0.2 0.2 0.2 0.2 0.2 0.2 0.2 0.2 0.1 0.1 0.0 0.0 0.0 0.0 0.0 0.0 0.0 0.0 0.0 0.0 0.0 0.0 0.0 0.0 0.0 0.0 0.0 0.0 0.0 0.1 0.3 0.4 0.5 0.7 0.8 1.0 1.2 1.4 1.5 1.7 1.8 1.9 1.9 2.0 2.1 2.1 2.2 2.1 2.1 2.0 1.8 1.7 1.6 1.5 1.4 1.3 1.4 1.5 1.7 1.9 2.1 2.3 2.6 2.9 3.2 3.6 4.1 4.7 5.2 5.6 5.9 6.0 5.9 6.0 6.6 7.3 8.7 10.5 12.4 14.2 15.6 16.4 16.2 16.0 16.3 16.8 17.4 17.9 18.4 18.9 19.3 19.7 20.0 20.3
0.1 0.2 0.2 0.2 0.2 0.2 0.2 0.2 0.1 0.1 0.0 0.0 0.0 0.0 0.0 0.0 0.0 0.0 0.0 0.0 0.0 0.0 0.0 0.0 0.0 0.0 0.0 0.0 0.0 0.1 0.2 0.3 0.5 0.6 0.8 0.9 1.1 1.2 1.4 1.6 1.7 1.8 1.8 1.9 1.9 2.0 2.0 2.0 2.0 1.9 1.8 1.7 1.6 1.6 1.5 1.5 1.5 1.7 2.0 2.3 2.6 2.9 3.3 3.6 3.9 4.4 4.8 5.3 5.7 6.0 6.3 6.4 6.4 6.6 7.3 8.1 9.4 11.0 12.7 14.2 15.3 15.9 15.6 15.7 16.2 16.7 17.3 17.7 18.2 18.6 19.0 19.4 19.7 20.0
0.1 0.1 0.1 0.2 0.2 0.2 0.2 0.2 0.1 0.1 0.1 0.0 0.0 0.0 0.0 0.0 0.0 0.0 0.0 0.0 0.0 0.0 0.0 0.0 0.0 0.0 0.0 0.0 0.0 0.1 0.2 0.3 0.4 0.5 0.7 0.8 1.0 1.1 1.3 1.4 1.6 1.7 1.8 1.8 1.8 1.9 1.9 1.9 1.9 1.9 1.8 1.8 1.8 1.8 1.7 1.7 1.8 2.2 2.5 2.9 3.3 3.6 4.0 4.4 4.8 5.2 5.6 6.1 6.4 6.8 7.0 7.2 7.5 7.8 8.7 9.5 10.6 11.9 13.2 14.3 15.2 15.6 15.5 15.8 16.2 16.7 17.2 17.6 18.0 18.4 18.8 19.1 19.4 19.7
0.1 0.1 0.1 0.1 0.1 0.2 0.2 0.2 0.1 0.1 0.1 0.0 0.0 0.0 0.0 0.0 0.0 0.0 0.0 0.0 0.0 0.0 0.0 0.0 0.0 0.0 0.0 0.0 0.0 0.1 0.1 0.3 0.4 0.5 0.6 0.8 0.9 1.1 1.2 1.4 1.5 1.6 1.8 1.8 1.8 1.8 1.8 1.8 1.9 1.9 1.9 2.0 2.1 2.2 2.1 2.2 2.3 2.7 3.1 3.5 4.0 4.4 4.8 5.2 5.7 6.1 6.5 6.9 7.3 7.6 8.0 8.4 8.8 9.4 10.3 11.0 11.7 12.6 13.7 14.7 15.5 16.0 16.3 16.5 16.3 16.6 17.1 17.5 17.9 18.2 18.5 18.8 19.1 19.4
0.1 0.1 0.1 0.1 0.1 0.1 0.1 0.1 0.1 0.1 0.1 0.0 0.0 0.0 0.0 0.0 0.0 0.0 0.0 0.0 0.0 0.0 0.0 0.0 0.0 0.0 0.0 0.0 0.0 0.0 0.1 0.2 0.3 0.4 0.5 0.7 0.8 1.0 1.1 1.3 1.4 1.6 1.7 1.8 1.9 2.0 2.0 1.9 2.0 2.0 2.3 2.7 2.5 2.5 2.6 2.7 3.0 3.3 3.8 4.2 4.7 5.2 5.7 6.1 6.6 7.0 7.4 7.7 8.1 8.5 8.9 9.4 9.9 10.5 11.1 11.7 12.4 13.2 14.1 14.9 15.6 16.0 16.4 16.3 16.4 16.6 17.0 17.4 17.7 18.0 18.3 18.6 18.9 19.1
0.1 0.1 0.1 0.1 0.1 0.1 0.1 0.1 0.1 0.1 0.0 0.0 0.0 0.0 0.0 0.0 0.0 0.0 0.0 0.0 0.0 0.0 0.0 0.0 0.0 0.0 0.0 0.0 0.0 0.0 0.1 0.2 0.3 0.4 0.5 0.5 0.7 0.8 1.0 1.2 1.3 1.5 1.6 1.8 1.9 2.1 2.2 2.3 2.4 2.4 2.6 3.0 3.0 3.1 3.2 3.4 3.6 4.0 4.5 5.0 5.4 5.9 6.5 6.9 7.3 7.7 8.1 8.4 8.8 9.2 9.6 10.0 10.5 11.0 11.6 12.2 12.9 13.6 14.4 15.2 15.6 16.0 16.7 17.1 17.3 17.1 17.3 17.6 17.7 17.9 18.2 18.4 18.7 18.9
0.0 0.1 0.1 0.1 0.1 0.1 0.1 0.1 0.1 0.1 0.0 0.0 0.0 0.0 0.0 0.0 0.0 0.0 0.0 0.0 0.0 0.0 0.0 0.0 0.0 0.0 0.0 0.0 0.0 0.0 0.1 0.1 0.2 0.4 0.4 0.4 0.6 0.7 0.9 1.1 1.3 1.4 1.6 1.7 1.9 2.0 2.2 2.4 2.6 2.7 2.8 3.2 3.4 3.6 3.7 4.0 4.3 4.7 5.2 5.7 6.1 6.6 7.1 7.5 7.8 8.2 8.6 8.9 9.3 9.7 10.1 10.4 10.9 11.4 12.0 12.8 13.7 14.6 15.5 16.3 16.9 17.4 18.0 18.6 18.9 19.1 19.3 19.1 18.1 18.0 18.1 18.3 18.5 18.7
0.0 0.0 0.1 0.1 0.1 0.1 0.1 0.1 0.1 0.1 0.1 0.0 0.0 0.0 0.0 0.0 0.0 0.0 0.0 0.0 0.0 0.0 0.0 0.0 0.0 0.0 0.0 0.0 0.0 0.0 0.0 0.1 0.1 0.3 0.4 0.4 0.5 0.7 0.9 1.1 1.2 1.4 1.5 1.7 1.9 2.0 2.2 2.4 2.6 2.9 3.1 3.4 3.7 4.0 4.2 4.5 4.9 5.3 5.8 6.3 6.7 7.2 7.6 7.9 8.3 8.7 9.0 9.4 9.7 10.1 10.4 10.8 11.3 11.9 12.8 13.7 14.7 15.6 16.7 17.6 18.3 18.9 19.4 19.7 20.0 20.1 20.2 20.2 19.7 19.0 18.3 18.1 18.3 18.5
0.0 0.0 0.0 0.0 0.1 0.1 0.1 0.1 0.1 0.1 0.1 0.0 0.0 0.0 0.0 0.0 0.0 0.0 0.0 0.0 0.0 0.0 0.0 0.0 0.0 0.0 0.0 0.0 0.0 0.0 0.0 0.0 0.1 0.2 0.4 0.5 0.6 0.7 0.9 1.0 1.2 1.3 1.5 1.7 1.8 2.0 2.2 2.5 2.7 3.0 3.3 3.6 3.9 4.3 4.6 5.0 5.5 5.9 6.3 6.8 7.2 7.6 8.0 8.4 8.8 9.1 9.4 9.8 10.1 10.4 10.8 11.2 11.6 12.5 13.5 14.6 15.7 16.9 18.0 18.9 19.7 20.2 20.4 20.6 20.7 20.8 20.9 20.9 20.7 20.1 19.2 18.3 18.1 18.2
0.0 0.0 0.0 0.0 0.0 0.1 0.1 0.1 0.1 0.1 0.1 0.0 0.0 0.0 0.0 0.0 0.0 0.0 0.0 0.0 0.0 0.0 0.0 0.0 0.0 0.0 0.0 0.0 0.0 0.0 0.0 0.0 0.1 0.2 0.4 0.5 0.6 0.7 0.8 1.0 1.1 1.3 1.5 1.6 1.8 2.0 2.3 2.5 2.8 3.1 3.4 3.8 4.1 4.5 5.0 5.4 5.9 6.3 6.8 7.2 7.7 8.1 8.5 8.9 9.2 9.5 9.8 10.2 10.5 10.8 11.1 11.5 12.1 13.2 14.4 15.6 16.8 18.1 19.2 20.1 20.7 21.0 21.1 21.1 21.2 21.4 21.5 21.5 21.3 20.9 20.1 18.8 18.1 18.0
0.0 0.0 0.0 0.0 0.0 0.0 0.1 0.1 0.1 0.1 0.1 0.0 0.0 0.0 0.0 0.0 0.0 0.0 0.0 0.0 0.0 0.0 0.0 0.0 0.0 0.0 0.0 0.0 0.0 0.0 0.0 0.1 0.2 0.3 0.3 0.4 0.5 0.7 0.8 0.9 1.1 1.2 1.4 1.6 1.8 2.0 2.3 2.6 2.9 3.2 3.6 3.9 4.4 4.8 5.3 5.7 6.2 6.7 7.2 7.7 8.1 8.5 8.9 9.3 9.6 9.9 10.2 10.5 10.8 11.1 11.5 11.9 12.8 14.1 15.3 16.5 17.7 18.9 19.9 20.6 21.1 21.2 21.1 21.1 21.4 21.8 22.0 22.1 21.9 21.4 20.7 19.6 18.3 17.8
0.0 0.0 0.0 0.0 0.0 0.0 0.1 0.1 0.1 0.1 0.1 0.0 0.0 0.0 0.0 0.0 0.0 0.0 0.0 0.0 0.0 0.0 0.0 0.0 0.0 0.0 0.0 0.0 0.0 0.0 0.0 0.1 0.1 0.2 0.3 0.4 0.5 0.6 0.8 0.9 1.0 1.2 1.4 1.6 1.8 2.1 2.3 2.6 3.0 3.3 3.7 4.1 4.6 5.1 5.6 6.1 6.6 7.1 7.6 8.1 8.6 9.0 9.4 9.7 10.0 10.3 10.6 10.8 11.1 11.4 11.7 12.3 13.6 14.9 16.1 17.2 18.1 18.8 19.5 20.1 20.5 20.5 20.5 20.7 21.2 22.0 22.6 22.7 22.3 21.8 21.0 20.0 18.5 17.6
0.0 0.0 0.0 0.0 0.0 0.0 0.0 0.1 0.1 0.1 0.1 0.0 0.0 0.0 0.0 0.0 0.0 0.0 0.0 0.0 0.0 0.0 0.0 0.0 0.0 0.0 0.0 0.0 0.0 0.0 0.0 0.1 0.1 0.2 0.3 0.4 0.5 0.6 0.7 0.9 1.0 1.2 1.4 1.6 1.8 2.1 2.4 2.7 3.0 3.4 3.9 4.3 4.8 5.4 5.9 6.5 7.0 7.5 8.1 8.5 9.0 9.4 9.7 10.1 10.3 10.6 10.8 11.1 11.4 11.7 12.0 12.7 14.3 15.5 16.6 17.4 17.8 17.9 18.1 18.4 18.8 19.1 19.4 20.0 21.0 22.3 23.2 23.2 22.6 21.9 21.0 20.0 18.7 17.4
0.0 0.0 0.0 0.0 0.0 0.0 0.0 0.0 0.0 0.1 0.1 0.0 0.0 0.0 0.0 0.0 0.0 0.0 0.0 0.0 0.0 0.0 0.0 0.0 0.0 0.0 0.0 0.0 0.0 0.0 0.0 0.0 0.1 0.2 0.3 0.3 0.4 0.6 0.7 0.8 1.0 1.1 1.3 1.6 1.8 2.1 2.4 2.7 3.1 3.5 4.0 4.5 5.1 5.6 6.2 6.8 7.4 7.9 8.4 8.9 9.4 9.7 10.1 10.3 10.6 10.8 11.1 11.3 11.6 11.9 12.3 13.4 14.8 16.0 16.9 17.4 17.3 16.7 16.2 16.3 17.0 17.8 18.6 19.6 20.9 22.5 23.3 23.1 22.4 21.6 20.6 19.6 18.5 17.1
0.0 0.0 0.0 0.0 0.0 0.0 0.0 0.0 0.0 0.0 0.0 0.0 0.0 0.0 0.0 0.0 0.0 0.0 0.0 0.0 0.0 0.0 0.0 0.0 0.0 0.0 0.0 0.0 0.0 0.0 0.0 0.0 0.1 0.1 0.2 0.3 0.4 0.5 0.6 0.8 0.9 1.1 1.3 1.5 1.8 2.1 2.4 2.8 3.2 3.6 4.2 4.7 5.3 5.9 6.5 7.1 7.7 8.2 8.7 9.2 9.6 10.0 10.3 10.5 10.8 11.0 11.2 11.5 11.8 12.1 12.6 13.9 15.2 16.3 17.1 17.5 17.2 16.3 15.6 15.8 16.8 17.7 18.6 19.5 20.7 21.8 22.3 22.1 21.6 20.7 19.8 18.9 17.8 16.9
0.0 0.0 0.0 0.0 0.0 0.0 0.0 0.0 0.0 0.0 0.0 0.0 0.0 0.0 0.0 0.0 0.0 0.0 0.0 0.0 0.0 0.0 0.0 0.0 0.0 0.0 0.0 0.0 0.0 0.0 0.0 0.0 0.0 0.1 0.2 0.3 0.4 0.5 0.6 0.7 0.9 1.1 1.3 1.5 1.8 2.1 2.4 2.8 3.2 3.7 4.3 4.8 5.4 6.1 6.7 7.3 7.9 8.4 8.9 9.4 9.8 10.1 10.4 10.6 10.9 11.1 11.3 11.6 11.9 12.2 12.7 14.0 15.4 16.5 17.4 17.9 17.9 17.5 17.3 17.6 18.1 18.6 19.0 19.4 19.9 20.3 20.5 20.3 20.0 19.3 18.6 17.8 16.9 16.1
0.0 0.0 0.0 0.0 0.0 0.0 0.0 0.0 0.0 0.0 0.0 0.0 0.0 0.0 0.0 0.0 0.0 0.0 0.0 0.0 0.0 0.0 0.0 0.0 0.0 0.0 0.0 0.0 0.0 0.0 0.0 0.0 0.0 0.1 0.1 0.2 0.3 0.4 0.6 0.7 0.9 1.0 1.2 1.5 1.7 2.0 2.4 2.8 3.3 3.8 4.3 4.9 5.5 6.2 6.8 7.4 8.0 8.5 9.0 9.4 9.7 10.0 10.3 10.6 10.8 11.1 11.4 11.6 12.0 12.3 12.7 14.0 15.4 16.6 17.5 18.2 18.6 18.8 19.1 19.3 19.3 19.3 19.2 19.0 18.9 18.8 18.6 18.4 18.1 17.6 17.1 16.5 15.8 15.0
0.0 0.0 0.0 0.0 0.0 0.0 0.0 0.0 0.0 0.0 0.0 0.0 0.0 0.0 0.0 0.0 0.0 0.0 0.0 0.0 0.0 0.0 0.0 0.0 0.0 0.0 0.0 0.0 0.0 0.0 0.0 0.0 0.0 0.0 0.1 0.2 0.3 0.4 0.5 0.7 0.8 1.0 1.2 1.4 1.7 2.0 2.4 2.8 3.2 3.7 4.3 4.9 5.5 6.1 6.7 7.3 7.8 8.3 8.7 9.1 9.5 9.8 10.1 10.4 10.7 11.0 11.3 11.6 11.9 12.3 12.7 13.8 15.2 16.4 17.4 18.3 18.9 19.3 19.6 19.7 19.6 19.2 18.8 18.2 17.7 17.3 16.9 16.6 16.3 16.0 15.6 15.2 14.7 14.0
0.0 0.0 0.0 0.0 0.0 0.0 0.0 0.0 0.0 0.0 0.0 0.0 0.0 0.0 0.0 0.0 0.0 0.0 0.0 0.0 0.0 0.0 0.0 0.0 0.0 0.0 0.0 0.0 0.0 0.0 0.0 0.0 0.0 0.0 0.1 0.2 0.3 0.4 0.5 0.6 0.8 0.9 1.1 1.4 1.6 1.9 2.3 2.7 3.1 3.6 4.1 4.7 5.2 5.8 6.3 6.9 7.3 7.8 8.2 8.6 9.0 9.3 9.7 10.0 10.4 10.7 11.1 11.5 11.8 12.2 12.5 13.1 14.4 15.8 16.9 17.8 18.6 19.1 19.2 19.2 19.0 18.5 17.9 17.3 16.6 16.0 15.5 15.1 14.7 14.5 14.3 14.0 13.5 13.1
0.0 0.0 0.0 0.0 0.0 0.0 0.0 0.0 0.0 0.0 0.0 0.0 0.0 0.0 0.0 0.0 0.0 0.0 0.0 0.0 0.0 0.0 0.0 0.0 0.0 0.0 0.0 0.0 0.0 0.0 0.0 0.0 0.0 0.0 0.0 0.1 0.2 0.3 0.4 0.6 0.7 0.9 1.1 1.3 1.6 1.9 2.2 2.6 3.0 3.4 3.8 4.3 4.8 5.2 5.7 6.1 6.6 7.0 7.4 7.8 8.2 8.6 9.0 9.5 9.9 10.3 10.8 11.2 11.6 12.0 12.3 12.7 13.3 15.0 16.3 17.1 17.7 18.1 18.2 18.1 17.8 17.4 16.8 16.1 15.4 14.8 14.2 13.8 13.4 13.2 13.0 12.8 12.5 12.2
0.0 0.0 0.0 0.0 0.0 0.0 0.0 0.0 0.0 0.0 0.0 0.0 0.0 0.0 0.0 0.0 0.0 0.0 0.0 0.0 0.0 0.0 0.0 0.0 0.0 0.0 0.0 0.0 0.0 0.0 0.0 0.0 0.0 0.0 0.0 0.1 0.2 0.3 0.4 0.5 0.7 0.9 1.0 1.3 1.5 1.8 2.1 2.4 2.7 3.0 3.4 3.7 4.1 4.4 4.8 5.2 5.5 5.9 6.3 6.8 7.3 7.7 8.3 8.8 9.3 9.8 10.3 10.8 11.3 11.7 12.0 12.4 12.7 13.6 15.0 15.9 16.6 16.9 16.9 16.8 16.5 16.0 15.4 14.9 14.3 13.7 13.1 12.7 12.4 12.2 12.0 11.8 11.5 11.3
0.0 0.0 0.0 0.0 0.0 0.0 0.0 0.0 0.0 0.0 0.0 0.0 0.0 0.0 0.0 0.0 0.0 0.0 0.0 0.0 0.0 0.0 0.0 0.0 0.0 0.0 0.0 0.0 0.0 0.0 0.0 0.0 0.0 0.0 0.0 0.1 0.2 0.3 0.4 0.5 0.7 0.8 1.0 1.2 1.4 1.7 1.9 2.2 2.4 2.6 2.9 3.1 3.3 3.6 3.8 4.1 4.5 4.8 5.2 5.7 6.2 6.8 7.4 8.0 8.6 9.2 9.8 10.3 10.8 11.2 11.6 12.0 12.2 12.6 13.3 14.0 14.9 15.2 15.2 15.3 14.9 14.4 13.7 13.4 13.1 12.6 12.2 11.8 11.6 11.4 11.1 10.9 10.6 10.3
0.0 0.0 0.0 0.0 0.0 0.0 0.0 0.0 0.0 0.0 0.0 0.0 0.0 0.0 0.0 0.0 0.0 0.0 0.0 0.0 0.0 0.0 0.0 0.0 0.0 0.0 0.0 0.0 0.0 0.0 0.0 0.0 0.0 0.0 0.0 0.1 0.2 0.3 0.4 0.5 0.6 0.8 1.0 1.2 1.4 1.6 1.7 1.9 2.1 2.3 2.4 2.5 2.7 2.8 3.0 3.2 3.5 3.8 4.2 4.7 5.3 5.9 6.5 7.2 7.8 8.5 9.1 9.7 10.2 10.7 11.1 11.4 11.7 12.0 12.2 12.4 12.7 12.8 12.8 13.1 13.1 12.8 12.6 12.2 11.8 11.5 11.3 11.0 10.7 10.4 10.2 9.9 9.6 9.4
0.0 0.0 0.0 0.0 0.0 0.0 0.0 0.0 0.0 0.0 0.0 0.0 0.0 0.0 0.0 0.0 0.0 0.0 0.0 0.0 0.0 0.0 0.0 0.0 0.0 0.0 0.0 0.0 0.0 0.0 0.0 0.0 0.0 0.0 0.0 0.1 0.2 0.3 0.4 0.5 0.6 0.8 0.9 1.1 1.3 1.4 1.6 1.7 1.9 1.9 2.0 2.1 2.1 2.2 2.3 2.5 2.7 3.0 3.4 3.9 4.4 5.0 5.6 6.3 7.0 7.6 8.3 8.9 9.5 10.0 10.4 10.8 11.1 11.3 11.5 11.6 11.7 11.7 11.7 11.7 11.7 11.5 11.4 11.1 10.8 10.6 10.3 10.0 9.6 9.3 9.2 9.0 8.7 8.5
0.0 0.0 0.0 0.0 0.0 0.0 0.0 0.0 0.0 0.0 0.0 0.0 0.0 0.0 0.0 0.0 0.0 0.0 0.0 0.0 0.0 0.0 0.0 0.0 0.0 0.0 0.0 0.0 0.0 0.0 0.0 0.0 0.0 0.0 0.1 0.1 0.2 0.3 0.4 0.5 0.6 0.8 0.9 1.0 1.2 1.3 1.5 1.6 1.7 1.7 1.7 1.8 1.8 1.8 1.9 2.0 2.1 2.4 2.7 3.1 3.6 4.2 4.8 5.4 6.1 6.8 7.4 8.1 8.6 9.2 9.6 10.0 10.3 10.5 10.7 10.8 10.9 10.9 10.9 10.8 10.7 10.5 10.4 10.1 9.9 9.6 9.3 8.9 8.5 8.2 8.1 8.0 7.9 7.6
0.0 0.0 0.0 0.0 0.0 0.0 0.0 0.0 0.0 0.0 0.0 0.0 0.0 0.0 0.0 0.0 0.0 0.0 0.0 0.0 0.0 0.0 0.0 0.0 0.0 0.0 0.0 0.0 0.0 0.0 0.0 0.0 0.0 0.1 0.1 0.1 0.2 0.3 0.4 0.5 0.6 0.7 0.8 1.0 1.1 1.2 1.3 1.4 1.5 1.5 1.5 1.5 1.5 1.5 1.5 1.6 1.7 1.9 2.2 2.5 3.0 3.5 4.0 4.6 5.2 5.9 6.5 7.2 7.7 8.3 8.7 9.1 9.4 9.7 9.9 10.0 10.0 10.0 10.0 9.9 9.8 9.6 9.4 9.0 8.6 8.3 7.8 7.7 7.3 7.1 7.1 7.2 7.1 6.9
0.0 0.0 0.0 0.0 0.0 0.0 0.0 0.0 0.0 0.0 0.0 0.0 0.0 0.0 0.0 0.0 0.0 0.0 0.0 0.0 0.0 0.0 0.0 0.0 0.0 0.0 0.0 0.0 0.0 0.0 0.1 0.1 0.1 0.1 0.1 0.2 0.2 0.3 0.4 0.5 0.6 0.7 0.8 0.9 1.0 1.1 1.2 1.3 1.3 1.4 1.4 1.4 1.3 1.3 1.3 1.3 1.4 1.6 1.8 2.1 2.4 2.8 3.3 3.9 4.4 5.0 5.6 6.2 6.8 7.3 7.8 8.2 8.5 8.7 8.9 9.0 9.1 9.1 9.0 8.9 8.8 8.6 8.4 8.0 7.4 7.2 6.7 6.2 5.9 6.2 6.6 6.6 6.4 6.2
0.0 0.0 0.0 0.0 0.0 0.0 0.0 0.0 0.0 0.0 0.0 0.0 0.0 0.0 0.0 0.0 0.0 0.0 0.0 0.0 0.0 0.0 0.0 0.0 0.0 0.0 0.0 0.1 0.1 0.1 0.1 0.1 0.1 0.1 0.1 0.2 0.2 0.3 0.3 0.4 0.5 0.6 0.7 0.8 0.9 1.0 1.1 1.1 1.2 1.2 1.2 1.2 1.2 1.2 1.1 1.1 1.2 1.3 1.4 1.6 1.9 2.3 2.7 3.2 3.7 4.2 4.8 5.3 5.9 6.4 6.8 7.2 7.5 7.7 7.9 8.0 8.1 8.1 8.0 7.9 7.8 7.6 7.3 6.9 6.6 6.6 6.1 5.6 5.3 5.5 5.9 6.0 5.8 5.7
0.0 0.0 0.0 0.0 0.0 0.0 0.0 0.0 0.0 0.0 0.0 0.0 0.0 0.0 0.0 0.0 0.0 0.0 0.0 0.0 0.0 0.0 0.0 0.0 0.0 0.0 0.1 0.1 0.1 0.1 0.1 0.1 0.1 0.1 0.1 0.2 0.2 0.2 0.3 0.4 0.4 0.5 0.6 0.7 0.8 0.9 0.9 1.0 1.1 1.1 1.1 1.1 1.1 1.0 1.0 1.0 1.0 1.0 1.1 1.3 1.5 1.8 2.1 2.5 3.0 3.5 4.0 4.5 4.9 5.4 5.8 6.2 6.5 6.7 6.9 7.0 7.1 7.1 7.0 7.0 6.8 6.6 6.2 5.9 5.7 5.7 5.3 4.9 4.7 4.7 5.1 5.4 5.4 5.2
0.0 0.0 0.0 0.0 0.0 0.0 0.0 0.0 0.0 0.0 0.0 0.0 0.0 0.0 0.0 0.0 0.0 0.0 0.0 0.0 0.0 0.0 0.0 0.0 0.0 0.0 0.0 0.1 0.1 0.1 0.1 0.1 0.1 0.1 0.1 0.1 0.2 0.2 0.3 0.3 0.4 0.5 0.5 0.6 0.7 0.8 0.8 0.9 0.9 1.0 1.0 1.0 0.9 0.9 0.9 0.8 0.8 0.8 0.9 1.0 1.2 1.4 1.7 2.0 2.4 2.8 3.2 3.6 4.1 4.5 4.9 5.2 5.5 5.7 5.9 6.0 6.1 6.1 6.1 6.0 5.9 5.8 5.3 5.0 5.2 4.9 4.5 4.2 4.2 4.3 4.5 4.8 4.9 4.8
0.0 0.0 0.0 0.0 0.0 0.0 0.0 0.0 0.0 0.0 0.0 0.0 0.0 0.0 0.0 0.0 0.0 0.0 0.0 0.0 0.0 0.0 0.0 0.0 0.0 0.0 0.0 0.1 0.1 0.1 0.1 0.1 0.1 0.1 0.1 0.1 0.1 0.2 0.2 0.3 0.3 0.4 0.4 0.5 0.6 0.6 0.7 0.8 0.8 0.8 0.9 0.9 0.8 0.8 0.8 0.7 0.7 0.7 0.7 0.8 0.9 1.0 1.2 1.5 1.8 2.1 2.5 2.9 3.3 3.7 4.0 4.4 4.6 4.8 5.0 5.1 5.2 5.2 5.2 5.1 5.1 5.0 4.6 4.4 4.6 4.2 3.6 3.5 3.5 3.6 3.8 4.0 4.2 4.4
0.0 0.0 0.0 0.0 0.0 0.0 0.0 0.0 0.0 0.0 0.0 0.0 0.0 0.0 0.0 0.0 0.0 0.0 0.0 0.0 0.0 0.0 0.0 0.0 0.0 0.0 0.0 0.0 0.0 0.1 0.1 0.1 0.1 0.1 0.1 0.1 0.1 0.1 0.2 0.2 0.2 0.3 0.4 0.4 0.5 0.5 0.6 0.6 0.7 0.7 0.7 0.7 0.7 0.7 0.7 0.6 0.6 0.6 0.6 0.6 0.6 0.7 0.9 1.1 1.3 1.6 1.9 2.3 2.6 3.0 3.3 3.6 3.8 4.0 4.1 4.2 4.3 4.4 4.4 4.4 4.3 4.3 4.2 4.2 4.0 3.3 3.0 2.9 3.0 3.2 3.4 3.6 3.9 4.0
0.0 0.0 0.0 0.0 0.0 0.0 0.0 0.0 0.0 0.0 0.0 0.0 0.0 0.0 0.0 0.0 0.0 0.0 0.0 0.0 0.0 0.0 0.0 0.0 0.0 0.0 0.0 0.0 0.0 0.0 0.0 0.0 0.0 0.0 0.0 0.0 0.1 0.1 0.1 0.1 0.2 0.2 0.3 0.3 0.4 0.4 0.5 0.5 0.6 0.6 0.6 0.6 0.6 0.6 0.6 0.5 0.5 0.5 0.4 0.4 0.5 0.5 0.6 0.8 1.0 1.2 1.4 1.7 2.0 2.3 2.6 2.9 3.1 3.3 3.4 3.5 3.6 3.6 3.7 3.7 3.7 3.7 3.7 3.6 3.2 2.8 2.5 2.5 2.7 2.9 3.2 3.4 3.6 3.7
0.0 0.0 0.0 0.0 0.0 0.0 0.0 0.0 0.0 0.0 0.0 0.0 0.0 0.0 0.0 0.0 0.0 0.0 0.0 0.0 0.0 0.0 0.0 0.0 0.0 0.0 0.0 0.0 0.0 0.0 0.0 0.0 0.0 0.0 0.0 0.0 0.0 0.0 0.1 0.1 0.1 0.2 0.2 0.3 0.3 0.4 0.4 0.4 0.5 0.5 0.5 0.6 0.6 0.5 0.5 0.5 0.4 0.4 0.4 0.3 0.3 0.4 0.4 0.5 0.7 0.8 1.0 1.3 1.5 1.8 2.1 2.3 2.5 2.6 2.8 2.9 3.0 3.0 3.0 3.1 3.1 3.1 3.2 3.2 3.1 2.8 2.2 2.2 2.4 2.7 2.9 3.1 3.3 3.5
0.0 0.0 0.0 0.0 0.0 0.0 0.0 0.0 0.0 0.0 0.0 0.0 0.0 0.0 0.0 0.0 0.0 0.0 0.0 0.0 0.0 0.0 0.0 0.0 0.0 0.0 0.0 0.0 0.0 0.0 0.0 0.0 0.0 0.0 0.0 0.0 0.0 0.0 0.0 0.1 0.1 0.1 0.2 0.2 0.2 0.3 0.3 0.4 0.4 0.4 0.5 0.5 0.5 0.5 0.5 0.4 0.4 0.4 0.3 0.3 0.3 0.3 0.3 0.3 0.4 0.6 0.7 0.9 1.2 1.4 1.6 1.8 2.0 2.1 2.3 2.4 2.4 2.5 2.5 2.6 2.6 2.7 2.7 2.8 2.7 2.2 2.0 2.1 2.3 2.5 2.7 2.9 3.2 3.3
0.0 0.0 0.0 0.0 0.0 0.0 0.0 0.0 0.0 0.0 0.0 0.0 0.0 0.0 0.0 0.0 0.0 0.0 0.0 0.0 0.0 0.0 0.0 0.0 0.0 0.0 0.0 0.0 0.0 0.0 0.0 0.0 0.0 0.0 0.0 0.0 0.0 0.0 0.0 0.0 0.1 0.1 0.1 0.2 0.2 0.2 0.3 0.3 0.3 0.4 0.4 0.4 0.4 0.4 0.4 0.4 0.4 0.3 0.3 0.3 0.2 0.2 0.2 0.2 0.3 0.4 0.5 0.7 0.9 1.1 1.2 1.4 1.6 1.7 1.8 1.9 2.0 2.1 2.1 2.2 2.2 2.3 2.3 2.4 2.4 2.0 1.8 1.9 2.0 2.3 2.5 2.7 2.9 3.0
0.0 0.0 0.0 0.0 0.0 0.0 0.0 0.0 0.0 0.0 0.0 0.0 0.0 0.0 0.0 0.0 0.0 0.0 0.0 0.0 0.0 0.0 0.0 0.0 0.0 0.0 0.0 0.0 0.0 0.0 0.0 0.0 0.0 0.0 0.0 0.0 0.0 0.0 0.0 0.0 0.0 0.0 0.1 0.1 0.1 0.2 0.2 0.2 0.3 0.3 0.3 0.3 0.4 0.4 0.4 0.4 0.3 0.3 0.3 0.2 0.2 0.2 0.2 0.2 0.2 0.3 0.4 0.5 0.7 0.8 1.0 1.1 1.3 1.4 1.5 1.6 1.7 1.7 1.8 1.8 1.9 1.9 2.0 2.1 2.2 2.1 2.0 1.8 1.9 2.1 2.3 2.5 2.7 2.8
0.0 0.0 0.0 0.0 0.0 0.0 0.0 0.0 0.0 0.0 0.0 0.0 0.0 0.0 0.0 0.0 0.0 0.0 0.0 0.0 0.0 0.0 0.0 0.0 0.0 0.0 0.0 0.0 0.0 0.0 0.0 0.0 0.0 0.0 0.0 0.0 0.0 0.0 0.0 0.0 0.0 0.0 0.0 0.1 0.1 0.1 0.2 0.2 0.2 0.3 0.3 0.3 0.3 0.3 0.3 0.3 0.3 0.3 0.3 0.3 0.2 0.2 0.2 0.2 0.2 0.2 0.3 0.4 0.5 0.6 0.8 0.9 1.0 1.1 1.2 1.3 1.4 1.5 1.5 1.6 1.6 1.7 1.7 1.8 1.9 2.0 2.0 1.9 1.9 2.1 2.2 2.4 2.5 2.6
0.0 0.0 0.0 0.0 0.0 0.0 0.0 0.0 0.0 0.0 0.0 0.0 0.0 0.0 0.0 0.0 0.0 0.0 0.0 0.0 0.0 0.0 0.0 0.0 0.0 0.0 0.0 0.0 0.0 0.0 0.0 0.0 0.0 0.0 0.0 0.0 0.0 0.0 0.0 0.0 0.0 0.0 0.0 0.0 0.1 0.1 0.1 0.2 0.2 0.2 0.2 0.2 0.3 0.3 0.3 0.3 0.3 0.3 0.3 0.3 0.2 0.2 0.2 0.2 0.2 0.2 0.3 0.3 0.4 0.5 0.6 0.7 0.9 1.0 1.0 1.1 1.2 1.2 1.3 1.3 1.4 1.3 1.5 1.6 1.6 1.7 1.8 1.9 1.9 2.0 2.1 2.2 2.3 2.3
0.0 0.0 0.0 0.0 0.0 0.0 0.0 0.0 0.0 0.0 0.0 0.0 0.0 0.0 0.0 0.0 0.0 0.0 0.0 0.0 0.0 0.0 0.0 0.0 0.0 0.0 0.0 0.0 0.0 0.0 0.0 0.0 0.0 0.0 0.0 0.0 0.0 0.0 0.0 0.0 0.0 0.0 0.0 0.0 0.1 0.1 0.1 0.1 0.2 0.1 0.1 0.1 0.1 0.1 0.1 0.1 0.2 0.2 0.3 0.3 0.3 0.2 0.2 0.2 0.2 0.2 0.3 0.3 0.4 0.5 0.5 0.6 0.7 0.8 0.9 1.0 1.0 1.1 1.1 1.2 1.2 1.2 1.2 1.3 1.5 1.6 1.7 1.7 1.8 1.9 1.9 2.0 2.1 2.1
0.0 0.0 0.0 0.0 0.0 0.0 0.0 0.0 0.0 0.0 0.0 0.0 0.0 0.0 0.0 0.0 0.0 0.0 0.0 0.0 0.0 0.0 0.0 0.0 0.0 0.0 0.0 0.0 0.0 0.0 0.0 0.0 0.0 0.0 0.0 0.0 0.0 0.0 0.0 0.0 0.0 0.0 0.0 0.0 0.0 0.1 0.1 0.1 0.1 0.1 0.0 0.0 0.0 0.0 0.0 0.0 0.0 0.1 0.2 0.3 0.3 0.3 0.3 0.2 0.2 0.2 0.3 0.3 0.3 0.4 0.5 0.5 0.6 0.7 0.7 0.8 0.9 0.9 1.0 1.0 1.1 1.1 1.1 1.2 1.3 1.4 1.5 1.5 1.6 1.7 1.7 1.8 1.8 1.9
0.0 0.0 0.0 0.0 0.0 0.0 0.0 0.0 0.0 0.0 0.0 0.0 0.0 0.0 0.0 0.0 0.0 0.0 0.0 0.0 0.0 0.0 0.0 0.0 0.0 0.0 0.0 0.0 0.0 0.0 0.0 0.0 0.0 0.0 0.0 0.0 0.0 0.0 0.0 0.0 0.0 0.0 0.0 0.0 0.0 0.0 0.1 0.1 0.1 0.0 0.1 0.0 0.0 0.0 0.0 0.0 0.0 0.1 0.2 0.2 0.3 0.3 0.3 0.3 0.3 0.3 0.3 0.3 0.3 0.4 0.4 0.5 0.5 0.6 0.5 0.6 0.6 0.7 0.9 0.9 1.0 1.0 1.1 1.1 1.2 1.3 1.3 1.4 1.4 1.5 1.6 1.6 1.6 1.7
