datasets/raw/rain/2019112420191124.grid
ncols 886
nrows 691
xllcenter 112.0000
yllcenter -44.5000
cellsize 0.0500
nodata_value 99999.90
[rows 0 to 41 of 691, columns 376 to 469 of 886]
2.1 2.0 2.0 1.9 1.9 1.8 1.7 1.7 1.6 1.6 1.6 1.5 1.5 1.5 1.5 1.5 1.4 1.3 1.2 1.1 1.0 1.0 0.9 0.9 0.9 0.8 0.8 0.7 0.7 0.7 0.7 0.6 0.6 0.6 0.6 0.6 0.5 0.5 0.5 0.5 0.5 0.5 0.5 0.4 0.4 0.4 0.4 0.4 0.4 0.4 0.4 0.4 0.4 0.4 0.4 0.4 0.4 0.3 0.3 0.3 0.3 0.2 0.2 0.2 0.2 0.1 0.1 0.1 0.1 0.1 0.1 0.1 0.1 0.1 0.1 0.0 0.0 0.0 0.0 0.0 0.0 0.0 0.0 0.0 0.0 0.0 0.0 0.0 0.0 0.0 0.0 0.0 0.0 0.0
2.5 2.5 2.4 2.4 2.3 2.2 2.2 2.1 2.0 2.0 1.9 1.9 1.8 1.8 1.6 1.5 1.4 1.3 1.2 1.1 1.1 1.0 0.9 0.9 0.8 0.8 0.8 0.7 0.7 0.7 0.6 0.6 0.6 0.6 0.6 0.5 0.5 0.5 0.5 0.5 0.5 0.5 0.4 0.4 0.4 0.4 0.4 0.4 0.4 0.4 0.4 0.4 0.4 0.4 0.4 0.4 0.4 0.3 0.3 0.3 0.3 0.3 0.2 0.2 0.2 0.2 0.2 0.1 0.1 0.1 0.1 0.1 0.1 0.1 0.1 0.1 0.1 0.1 0.1 0.1 0.1 0.0 0.0 0.0 0.0 0.0 0.0 0.0 0.0 0.0 0.0 0.0 0.0 0.0
3.1 3.1 3.0 2.9 2.8 2.7 2.7 2.6 2.5 2.4 2.3 2.2 2.0 1.9 1.7 1.6 1.5 1.3 1.2 1.2 1.1 1.0 1.0 0.9 0.8 0.8 0.8 0.7 0.7 0.6 0.6 0.6 0.6 0.5 0.5 0.5 0.5 0.5 0.5 0.5 0.4 0.4 0.4 0.4 0.4 0.4 0.4 0.4 0.4 0.4 0.4 0.4 0.4 0.4 0.4 0.4 0.4 0.4 0.3 0.3 0.3 0.3 0.3 0.3 0.2 0.2 0.2 0.2 0.1 0.1 0.1 0.1 0.1 0.1 0.1 0.1 0.1 0.1 0.1 0.1 0.1 0.1 0.1 0.1 0.1 0.1 0.1 0.1 0.1 0.1 0.1 0.0 0.0 0.0
3.8 3.7 3.6 3.5 3.4 3.3 3.2 3.1 3.0 2.8 2.6 2.4 2.2 2.0 1.8 1.6 1.5 1.4 1.3 1.2 1.1 1.0 0.9 0.9 0.8 0.8 0.7 0.7 0.6 0.6 0.6 0.5 0.5 0.5 0.5 0.5 0.4 0.4 0.4 0.4 0.4 0.4 0.4 0.4 0.4 0.4 0.4 0.4 0.4 0.4 0.4 0.4 0.4 0.4 0.4 0.4 0.4 0.4 0.4 0.3 0.3 0.3 0.3 0.3 0.3 0.2 0.2 0.2 0.2 0.2 0.1 0.1 0.1 0.1 0.1 0.1 0.1 0.1 0.1 0.1 0.1 0.1 0.1 0.1 0.1 0.1 0.1 0.1 0.1 0.1 0.1 0.1 0.1 0.1
4.5 4.4 4.3 4.2 4.1 3.9 3.7 3.4 3.2 2.9 2.7 2.5 2.2 2.1 1.9 1.7 1.6 1.4 1.3 1.2 1.1 1.0 0.9 0.9 0.8 0.7 0.7 0.6 0.6 0.5 0.5 0.5 0.4 0.4 0.4 0.4 0.4 0.4 0.4 0.4 0.4 0.4 0.4 0.4 0.4 0.4 0.4 0.4 0.4 0.4 0.4 0.4 0.4 0.4 0.4 0.4 0.4 0.4 0.4 0.4 0.4 0.3 0.3 0.3 0.3 0.3 0.3 0.2 0.2 0.2 0.2 0.2 0.1 0.1 0.1 0.1 0.1 0.1 0.1 0.1 0.1 0.1 0.1 0.1 0.1 0.1 0.1 0.1 0.1 0.1 0.1 0.1 0.1 0.1
5.0 4.8 4.7 4.5 4.3 4.1 3.8 3.6 3.3 3.1 2.8 2.6 2.4 2.1 2.0 1.8 1.6 1.5 1.3 1.2 1.1 1.0 0.9 0.8 0.7 0.7 0.6 0.5 0.5 0.4 0.4 0.4 0.3 0.3 0.3 0.3 0.3 0.3 0.3 0.3 0.3 0.3 0.3 0.3 0.3 0.3 0.3 0.3 0.3 0.3 0.3 0.4 0.4 0.4 0.4 0.4 0.4 0.4 0.4 0.4 0.4 0.4 0.4 0.4 0.3 0.3 0.3 0.3 0.3 0.2 0.2 0.2 0.2 0.2 0.2 0.2 0.1 0.1 0.1 0.1 0.1 0.1 0.1 0.1 0.1 0.1 0.1 0.1 0.1 0.1 0.1 0.1 0.1 0.1
5.1 5.0 4.8 4.6 4.4 4.2 4.0 3.7 3.5 3.2 3.0 2.7 2.5 2.3 2.0 1.9 1.7 1.5 1.4 1.2 1.1 1.0 0.9 0.8 0.7 0.6 0.5 0.4 0.3 0.3 0.2 0.2 0.2 0.1 0.1 0.1 0.1 0.1 0.2 0.2 0.2 0.2 0.2 0.2 0.3 0.3 0.3 0.3 0.3 0.3 0.3 0.3 0.3 0.3 0.4 0.4 0.4 0.4 0.4 0.4 0.4 0.4 0.4 0.4 0.4 0.4 0.4 0.3 0.3 0.3 0.3 0.2 0.2 0.2 0.2 0.2 0.2 0.2 0.2 0.2 0.2 0.2 0.2 0.2 0.2 0.2 0.2 0.2 0.2 0.2 0.1 0.1 0.1 0.1
5.2 5.1 4.9 4.8 4.6 4.4 4.1 3.9 3.6 3.4 3.1 2.8 2.6 2.4 2.1 1.9 1.7 1.6 1.4 1.2 1.1 0.9 0.8 0.7 0.5 0.4 0.3 0.2 0.1 0.1 0.0 0.0 0.0 0.0 0.0 0.0 0.0 0.0 0.0 0.0 0.0 0.1 0.1 0.1 0.2 0.2 0.2 0.2 0.3 0.3 0.3 0.3 0.3 0.3 0.3 0.3 0.4 0.4 0.4 0.4 0.4 0.4 0.4 0.4 0.4 0.4 0.4 0.4 0.4 0.3 0.3 0.3 0.3 0.3 0.2 0.2 0.2 0.2 0.2 0.2 0.2 0.2 0.2 0.2 0.2 0.2 0.2 0.2 0.2 0.2 0.2 0.2 0.2 0.2
5.3 5.2 5.1 4.9 4.7 4.5 4.3 4.1 3.8 3.5 3.3 3.0 2.7 2.5 2.2 2.0 1.8 1.6 1.4 1.2 1.0 0.8 0.7 0.5 0.4 0.2 0.1 0.0 0.0 0.0 0.0 0.0 0.0 0.0 0.0 0.0 0.0 0.0 0.0 0.0 0.0 0.0 0.0 0.0 0.1 0.1 0.1 0.2 0.2 0.2 0.2 0.3 0.3 0.3 0.3 0.3 0.3 0.3 0.4 0.4 0.4 0.4 0.4 0.4 0.4 0.4 0.4 0.4 0.4 0.4 0.4 0.3 0.3 0.3 0.3 0.3 0.3 0.3 0.3 0.3 0.3 0.3 0.3 0.3 0.3 0.3 0.3 0.3 0.3 0.2 0.2 0.2 0.2 0.2
5.4 5.3 5.2 5.0 4.9 4.7 4.5 4.2 4.0 3.7 3.4 3.2 2.9 2.6 2.4 2.1 1.9 1.6 1.4 1.2 0.9 0.7 0.5 0.3 0.1 0.0 0.0 0.0 0.0 0.0 0.0 0.0 0.0 0.0 0.0 0.0 0.0 0.0 0.0 0.0 0.0 0.0 0.0 0.0 0.0 0.0 0.1 0.1 0.1 0.2 0.2 0.2 0.3 0.3 0.3 0.3 0.3 0.3 0.3 0.4 0.4 0.4 0.4 0.4 0.4 0.4 0.4 0.4 0.4 0.4 0.4 0.4 0.4 0.4 0.4 0.4 0.3 0.3 0.3 0.3 0.3 0.3 0.3 0.3 0.3 0.3 0.3 0.3 0.3 0.3 0.3 0.3 0.3 0.3
5.4 5.4 5.3 5.2 5.0 4.8 4.6 4.4 4.2 3.9 3.6 3.3 3.0 2.8 2.5 2.2 1.9 1.6 1.4 1.1 0.8 0.6 0.3 0.1 0.0 0.0 0.0 0.0 0.0 0.0 0.0 0.0 0.0 0.0 0.0 0.0 0.0 0.0 0.0 0.0 0.0 0.0 0.0 0.0 0.0 0.0 0.0 0.1 0.1 0.1 0.1 0.2 0.2 0.2 0.3 0.3 0.3 0.3 0.3 0.4 0.4 0.4 0.4 0.4 0.4 0.4 0.4 0.4 0.4 0.4 0.5 0.5 0.5 0.5 0.4 0.4 0.4 0.4 0.4 0.4 0.4 0.4 0.4 0.4 0.4 0.4 0.4 0.4 0.4 0.4 0.4 0.4 0.4 0.4
5.5 5.4 5.4 5.3 5.2 5.0 4.8 4.6 4.3 4.1 3.8 3.5 3.2 2.9 2.6 2.3 2.0 1.6 1.3 1.0 0.7 0.4 0.1 0.0 0.0 0.0 0.0 0.0 0.0 0.0 0.0 0.0 0.0 0.0 0.0 0.0 0.0 0.0 0.0 0.0 0.0 0.0 0.0 0.0 0.0 0.0 0.0 0.1 0.1 0.1 0.1 0.1 0.1 0.2 0.2 0.3 0.3 0.3 0.3 0.3 0.4 0.4 0.4 0.4 0.4 0.4 0.4 0.4 0.4 0.5 0.5 0.5 0.5 0.5 0.5 0.5 0.5 0.5 0.5 0.5 0.5 0.5 0.5 0.5 0.5 0.5 0.5 0.5 0.5 0.5 0.5 0.5 0.5 0.5
5.5 5.5 5.5 5.4 5.3 5.2 5.0 4.8 4.5 4.3 4.0 3.7 3.4 3.1 2.7 2.4 2.0 1.6 1.3 0.9 0.6 0.3 0.2 0.1 0.0 0.0 0.0 0.0 0.0 0.0 0.0 0.0 0.0 0.0 0.0 0.0 0.0 0.0 0.0 0.0 0.0 0.0 0.0 0.0 0.0 0.0 0.1 0.1 0.1 0.1 0.1 0.1 0.1 0.1 0.2 0.2 0.3 0.3 0.3 0.3 0.3 0.4 0.4 0.4 0.4 0.4 0.4 0.4 0.4 0.5 0.5 0.5 0.6 0.6 0.6 0.6 0.6 0.6 0.6 0.6 0.6 0.6 0.6 0.6 0.6 0.6 0.6 0.6 0.6 0.6 0.6 0.6 0.6 0.6
5.5 5.5 5.5 5.5 5.4 5.3 5.2 5.0 4.7 4.5 4.2 3.9 3.6 3.2 2.9 2.5 2.1 1.6 1.2 0.9 0.6 0.4 0.3 0.2 0.0 0.0 0.0 0.0 0.0 0.0 0.0 0.0 0.0 0.0 0.0 0.0 0.0 0.0 0.0 0.0 0.0 0.0 0.0 0.0 0.0 0.0 0.1 0.1 0.1 0.1 0.1 0.1 0.1 0.1 0.1 0.2 0.2 0.3 0.3 0.3 0.3 0.4 0.4 0.4 0.4 0.4 0.4 0.4 0.5 0.5 0.5 0.5 0.6 0.6 0.7 0.7 0.7 0.8 0.8 0.8 0.8 0.8 0.8 0.8 0.8 0.8 0.8 0.8 0.8 0.8 0.8 0.8 0.7 0.7
5.5 5.5 5.6 5.6 5.5 5.4 5.3 5.2 4.9 4.7 4.4 4.1 3.8 3.4 3.0 2.6 2.1 1.6 1.2 1.0 0.8 0.6 0.4 0.3 0.1 0.0 0.0 0.0 0.0 0.0 0.0 0.0 0.0 0.0 0.0 0.0 0.0 0.0 0.0 0.0 0.0 0.0 0.0 0.0 0.0 0.0 0.1 0.1 0.1 0.1 0.1 0.1 0.1 0.1 0.1 0.1 0.2 0.2 0.2 0.3 0.3 0.3 0.4 0.4 0.4 0.4 0.4 0.4 0.5 0.5 0.5 0.6 0.6 0.6 0.7 0.7 0.8 0.9 0.9 0.9 0.9 0.9 1.0 1.0 1.0 1.0 1.0 1.0 1.0 1.0 0.9 0.9 0.9 0.9
5.4 5.5 5.6 5.6 5.6 5.6 5.5 5.3 5.1 4.9 4.6 4.3 4.0 3.6 3.1 2.7 2.2 1.7 1.4 1.2 0.9 0.7 0.6 0.4 0.3 0.1 0.0 0.0 0.0 0.0 0.0 0.0 0.0 0.0 0.0 0.0 0.0 0.0 0.0 0.0 0.0 0.0 0.0 0.0 0.0 0.0 0.1 0.1 0.1 0.1 0.1 0.1 0.1 0.0 0.0 0.0 0.1 0.1 0.2 0.2 0.3 0.3 0.3 0.4 0.4 0.4 0.4 0.5 0.5 0.5 0.5 0.6 0.6 0.7 0.7 0.8 0.8 0.9 1.0 1.0 1.1 1.1 1.1 1.2 1.2 1.2 1.2 1.2 1.2 1.2 1.2 1.1 1.1 1.1
5.3 5.4 5.5 5.6 5.7 5.7 5.6 5.5 5.3 5.1 4.9 4.5 4.2 3.8 3.3 2.8 2.3 1.9 1.6 1.4 1.1 0.9 0.7 0.6 0.4 0.3 0.1 0.0 0.0 0.0 0.0 0.0 0.0 0.0 0.0 0.0 0.0 0.0 0.0 0.0 0.0 0.0 0.0 0.0 0.0 0.0 0.1 0.1 0.1 0.1 0.1 0.1 0.1 0.0 0.0 0.0 0.0 0.1 0.1 0.2 0.2 0.3 0.3 0.4 0.4 0.4 0.4 0.5 0.5 0.5 0.5 0.6 0.6 0.7 0.7 0.8 0.8 0.9 1.0 1.1 1.1 1.2 1.3 1.3 1.4 1.4 1.4 1.4 1.4 1.4 1.4 1.4 1.4 1.4
5.1 5.3 5.5 5.6 5.7 5.8 5.7 5.7 5.5 5.3 5.1 4.8 4.4 4.0 3.5 2.9 2.5 2.1 1.9 1.6 1.4 1.1 0.9 0.7 0.6 0.4 0.3 0.1 0.0 0.0 0.0 0.0 0.0 0.0 0.0 0.0 0.0 0.0 0.0 0.0 0.0 0.0 0.0 0.0 0.0 0.1 0.1 0.1 0.1 0.1 0.1 0.1 0.0 0.0 0.0 0.0 0.0 0.0 0.0 0.1 0.2 0.2 0.3 0.3 0.4 0.4 0.4 0.5 0.5 0.5 0.6 0.6 0.6 0.7 0.7 0.8 0.9 0.9 1.0 1.1 1.1 1.2 1.3 1.4 1.5 1.6 1.6 1.7 1.7 1.7 1.7 1.7 1.7 1.7
4.9 5.1 5.4 5.6 5.7 5.8 5.8 5.8 5.7 5.5 5.3 5.0 4.6 4.2 3.7 3.1 2.7 2.4 2.1 1.9 1.6 1.4 1.1 0.9 0.7 0.6 0.4 0.3 0.2 0.1 0.0 0.0 0.0 0.0 0.0 0.0 0.0 0.0 0.0 0.0 0.0 0.0 0.0 0.0 0.0 0.1 0.1 0.1 0.1 0.1 0.1 0.0 0.0 0.0 0.0 0.0 0.0 0.0 0.0 0.0 0.1 0.2 0.2 0.3 0.3 0.4 0.4 0.5 0.5 0.5 0.6 0.6 0.7 0.7 0.8 0.8 0.9 0.9 1.0 1.1 1.2 1.3 1.3 1.4 1.5 1.6 1.7 1.8 1.9 1.9 2.0 2.0 2.0 2.0
4.8 4.9 5.2 5.5 5.7 5.9 5.9 6.0 5.9 5.7 5.5 5.2 4.9 4.4 3.9 3.4 3.0 2.7 2.4 2.2 1.9 1.6 1.4 1.2 0.9 0.8 0.6 0.4 0.3 0.2 0.1 0.0 0.0 0.0 0.0 0.0 0.0 0.0 0.0 0.0 0.0 0.0 0.0 0.0 0.1 0.1 0.1 0.1 0.1 0.1 0.1 0.0 0.0 0.0 0.0 0.0 0.0 0.0 0.0 0.0 0.0 0.1 0.2 0.3 0.3 0.4 0.4 0.4 0.5 0.5 0.6 0.6 0.7 0.7 0.8 0.8 0.9 1.0 1.0 1.1 1.2 1.3 1.4 1.4 1.5 1.6 1.7 1.8 1.9 2.0 2.1 2.2 2.3 2.4
4.9 4.9 5.1 5.4 5.7 5.9 6.0 6.1 6.1 6.0 5.8 5.5 5.1 4.6 4.1 3.7 3.4 3.1 2.8 2.5 2.2 1.9 1.6 1.4 1.2 1.0 0.8 0.6 0.5 0.3 0.2 0.1 0.0 0.0 0.0 0.0 0.0 0.0 0.0 0.0 0.0 0.0 0.0 0.1 0.1 0.1 0.1 0.1 0.1 0.1 0.0 0.0 0.0 0.0 0.0 0.0 0.0 0.0 0.0 0.0 0.0 0.0 0.1 0.2 0.3 0.3 0.4 0.4 0.5 0.5 0.6 0.6 0.7 0.7 0.8 0.8 0.9 1.0 1.1 1.1 1.2 1.3 1.4 1.5 1.6 1.7 1.8 1.9 2.0 2.1 2.2 2.3 2.4 2.5
5.0 5.1 5.1 5.3 5.7 5.9 6.1 6.2 6.2 6.2 6.0 5.7 5.4 4.9 4.4 4.0 3.7 3.4 3.1 2.8 2.5 2.2 1.9 1.7 1.4 1.2 1.0 0.8 0.6 0.5 0.4 0.3 0.2 0.1 0.1 0.0 0.0 0.0 0.0 0.0 0.1 0.1 0.1 0.1 0.1 0.1 0.1 0.1 0.1 0.1 0.0 0.0 0.0 0.0 0.0 0.0 0.0 0.0 0.0 0.0 0.0 0.0 0.0 0.1 0.2 0.3 0.3 0.4 0.5 0.5 0.6 0.6 0.7 0.7 0.8 0.8 0.9 1.0 1.1 1.1 1.2 1.3 1.4 1.5 1.6 1.7 1.8 1.9 2.0 2.1 2.2 2.3 2.4 2.5
5.2 5.2 5.3 5.4 5.7 6.0 6.2 6.4 6.4 6.4 6.2 6.0 5.6 5.2 4.7 4.3 4.0 3.7 3.4 3.1 2.8 2.5 2.2 1.9 1.7 1.4 1.2 1.0 0.8 0.7 0.5 0.4 0.3 0.2 0.2 0.1 0.1 0.1 0.1 0.1 0.1 0.1 0.1 0.1 0.1 0.1 0.1 0.1 0.1 0.1 0.0 0.0 0.0 0.0 0.0 0.0 0.0 0.0 0.0 0.0 0.0 0.0 0.0 0.0 0.1 0.2 0.3 0.4 0.4 0.5 0.5 0.6 0.6 0.7 0.8 0.8 0.9 1.0 1.1 1.1 1.2 1.3 1.4 1.5 1.6 1.7 1.8 1.9 2.0 2.1 2.3 2.4 2.5 2.6
5.3 5.4 5.5 5.6 5.8 6.1 6.4 6.6 6.7 6.6 6.5 6.3 5.9 5.5 5.0 4.7 4.4 4.1 3.8 3.5 3.1 2.8 2.5 2.3 2.0 1.7 1.5 1.3 1.1 0.9 0.7 0.6 0.5 0.4 0.3 0.3 0.2 0.2 0.2 0.2 0.2 0.2 0.2 0.2 0.2 0.2 0.1 0.1 0.1 0.1 0.0 0.0 0.0 0.0 0.0 0.0 0.0 0.0 0.0 0.0 0.0 0.0 0.0 0.0 0.0 0.1 0.2 0.3 0.4 0.4 0.5 0.6 0.6 0.7 0.8 0.8 0.9 1.0 1.1 1.1 1.2 1.3 1.4 1.5 1.6 1.7 1.8 1.9 2.1 2.2 2.3 2.4 2.5 2.6
5.5 5.6 5.7 5.9 6.0 6.3 6.6 6.8 6.9 6.9 6.8 6.6 6.3 5.8 5.3 5.0 4.7 4.4 4.1 3.8 3.5 3.2 2.9 2.6 2.3 2.0 1.8 1.5 1.3 1.1 0.9 0.8 0.7 0.6 0.5 0.4 0.4 0.3 0.3 0.3 0.3 0.3 0.2 0.2 0.2 0.2 0.2 0.1 0.1 0.1 0.0 0.0 0.0 0.0 0.0 0.0 0.0 0.0 0.0 0.0 0.0 0.0 0.0 0.0 0.0 0.0 0.1 0.2 0.3 0.4 0.4 0.5 0.6 0.6 0.7 0.8 0.9 1.0 1.0 1.1 1.2 1.3 1.4 1.5 1.6 1.7 1.9 2.0 2.1 2.2 2.3 2.5 2.6 2.7
5.7 5.8 6.0 6.2 6.4 6.6 6.9 7.1 7.3 7.3 7.2 7.0 6.6 6.2 5.7 5.3 5.0 4.7 4.4 4.1 3.8 3.5 3.2 2.9 2.6 2.3 2.1 1.8 1.6 1.4 1.2 1.0 0.9 0.7 0.6 0.6 0.5 0.5 0.4 0.4 0.4 0.3 0.3 0.3 0.3 0.2 0.2 0.2 0.1 0.1 0.0 0.0 0.0 0.0 0.0 0.0 0.0 0.0 0.0 0.0 0.0 0.0 0.0 0.0 0.0 0.0 0.0 0.1 0.2 0.3 0.4 0.4 0.5 0.6 0.7 0.7 0.8 0.9 1.0 1.1 1.2 1.3 1.4 1.5 1.6 1.8 1.9 2.0 2.1 2.2 2.4 2.5 2.6 2.7
5.9 6.1 6.3 6.5 6.8 7.0 7.3 7.5 7.7 7.7 7.6 7.4 7.0 6.5 6.1 5.7 5.3 5.0 4.7 4.4 4.1 3.8 3.6 3.3 3.0 2.7 2.4 2.1 1.9 1.7 1.4 1.3 1.1 1.0 0.8 0.8 0.7 0.6 0.6 0.5 0.5 0.4 0.4 0.4 0.3 0.3 0.2 0.2 0.1 0.1 0.0 0.0 0.0 0.0 0.0 0.0 0.0 0.0 0.0 0.0 0.0 0.0 0.0 0.0 0.0 0.0 0.0 0.0 0.1 0.2 0.2 0.3 0.4 0.5 0.6 0.7 0.8 0.9 1.0 1.1 1.2 1.3 1.4 1.5 1.6 1.8 1.9 2.0 2.1 2.3 2.4 2.5 2.7 2.8
6.2 6.4 6.7 6.9 7.2 7.5 7.8 8.1 8.2 8.3 8.2 7.9 7.5 7.0 6.5 6.0 5.6 5.3 5.0 4.7 4.4 4.1 3.9 3.6 3.3 3.0 2.7 2.4 2.2 2.0 1.7 1.5 1.4 1.2 1.1 1.0 0.9 0.8 0.7 0.7 0.6 0.6 0.5 0.4 0.4 0.3 0.3 0.2 0.2 0.1 0.0 0.0 0.0 0.0 0.0 0.0 0.0 0.0 0.0 0.0 0.0 0.0 0.0 0.0 0.0 0.0 0.0 0.0 0.0 0.0 0.1 0.2 0.3 0.4 0.5 0.6 0.7 0.8 0.9 1.0 1.1 1.2 1.4 1.5 1.6 1.7 1.9 2.0 2.2 2.3 2.4 2.6 2.7 2.8
6.5 6.8 7.0 7.4 7.7 8.0 8.3 8.6 8.8 8.8 8.7 8.5 8.0 7.5 6.9 6.4 5.9 5.5 5.2 4.9 4.7 4.4 4.1 3.9 3.6 3.3 3.0 2.8 2.5 2.3 2.0 1.8 1.6 1.5 1.3 1.2 1.1 1.0 0.9 0.8 0.7 0.7 0.6 0.5 0.5 0.4 0.3 0.3 0.2 0.1 0.1 0.0 0.0 0.0 0.0 0.0 0.0 0.0 0.0 0.0 0.0 0.0 0.0 0.0 0.0 0.0 0.0 0.0 0.0 0.0 0.0 0.0 0.1 0.2 0.3 0.4 0.6 0.7 0.8 0.9 1.0 1.2 1.3 1.4 1.6 1.7 1.9 2.0 2.2 2.3 2.5 2.6 2.8 2.9
6.8 7.1 7.4 7.8 8.1 8.5 8.8 9.0 9.2 9.3 9.2 9.0 8.6 8.0 7.4 6.8 6.2 5.8 5.4 5.1 4.8 4.6 4.3 4.1 3.8 3.6 3.3 3.1 2.8 2.6 2.3 2.1 1.9 1.7 1.6 1.4 1.3 1.2 1.1 1.0 0.9 0.8 0.7 0.6 0.6 0.5 0.4 0.3 0.2 0.2 0.1 0.0 0.0 0.0 0.0 0.0 0.0 0.0 0.0 0.0 0.0 0.0 0.0 0.0 0.0 0.0 0.0 0.0 0.0 0.0 0.0 0.0 0.1 0.1 0.3 0.4 0.5 0.6 0.7 0.8 1.0 1.1 1.2 1.4 1.5 1.7 1.8 2.0 2.2 2.4 2.5 2.7 2.8 3.0
7.2 7.5 7.8 8.2 8.5 8.8 9.1 9.4 9.6 9.6 9.6 9.4 9.0 8.5 7.9 7.2 6.5 6.0 5.5 5.2 4.9 4.6 4.4 4.2 4.0 3.8 3.5 3.3 3.1 2.9 2.6 2.4 2.2 2.0 1.9 1.7 1.6 1.4 1.3 1.2 1.0 0.9 0.8 0.7 0.6 0.5 0.4 0.4 0.3 0.2 0.1 0.0 0.0 0.0 0.0 0.0 0.0 0.0 0.0 0.0 0.0 0.0 0.0 0.0 0.0 0.0 0.0 0.0 0.0 0.0 0.0 0.0 0.1 0.2 0.3 0.4 0.5 0.6 0.7 0.9 1.0 1.1 1.2 1.4 1.5 1.7 1.8 2.0 2.2 2.4 2.6 2.7 2.9 3.1
7.5 7.8 8.2 8.5 8.8 9.2 9.4 9.7 9.8 9.9 9.9 9.7 9.4 8.9 8.3 7.6 6.9 6.2 5.7 5.2 4.9 4.6 4.4 4.2 4.1 3.9 3.7 3.5 3.3 3.1 2.9 2.7 2.5 2.3 2.1 2.0 1.8 1.6 1.5 1.3 1.2 1.1 1.0 0.8 0.7 0.6 0.5 0.4 0.3 0.2 0.1 0.1 0.0 0.0 0.0 0.0 0.0 0.0 0.0 0.0 0.0 0.0 0.0 0.0 0.0 0.0 0.0 0.0 0.0 0.0 0.0 0.0 0.1 0.2 0.3 0.4 0.5 0.6 0.8 0.9 1.0 1.1 1.3 1.4 1.6 1.7 1.8 2.0 2.2 2.4 2.6 2.8 3.0 3.2
7.8 8.1 8.5 8.8 9.1 9.4 9.6 9.9 10.0 10.1 10.1 10.0 9.7 9.3 8.7 8.0 7.2 6.5 5.8 5.3 4.9 4.6 4.3 4.2 4.0 3.9 3.7 3.6 3.4 3.3 3.1 2.9 2.8 2.6 2.4 2.2 2.0 1.9 1.7 1.5 1.4 1.2 1.1 0.9 0.8 0.7 0.6 0.4 0.3 0.2 0.2 0.1 0.0 0.0 0.0 0.0 0.0 0.0 0.0 0.0 0.0 0.0 0.0 0.0 0.0 0.0 0.0 0.0 0.0 0.0 0.0 0.0 0.1 0.2 0.3 0.4 0.5 0.7 0.8 0.9 1.0 1.2 1.3 1.5 1.6 1.7 1.9 2.1 2.2 2.4 2.6 2.9 3.1 3.3
8.1 8.4 8.7 9.0 9.3 9.5 9.8 10.0 10.2 10.3 10.3 10.2 10.0 9.6 9.1 8.4 7.6 6.8 6.0 5.4 4.9 4.5 4.2 4.0 3.9 3.8 3.7 3.6 3.5 3.4 3.3 3.1 3.0 2.8 2.7 2.5 2.3 2.1 1.9 1.7 1.5 1.3 1.2 1.0 0.9 0.7 0.6 0.5 0.4 0.3 0.2 0.1 0.0 0.0 0.0 0.0 0.0 0.0 0.0 0.0 0.0 0.0 0.0 0.0 0.0 0.0 0.0 0.0 0.0 0.0 0.0 0.1 0.2 0.2 0.3 0.5 0.6 0.7 0.8 1.0 1.1 1.2 1.4 1.5 1.6 1.8 2.0 2.1 2.3 2.5 2.7 3.0 3.2 3.4
8.3 8.5 8.8 9.1 9.4 9.7 9.9 10.1 10.3 10.4 10.4 10.4 10.2 9.9 9.4 8.8 8.0 7.2 6.4 5.6 5.0 4.5 4.1 3.9 3.7 3.6 3.5 3.5 3.4 3.4 3.3 3.2 3.1 3.0 2.9 2.7 2.5 2.3 2.0 1.8 1.6 1.4 1.2 1.1 0.9 0.7 0.6 0.5 0.4 0.3 0.2 0.1 0.0 0.0 0.0 0.0 0.0 0.0 0.0 0.0 0.0 0.0 0.0 0.0 0.0 0.0 0.0 0.0 0.0 0.0 0.0 0.1 0.2 0.3 0.4 0.5 0.6 0.7 0.9 1.0 1.1 1.3 1.4 1.5 1.7 1.9 2.0 2.2 2.4 2.6 2.8 3.1 3.4 3.6
8.4 8.7 8.9 9.2 9.5 9.7 9.9 10.2 10.3 10.5 10.5 10.5 10.4 10.1 9.7 9.1 8.4 7.6 6.7 5.9 5.2 4.6 4.2 3.8 3.6 3.4 3.4 3.3 3.3 3.3 3.3 3.3 3.2 3.1 3.0 2.8 2.6 2.4 2.2 1.9 1.7 1.5 1.3 1.1 0.9 0.8 0.6 0.5 0.4 0.3 0.2 0.1 0.0 0.0 0.0 0.0 0.0 0.0 0.0 0.0 0.0 0.0 0.0 0.0 0.0 0.0 0.0 0.0 0.0 0.0 0.1 0.1 0.2 0.3 0.4 0.5 0.6 0.8 0.9 1.0 1.2 1.3 1.4 1.6 1.8 1.9 2.1 2.3 2.5 2.7 2.9 3.2 3.5 3.9
8.5 8.7 9.0 9.3 9.5 9.8 10.0 10.2 10.4 10.5 10.6 10.6 10.5 10.3 10.0 9.5 8.8 8.0 7.2 6.4 5.6 5.0 4.4 4.0 3.7 3.4 3.3 3.2 3.2 3.2 3.2 3.3 3.3 3.2 3.1 3.0 2.8 2.5 2.3 2.0 1.8 1.5 1.3 1.1 0.9 0.7 0.6 0.5 0.3 0.2 0.1 0.1 0.0 0.0 0.0 0.0 0.0 0.0 0.0 0.0 0.0 0.0 0.0 0.0 0.0 0.0 0.0 0.0 0.0 0.1 0.1 0.2 0.3 0.3 0.4 0.5 0.7 0.8 0.9 1.1 1.2 1.3 1.5 1.6 1.8 2.0 2.2 2.4 2.6 2.8 3.1 3.4 3.7 4.1
8.5 8.8 9.0 9.3 9.5 9.8 10.0 10.2 10.4 10.6 10.7 10.7 10.7 10.5 10.3 9.8 9.2 8.5 7.7 6.9 6.1 5.4 4.8 4.3 3.9 3.6 3.4 3.3 3.2 3.2 3.2 3.3 3.3 3.3 3.2 3.1 2.9 2.6 2.4 2.1 1.8 1.6 1.3 1.1 0.9 0.7 0.5 0.4 0.3 0.2 0.1 0.0 0.0 0.0 0.0 0.0 0.0 0.0 0.0 0.0 0.0 0.0 0.0 0.0 0.0 0.0 0.0 0.0 0.1 0.1 0.1 0.2 0.3 0.4 0.5 0.6 0.7 0.8 1.0 1.1 1.2 1.4 1.5 1.7 1.9 2.0 2.2 2.4 2.7 2.9 3.2 3.5 3.9 4.3
8.5 8.8 9.0 9.3 9.5 9.8 10.0 10.2 10.4 10.6 10.7 10.8 10.8 10.7 10.5 10.1 9.6 9.0 8.3 7.5 6.7 6.0 5.4 4.8 4.4 4.0 3.7 3.5 3.4 3.3 3.3 3.3 3.4 3.4 3.3 3.2 3.0 2.7 2.4 2.2 1.9 1.6 1.3 1.1 0.8 0.6 0.5 0.3 0.2 0.1 0.0 0.0 0.0 0.0 0.0 0.0 0.0 0.0 0.0 0.0 0.0 0.0 0.0 0.0 0.1 0.1 0.1 0.1 0.1 0.1 0.2 0.2 0.3 0.4 0.5 0.6 0.7 0.9 1.0 1.1 1.3 1.4 1.6 1.8 1.9 2.1 2.3 2.5 2.8 3.0 3.4 3.7 4.1 4.5
8.5 8.8 9.0 9.3 9.6 9.8 10.0 10.2 10.4 10.6 10.8 10.9 11.0 10.9 10.7 10.5 10.0 9.5 8.8 8.1 7.4 6.7 6.1 5.5 5.0 4.6 4.3 4.0 3.8 3.6 3.6 3.6 3.6 3.5 3.5 3.3 3.1 2.9 2.6 2.2 1.9 1.6 1.3 1.1 0.8 0.6 0.4 0.2 0.1 0.0 0.0 0.0 0.0 0.0 0.0 0.0 0.0 0.0 0.0 0.0 0.0 0.1 0.1 0.1 0.1 0.1 0.1 0.1 0.2 0.2 0.2 0.3 0.4 0.4 0.5 0.7 0.8 0.9 1.0 1.2 1.3 1.5 1.6 1.8 2.0 2.2 2.4 2.6 2.9 3.2 3.5 3.9 4.3 4.7
8.4 8.7 9.1 9.4 9.7 9.9 10.1 10.3 10.5 10.7 10.8 11.0 11.1 11.1 11.0 10.8 10.4 10.0 9.4 8.8 8.1 7.5 6.9 6.3 5.8 5.4 5.0 4.6 4.4 4.2 4.1 4.0 3.9 3.9 3.8 3.6 3.4 3.1 2.8 2.4 2.1 1.7 1.4 1.1 0.8 0.6 0.4 0.2 0.1 0.0 0.0 0.0 0.0 0.0 0.0 0.0 0.0 0.0 0.0 0.0 0.1 0.2 0.2 0.2 0.2 0.2 0.2 0.2 0.2 0.2 0.3 0.3 0.4 0.5 0.6 0.7 0.8 0.9 1.1 1.2 1.4 1.5 1.7 1.9 2.1 2.3 2.5 2.7 3.0 3.3 3.7 4.1 4.5 5.0
8.2 8.6 9.1 9.5 9.9 10.2 10.5 10.5 10.6 10.7 10.9 11.1 11.2 11.2 11.2 11.1 10.8 10.4 10.0 9.4 8.8 8.2 7.7 7.1 6.7 6.2 5.8 5.5 5.2 4.9 4.7 4.6 4.5 4.4 4.2 4.0 3.7 3.4 3.1 2.7 2.3 1.9 1.6 1.3 0.9 0.7 0.4 0.2 0.0 0.0 0.0 0.0 0.0 0.0 0.0 0.0 0.0 0.0 0.0 0.1 0.2 0.2 0.3 0.3 0.3 0.3 0.3 0.3 0.3 0.3 0.3 0.4 0.4 0.5 0.6 0.7 0.9 1.0 1.1 1.3 1.4 1.6 1.8 1.9 2.1 2.4 2.6 2.9 3.1 3.5 3.9 4.3 4.7 5.2
