datasets/raw/rain/2019113020191130.grid
ncols 886
nrows 691
xllcenter 112.0000
yllcenter -44.5000
cellsize 0.0500
nodata_value 99999.90
[rows 126 to 167 of 691, columns 470 to 563 of 886]
0.0 0.0 0.0 0.0 0.0 0.0 0.0 0.0 0.0 0.0 0.0 0.0 0.0 0.0 0.0 0.0 0.0 0.0 0.0 0.0 0.0 0.0 0.0 0.0 0.0 0.0 0.0 0.0 0.0 0.0 0.0 0.0 0.0 0.1 0.1 0.1 0.1 0.1 0.2 0.2 0.2 0.3 0.4 0.4 0.5 0.6 0.7 0.8 0.9 1.1 1.2 1.3 1.4 1.4 1.5 1.6 1.6 1.6 1.7 1.6 1.6 1.6 1.5 1.5 1.5 1.5 1.5 1.6 1.6 1.6 1.6 1.7 1.7 1.7 1.8 1.8 1.9 1.9 2.0 2.0 2.1 2.2 2.3 2.3 2.4 2.5 2.6 2.6 2.6 2.6 2.6 2.6 2.5 2.5
0.0 0.0 0.0 0.0 0.0 0.0 0.0 0.0 0.0 0.0 0.0 0.0 0.0 0.0 0.0 0.0 0.0 0.0 0.0 0.0 0.0 0.0 0.0 0.0 0.0 0.0 0.0 0.0 0.0 0.0 0.0 0.0 0.0 0.1 0.1 0.1 0.1 0.1 0.2 0.2 0.3 0.3 0.4 0.5 0.6 0.7 0.8 0.9 1.0 1.1 1.2 1.3 1.4 1.5 1.5 1.6 1.6 1.6 1.6 1.6 1.6 1.5 1.5 1.5 1.5 1.5 1.5 1.6 1.6 1.6 1.7 1.7 1.7 1.8 1.8 1.9 1.9 2.0 2.0 2.1 2.2 2.2 2.3 2.4 2.5 2.7 2.7 2.8 2.8 2.8 2.7 2.7 2.6 2.5
0.0 0.0 0.0 0.0 0.0 0.0 0.0 0.0 0.0 0.0 0.0 0.0 0.0 0.0 0.0 0.0 0.0 0.0 0.0 0.0 0.0 0.0 0.0 0.0 0.0 0.0 0.0 0.0 0.0 0.0 0.0 0.0 0.1 0.1 0.1 0.1 0.1 0.2 0.2 0.3 0.3 0.4 0.5 0.5 0.6 0.7 0.8 0.9 1.0 1.1 1.2 1.3 1.4 1.5 1.5 1.6 1.6 1.6 1.6 1.6 1.5 1.5 1.4 1.5 1.5 1.5 1.5 1.6 1.6 1.6 1.7 1.7 1.8 1.8 1.8 1.9 2.0 2.0 2.1 2.2 2.2 2.3 2.4 2.5 2.7 2.8 2.9 3.0 3.0 2.9 2.9 2.8 2.7 2.6
0.0 0.0 0.0 0.0 0.0 0.0 0.0 0.0 0.0 0.0 0.0 0.0 0.0 0.0 0.0 0.0 0.0 0.0 0.0 0.0 0.0 0.0 0.0 0.0 0.0 0.0 0.0 0.0 0.0 0.0 0.0 0.0 0.1 0.1 0.1 0.1 0.2 0.2 0.2 0.3 0.4 0.4 0.5 0.6 0.7 0.8 0.9 1.0 1.1 1.2 1.3 1.3 1.4 1.5 1.5 1.5 1.5 1.5 1.5 1.5 1.5 1.4 1.4 1.5 1.5 1.5 1.6 1.6 1.6 1.7 1.7 1.7 1.8 1.8 1.9 1.9 2.0 2.1 2.2 2.2 2.3 2.4 2.5 2.7 2.8 2.9 3.0 3.2 3.2 3.2 3.1 3.0 2.9 2.7
0.0 0.0 0.0 0.0 0.0 0.0 0.0 0.0 0.0 0.0 0.0 0.0 0.0 0.0 0.0 0.0 0.0 0.0 0.0 0.0 0.0 0.0 0.0 0.0 0.0 0.0 0.0 0.0 0.0 0.0 0.0 0.1 0.1 0.1 0.1 0.1 0.2 0.2 0.3 0.3 0.4 0.5 0.5 0.6 0.7 0.8 0.9 1.0 1.1 1.2 1.3 1.3 1.4 1.4 1.5 1.5 1.5 1.5 1.5 1.4 1.4 1.4 1.4 1.5 1.5 1.5 1.6 1.6 1.6 1.7 1.7 1.8 1.8 1.9 1.9 2.0 2.1 2.1 2.2 2.3 2.4 2.5 2.7 2.8 2.9 3.0 3.2 3.3 3.4 3.5 3.4 3.2 3.1 2.9
0.0 0.0 0.0 0.0 0.0 0.0 0.0 0.0 0.0 0.0 0.0 0.0 0.0 0.0 0.0 0.0 0.0 0.0 0.0 0.0 0.0 0.0 0.0 0.0 0.0 0.0 0.0 0.0 0.0 0.0 0.1 0.1 0.1 0.1 0.1 0.2 0.2 0.2 0.3 0.4 0.4 0.5 0.6 0.7 0.8 0.9 0.9 1.0 1.1 1.2 1.2 1.3 1.3 1.4 1.4 1.4 1.4 1.4 1.4 1.4 1.3 1.4 1.4 1.5 1.5 1.5 1.6 1.6 1.7 1.7 1.8 1.8 1.9 1.9 2.0 2.1 2.1 2.2 2.3 2.4 2.5 2.7 2.8 2.9 3.0 3.2 3.3 3.4 3.6 3.6 3.6 3.5 3.3 3.1
0.0 0.0 0.0 0.0 0.0 0.0 0.0 0.0 0.0 0.0 0.0 0.0 0.0 0.0 0.0 0.0 0.0 0.0 0.0 0.0 0.0 0.0 0.0 0.0 0.0 0.0 0.0 0.0 0.0 0.0 0.1 0.1 0.1 0.1 0.1 0.2 0.2 0.3 0.3 0.4 0.5 0.5 0.6 0.7 0.8 0.9 1.0 1.0 1.1 1.1 1.2 1.2 1.3 1.3 1.3 1.3 1.3 1.3 1.3 1.3 1.3 1.4 1.4 1.5 1.5 1.6 1.6 1.6 1.7 1.7 1.8 1.8 1.9 2.0 2.0 2.1 2.2 2.3 2.4 2.5 2.6 2.8 2.9 3.0 3.2 3.3 3.4 3.5 3.7 3.8 3.8 3.7 3.5 3.3
0.0 0.0 0.0 0.0 0.0 0.0 0.0 0.0 0.0 0.0 0.0 0.0 0.0 0.0 0.0 0.0 0.0 0.0 0.0 0.0 0.0 0.0 0.0 0.0 0.0 0.0 0.0 0.0 0.0 0.1 0.1 0.1 0.1 0.1 0.2 0.2 0.3 0.3 0.4 0.4 0.5 0.6 0.7 0.7 0.8 0.9 1.0 1.0 1.1 1.1 1.1 1.1 1.2 1.2 1.2 1.2 1.2 1.2 1.2 1.2 1.3 1.4 1.4 1.5 1.5 1.6 1.6 1.7 1.7 1.8 1.8 1.9 2.0 2.0 2.1 2.2 2.3 2.4 2.5 2.6 2.8 2.9 3.0 3.1 3.3 3.4 3.5 3.6 3.8 3.9 3.9 4.0 3.8 3.5
0.0 0.0 0.0 0.0 0.0 0.0 0.0 0.0 0.0 0.0 0.0 0.0 0.0 0.0 0.0 0.0 0.0 0.0 0.0 0.0 0.0 0.0 0.0 0.0 0.0 0.0 0.0 0.0 0.0 0.1 0.1 0.1 0.1 0.2 0.2 0.2 0.3 0.3 0.4 0.5 0.5 0.6 0.7 0.8 0.8 0.9 0.9 1.0 1.0 1.0 1.0 1.0 1.0 1.0 1.0 1.0 1.1 1.1 1.2 1.2 1.3 1.3 1.4 1.5 1.5 1.6 1.6 1.7 1.7 1.8 1.9 1.9 2.0 2.1 2.2 2.3 2.4 2.5 2.6 2.7 2.9 3.0 3.1 3.3 3.4 3.5 3.6 3.7 3.8 3.9 4.0 4.0 4.0 3.8
0.0 0.0 0.0 0.0 0.0 0.0 0.0 0.0 0.0 0.0 0.0 0.0 0.0 0.0 0.0 0.0 0.0 0.0 0.0 0.0 0.0 0.0 0.0 0.0 0.0 0.0 0.0 0.0 0.1 0.1 0.1 0.1 0.1 0.2 0.2 0.3 0.3 0.4 0.4 0.5 0.6 0.7 0.7 0.8 0.8 0.9 0.9 0.9 0.9 0.9 0.9 0.9 0.9 0.9 1.0 1.0 1.0 1.1 1.1 1.2 1.3 1.3 1.4 1.5 1.5 1.6 1.7 1.7 1.8 1.8 1.9 2.0 2.1 2.2 2.3 2.4 2.5 2.6 2.7 2.8 3.0 3.1 3.2 3.4 3.5 3.6 3.7 3.8 3.9 4.0 4.0 4.1 4.1 4.0
0.0 0.0 0.0 0.0 0.0 0.0 0.0 0.0 0.0 0.0 0.0 0.0 0.0 0.0 0.0 0.0 0.0 0.0 0.0 0.0 0.0 0.0 0.0 0.0 0.0 0.0 0.0 0.0 0.1 0.1 0.1 0.1 0.2 0.2 0.2 0.3 0.3 0.4 0.5 0.5 0.6 0.7 0.7 0.8 0.8 0.8 0.8 0.8 0.8 0.8 0.8 0.8 0.9 0.9 1.0 1.0 1.0 1.1 1.1 1.2 1.3 1.3 1.4 1.5 1.5 1.6 1.7 1.7 1.8 1.9 2.0 2.1 2.1 2.2 2.3 2.5 2.6 2.7 2.8 2.9 3.1 3.2 3.3 3.4 3.5 3.6 3.7 3.8 3.9 4.0 4.0 4.1 4.1 4.0
0.0 0.0 0.0 0.0 0.0 0.0 0.0 0.0 0.0 0.0 0.0 0.0 0.0 0.0 0.0 0.0 0.0 0.0 0.0 0.0 0.0 0.0 0.0 0.0 0.0 0.0 0.0 0.1 0.1 0.1 0.1 0.1 0.2 0.2 0.3 0.3 0.4 0.4 0.5 0.6 0.6 0.7 0.7 0.8 0.8 0.8 0.8 0.7 0.7 0.8 0.8 0.9 0.9 0.9 1.0 1.0 1.1 1.1 1.1 1.2 1.2 1.3 1.4 1.5 1.5 1.6 1.7 1.8 1.9 1.9 2.0 2.1 2.2 2.3 2.4 2.5 2.7 2.8 2.9 3.0 3.1 3.3 3.4 3.5 3.6 3.7 3.8 3.8 3.9 4.0 4.0 4.0 4.1 4.0
0.0 0.0 0.0 0.0 0.0 0.0 0.0 0.0 0.0 0.0 0.0 0.0 0.0 0.0 0.0 0.0 0.0 0.0 0.0 0.0 0.0 0.0 0.0 0.0 0.0 0.0 0.0 0.1 0.1 0.1 0.1 0.2 0.2 0.2 0.3 0.3 0.4 0.5 0.5 0.6 0.7 0.7 0.8 0.8 0.8 0.7 0.7 0.7 0.7 0.8 0.8 0.9 0.9 1.0 1.0 1.0 1.1 1.1 1.1 1.2 1.2 1.3 1.4 1.4 1.5 1.6 1.7 1.8 1.9 2.0 2.1 2.2 2.3 2.4 2.5 2.6 2.7 2.8 3.0 3.1 3.2 3.3 3.4 3.5 3.6 3.7 3.7 3.8 3.9 3.9 4.0 4.0 4.0 4.0
0.0 0.0 0.0 0.0 0.0 0.0 0.0 0.0 0.0 0.0 0.0 0.0 0.0 0.0 0.0 0.0 0.0 0.0 0.0 0.0 0.0 0.0 0.0 0.0 0.0 0.0 0.1 0.1 0.1 0.1 0.1 0.2 0.2 0.3 0.3 0.4 0.4 0.5 0.6 0.6 0.7 0.7 0.8 0.7 0.7 0.7 0.7 0.7 0.8 0.8 0.9 0.9 1.0 1.0 1.0 1.1 1.1 1.1 1.2 1.2 1.2 1.3 1.4 1.4 1.5 1.6 1.7 1.8 1.9 2.0 2.1 2.2 2.3 2.4 2.5 2.7 2.8 2.9 3.0 3.1 3.2 3.3 3.4 3.5 3.6 3.6 3.7 3.7 3.8 3.8 3.9 3.9 3.9 3.9
0.0 0.0 0.0 0.0 0.0 0.0 0.0 0.0 0.0 0.0 0.0 0.0 0.0 0.0 0.0 0.0 0.0 0.0 0.0 0.0 0.0 0.0 0.0 0.0 0.0 0.0 0.1 0.1 0.1 0.1 0.2 0.2 0.2 0.3 0.4 0.4 0.5 0.6 0.6 0.7 0.7 0.8 0.8 0.7 0.7 0.7 0.7 0.8 0.8 0.9 0.9 1.0 1.0 1.0 1.1 1.1 1.1 1.2 1.2 1.2 1.3 1.3 1.4 1.4 1.5 1.6 1.7 1.8 1.9 2.0 2.2 2.3 2.4 2.5 2.6 2.7 2.8 2.9 3.0 3.1 3.2 3.3 3.3 3.4 3.5 3.5 3.6 3.6 3.7 3.7 3.7 3.8 3.8 3.7
0.0 0.0 0.0 0.0 0.0 0.0 0.0 0.0 0.0 0.0 0.0 0.0 0.0 0.0 0.0 0.0 0.0 0.0 0.0 0.0 0.0 0.0 0.0 0.0 0.0 0.1 0.1 0.1 0.1 0.1 0.2 0.2 0.3 0.3 0.4 0.5 0.5 0.6 0.7 0.7 0.8 0.8 0.8 0.7 0.7 0.7 0.8 0.8 0.9 0.9 1.0 1.0 1.1 1.1 1.1 1.1 1.2 1.2 1.2 1.2 1.3 1.3 1.4 1.4 1.5 1.6 1.7 1.8 1.9 2.0 2.2 2.3 2.4 2.5 2.6 2.7 2.7 2.8 2.9 3.0 3.1 3.2 3.2 3.3 3.3 3.4 3.4 3.5 3.5 3.6 3.6 3.6 3.6 3.6
0.0 0.0 0.0 0.0 0.0 0.0 0.0 0.0 0.0 0.0 0.0 0.0 0.0 0.0 0.0 0.0 0.0 0.0 0.0 0.0 0.0 0.0 0.0 0.0 0.0 0.1 0.1 0.1 0.1 0.2 0.2 0.2 0.3 0.4 0.4 0.5 0.6 0.7 0.7 0.8 0.8 0.8 0.8 0.7 0.7 0.8 0.8 0.9 1.0 1.0 1.0 1.1 1.1 1.1 1.2 1.2 1.2 1.2 1.3 1.3 1.3 1.4 1.4 1.5 1.5 1.6 1.7 1.8 1.9 2.0 2.1 2.2 2.3 2.4 2.5 2.6 2.6 2.7 2.8 2.9 2.9 3.0 3.1 3.1 3.2 3.2 3.2 3.3 3.3 3.3 3.4 3.4 3.4 3.4
0.0 0.0 0.0 0.0 0.0 0.0 0.0 0.0 0.0 0.0 0.0 0.0 0.0 0.0 0.0 0.0 0.0 0.0 0.0 0.0 0.0 0.0 0.0 0.0 0.0 0.1 0.1 0.1 0.1 0.2 0.2 0.3 0.3 0.4 0.5 0.6 0.6 0.7 0.8 0.8 0.8 0.8 0.8 0.7 0.8 0.8 0.9 1.0 1.0 1.1 1.1 1.2 1.2 1.2 1.2 1.3 1.3 1.3 1.3 1.3 1.4 1.4 1.4 1.5 1.5 1.6 1.7 1.8 1.9 2.0 2.1 2.1 2.2 2.3 2.4 2.4 2.5 2.6 2.6 2.7 2.7 2.8 2.8 2.9 2.9 3.0 3.0 3.0 3.1 3.1 3.1 3.1 3.1 3.1
0.0 0.0 0.0 0.0 0.0 0.0 0.0 0.0 0.0 0.0 0.0 0.0 0.0 0.0 0.0 0.0 0.0 0.0 0.0 0.0 0.0 0.0 0.0 0.0 0.1 0.1 0.1 0.1 0.2 0.2 0.2 0.3 0.4 0.4 0.5 0.6 0.7 0.8 0.8 0.9 0.9 0.9 0.8 0.8 0.9 0.9 1.0 1.1 1.1 1.2 1.2 1.2 1.3 1.3 1.3 1.3 1.4 1.4 1.4 1.4 1.4 1.4 1.5 1.5 1.5 1.6 1.7 1.7 1.8 1.9 1.9 2.0 2.1 2.1 2.2 2.2 2.3 2.3 2.4 2.4 2.5 2.5 2.6 2.6 2.6 2.7 2.7 2.8 2.8 2.8 2.8 2.8 2.8 2.8
0.0 0.0 0.0 0.0 0.0 0.0 0.0 0.0 0.0 0.0 0.0 0.0 0.0 0.0 0.0 0.0 0.0 0.0 0.0 0.0 0.0 0.0 0.0 0.0 0.1 0.1 0.1 0.1 0.2 0.2 0.3 0.3 0.4 0.5 0.6 0.7 0.8 0.9 0.9 1.0 1.0 1.0 0.9 0.9 1.0 1.0 1.1 1.2 1.2 1.3 1.3 1.3 1.4 1.4 1.4 1.4 1.5 1.5 1.5 1.5 1.5 1.5 1.5 1.5 1.6 1.6 1.6 1.7 1.7 1.7 1.8 1.8 1.9 1.9 1.9 2.0 2.0 2.1 2.1 2.1 2.2 2.2 2.3 2.3 2.3 2.4 2.4 2.4 2.5 2.5 2.5 2.5 2.5 2.5
0.0 0.0 0.0 0.0 0.0 0.0 0.0 0.0 0.0 0.0 0.0 0.0 0.0 0.0 0.0 0.0 0.0 0.0 0.0 0.0 0.0 0.0 0.0 0.1 0.1 0.1 0.1 0.2 0.2 0.2 0.3 0.4 0.5 0.6 0.7 0.8 0.9 0.9 1.0 1.1 1.1 1.0 1.0 1.0 1.1 1.1 1.2 1.3 1.3 1.4 1.4 1.4 1.5 1.5 1.5 1.5 1.6 1.6 1.6 1.6 1.6 1.6 1.6 1.6 1.6 1.6 1.6 1.6 1.6 1.6 1.6 1.6 1.6 1.6 1.7 1.7 1.7 1.8 1.8 1.8 1.8 1.9 1.9 2.0 2.0 2.0 2.1 2.1 2.1 2.2 2.2 2.2 2.2 2.2
0.0 0.0 0.0 0.0 0.0 0.0 0.0 0.0 0.0 0.0 0.0 0.0 0.0 0.0 0.0 0.0 0.0 0.0 0.0 0.0 0.0 0.0 0.0 0.1 0.1 0.1 0.1 0.2 0.2 0.3 0.3 0.4 0.5 0.6 0.7 0.8 0.9 1.0 1.1 1.2 1.2 1.2 1.1 1.1 1.2 1.3 1.3 1.4 1.4 1.5 1.5 1.6 1.6 1.6 1.7 1.7 1.7 1.7 1.7 1.7 1.7 1.7 1.7 1.7 1.6 1.6 1.6 1.5 1.5 1.4 1.4 1.4 1.4 1.4 1.4 1.4 1.4 1.4 1.5 1.5 1.5 1.6 1.6 1.6 1.7 1.7 1.7 1.8 1.8 1.8 1.9 1.9 1.9 1.9
0.0 0.0 0.0 0.0 0.0 0.0 0.0 0.0 0.0 0.0 0.0 0.0 0.0 0.0 0.0 0.0 0.0 0.0 0.0 0.0 0.0 0.0 0.1 0.1 0.1 0.1 0.2 0.2 0.2 0.3 0.4 0.5 0.6 0.7 0.8 0.9 1.1 1.2 1.2 1.3 1.3 1.3 1.2 1.2 1.3 1.4 1.5 1.5 1.6 1.6 1.7 1.7 1.8 1.8 1.8 1.8 1.8 1.9 1.9 1.9 1.9 1.8 1.8 1.8 1.7 1.6 1.5 1.4 1.3 1.3 1.2 1.2 1.1 1.1 1.1 1.1 1.1 1.2 1.2 1.2 1.2 1.3 1.3 1.3 1.4 1.4 1.4 1.5 1.5 1.5 1.6 1.6 1.6 1.6
0.0 0.0 0.0 0.0 0.0 0.0 0.0 0.0 0.0 0.0 0.0 0.0 0.0 0.0 0.0 0.0 0.0 0.0 0.0 0.0 0.0 0.0 0.1 0.1 0.1 0.1 0.2 0.2 0.3 0.4 0.4 0.5 0.7 0.8 0.9 1.0 1.2 1.3 1.4 1.4 1.5 1.5 1.4 1.4 1.5 1.6 1.6 1.7 1.7 1.8 1.8 1.9 1.9 2.0 2.0 2.0 2.0 2.0 2.0 2.0 2.0 2.0 1.9 1.9 1.8 1.7 1.5 1.4 1.2 1.1 1.0 1.0 0.9 0.9 0.9 0.9 0.9 0.9 0.9 0.9 1.0 1.0 1.0 1.1 1.1 1.1 1.2 1.2 1.2 1.3 1.3 1.3 1.3 1.4
0.0 0.0 0.0 0.0 0.0 0.0 0.0 0.0 0.0 0.0 0.0 0.0 0.0 0.0 0.0 0.0 0.0 0.0 0.0 0.0 0.0 0.0 0.1 0.1 0.1 0.2 0.2 0.3 0.3 0.4 0.5 0.6 0.7 0.9 1.0 1.2 1.3 1.4 1.5 1.6 1.7 1.7 1.6 1.6 1.6 1.7 1.8 1.9 1.9 2.0 2.0 2.1 2.1 2.1 2.2 2.2 2.2 2.2 2.2 2.2 2.2 2.2 2.1 2.0 1.9 1.7 1.5 1.4 1.2 1.0 0.9 0.8 0.8 0.7 0.7 0.7 0.7 0.7 0.7 0.8 0.8 0.8 0.8 0.9 0.9 0.9 1.0 1.0 1.0 1.1 1.1 1.1 1.2 1.2
0.0 0.0 0.0 0.0 0.0 0.0 0.0 0.0 0.0 0.0 0.0 0.0 0.0 0.0 0.0 0.0 0.0 0.0 0.0 0.0 0.0 0.1 0.1 0.1 0.1 0.2 0.2 0.3 0.4 0.5 0.6 0.7 0.8 1.0 1.2 1.3 1.5 1.6 1.7 1.8 1.9 1.9 1.8 1.8 1.8 1.9 2.0 2.1 2.1 2.2 2.2 2.3 2.3 2.4 2.4 2.4 2.4 2.4 2.4 2.4 2.4 2.4 2.3 2.2 2.0 1.8 1.6 1.4 1.1 1.0 0.8 0.7 0.7 0.6 0.6 0.6 0.6 0.6 0.6 0.6 0.6 0.7 0.7 0.7 0.7 0.8 0.8 0.9 0.9 0.9 1.0 1.0 1.0 1.1
0.0 0.0 0.0 0.0 0.0 0.0 0.0 0.0 0.0 0.0 0.0 0.0 0.0 0.0 0.0 0.0 0.0 0.0 0.0 0.0 0.0 0.1 0.1 0.1 0.2 0.2 0.3 0.3 0.4 0.5 0.6 0.8 0.9 1.1 1.3 1.5 1.6 1.8 1.9 2.0 2.1 2.1 2.1 2.1 2.0 2.1 2.2 2.3 2.4 2.4 2.5 2.5 2.6 2.6 2.6 2.7 2.7 2.7 2.7 2.7 2.6 2.6 2.5 2.4 2.2 1.9 1.7 1.4 1.2 1.0 0.8 0.7 0.6 0.6 0.6 0.5 0.5 0.5 0.5 0.6 0.6 0.6 0.6 0.7 0.7 0.7 0.8 0.8 0.8 0.9 0.9 1.0 1.0 1.1
0.0 0.0 0.0 0.0 0.0 0.0 0.0 0.0 0.0 0.0 0.0 0.0 0.0 0.0 0.0 0.0 0.0 0.0 0.0 0.0 0.1 0.1 0.1 0.1 0.2 0.2 0.3 0.4 0.5 0.6 0.7 0.9 1.1 1.3 1.5 1.6 1.8 2.0 2.1 2.2 2.3 2.4 2.4 2.3 2.3 2.3 2.4 2.5 2.6 2.7 2.7 2.8 2.8 2.9 2.9 2.9 3.0 3.0 3.0 3.0 2.9 2.8 2.7 2.6 2.4 2.1 1.8 1.5 1.2 1.0 0.9 0.7 0.7 0.6 0.6 0.6 0.6 0.6 0.6 0.6 0.6 0.6 0.6 0.7 0.7 0.7 0.8 0.8 0.9 0.9 1.0 1.0 1.1 1.2
0.0 0.0 0.0 0.0 0.0 0.0 0.0 0.0 0.0 0.0 0.0 0.0 0.0 0.0 0.0 0.0 0.0 0.0 0.0 0.0 0.1 0.1 0.1 0.2 0.2 0.3 0.3 0.4 0.5 0.7 0.8 1.0 1.2 1.4 1.6 1.8 2.0 2.2 2.4 2.5 2.6 2.6 2.7 2.7 2.6 2.6 2.7 2.8 2.8 2.9 3.0 3.0 3.1 3.2 3.2 3.2 3.3 3.3 3.3 3.3 3.2 3.2 3.0 2.8 2.6 2.3 2.0 1.6 1.4 1.1 1.0 0.8 0.8 0.7 0.7 0.6 0.6 0.6 0.6 0.6 0.7 0.7 0.7 0.8 0.8 0.8 0.9 1.0 1.0 1.1 1.2 1.2 1.3 1.4
0.0 0.0 0.0 0.0 0.0 0.0 0.0 0.0 0.0 0.0 0.0 0.0 0.0 0.0 0.0 0.0 0.0 0.0 0.0 0.1 0.1 0.1 0.1 0.2 0.2 0.3 0.4 0.5 0.6 0.8 1.0 1.2 1.4 1.6 1.8 2.0 2.2 2.4 2.6 2.7 2.8 2.9 3.0 3.0 3.0 2.9 2.9 3.0 3.1 3.2 3.3 3.3 3.4 3.5 3.5 3.6 3.6 3.6 3.7 3.7 3.6 3.5 3.4 3.2 2.9 2.6 2.2 1.9 1.6 1.3 1.1 1.0 0.9 0.9 0.8 0.8 0.8 0.8 0.8 0.8 0.8 0.8 0.9 0.9 1.0 1.0 1.1 1.2 1.3 1.3 1.4 1.5 1.6 1.8
0.0 0.0 0.0 0.0 0.0 0.0 0.0 0.0 0.0 0.0 0.0 0.0 0.0 0.0 0.0 0.0 0.0 0.0 0.0 0.1 0.1 0.1 0.2 0.2 0.3 0.3 0.4 0.6 0.7 0.9 1.1 1.3 1.5 1.8 2.0 2.2 2.5 2.7 2.8 3.0 3.1 3.2 3.3 3.3 3.3 3.3 3.3 3.3 3.4 3.5 3.6 3.7 3.7 3.8 3.9 4.0 4.0 4.1 4.1 4.1 4.1 4.0 3.9 3.6 3.3 3.0 2.6 2.2 1.9 1.6 1.4 1.2 1.1 1.1 1.0 1.0 1.0 1.0 1.0 1.0 1.0 1.1 1.1 1.2 1.3 1.3 1.4 1.5 1.6 1.7 1.9 2.0 2.1 2.3
0.0 0.0 0.0 0.0 0.0 0.0 0.0 0.0 0.0 0.0 0.0 0.0 0.0 0.0 0.0 0.0 0.0 0.0 0.1 0.1 0.1 0.1 0.2 0.2 0.3 0.4 0.5 0.7 0.8 1.0 1.2 1.5 1.7 2.0 2.2 2.5 2.7 2.9 3.1 3.2 3.4 3.5 3.5 3.6 3.6 3.6 3.6 3.6 3.7 3.8 3.9 4.0 4.1 4.2 4.3 4.4 4.5 4.6 4.6 4.7 4.7 4.6 4.5 4.2 3.9 3.5 3.1 2.6 2.3 2.0 1.7 1.5 1.4 1.3 1.3 1.2 1.2 1.2 1.2 1.3 1.3 1.4 1.4 1.5 1.6 1.7 1.8 2.0 2.1 2.3 2.4 2.6 2.8 3.0
0.0 0.0 0.0 0.0 0.0 0.0 0.0 0.0 0.0 0.0 0.0 0.0 0.0 0.0 0.0 0.0 0.0 0.0 0.1 0.1 0.1 0.2 0.2 0.3 0.4 0.5 0.6 0.7 0.9 1.2 1.4 1.6 1.9 2.2 2.4 2.7 2.9 3.1 3.3 3.5 3.6 3.7 3.8 3.8 3.9 3.9 4.0 4.0 4.0 4.1 4.2 4.4 4.5 4.7 4.8 5.0 5.1 5.2 5.3 5.4 5.4 5.3 5.2 4.9 4.6 4.1 3.7 3.2 2.8 2.4 2.1 1.9 1.8 1.6 1.6 1.5 1.5 1.5 1.6 1.6 1.7 1.8 1.9 2.0 2.1 2.2 2.4 2.5 2.7 2.9 3.1 3.4 3.6 3.8
0.0 0.0 0.0 0.0 0.0 0.0 0.0 0.0 0.0 0.0 0.0 0.0 0.0 0.0 0.0 0.0 0.0 0.0 0.1 0.1 0.1 0.2 0.2 0.3 0.4 0.5 0.7 0.9 1.1 1.3 1.6 1.8 2.1 2.4 2.7 2.9 3.1 3.3 3.5 3.7 3.8 3.9 4.0 4.1 4.1 4.2 4.2 4.3 4.4 4.5 4.6 4.8 5.0 5.2 5.4 5.6 5.8 5.9 6.1 6.2 6.2 6.2 6.0 5.8 5.4 4.9 4.4 3.9 3.4 3.0 2.6 2.4 2.2 2.0 2.0 1.9 1.9 1.9 2.0 2.0 2.1 2.2 2.4 2.5 2.7 2.9 3.1 3.3 3.5 3.7 4.0 4.3 4.5 4.8
0.0 0.0 0.0 0.0 0.0 0.0 0.0 0.0 0.0 0.0 0.0 0.0 0.0 0.0 0.0 0.0 0.0 0.1 0.1 0.1 0.1 0.2 0.3 0.4 0.5 0.6 0.8 1.0 1.2 1.5 1.7 2.0 2.3 2.6 2.9 3.1 3.3 3.5 3.7 3.8 4.0 4.1 4.1 4.2 4.3 4.4 4.4 4.5 4.6 4.8 5.0 5.2 5.5 5.7 6.0 6.2 6.5 6.7 6.8 7.0 7.0 7.0 6.9 6.6 6.2 5.7 5.2 4.6 4.1 3.6 3.2 2.9 2.6 2.5 2.4 2.3 2.3 2.4 2.4 2.5 2.6 2.8 3.0 3.2 3.4 3.6 3.9 4.1 4.4 4.7 5.0 5.3 5.6 5.9
0.0 0.0 0.0 0.0 0.0 0.0 0.0 0.0 0.0 0.0 0.0 0.0 0.0 0.0 0.0 0.0 0.0 0.1 0.1 0.1 0.2 0.2 0.3 0.4 0.5 0.7 0.9 1.1 1.3 1.6 1.9 2.2 2.5 2.8 3.0 3.3 3.5 3.7 3.8 4.0 4.1 4.2 4.2 4.3 4.4 4.5 4.5 4.7 4.8 5.0 5.3 5.6 5.9 6.2 6.5 6.8 7.1 7.4 7.6 7.7 7.8 7.8 7.6 7.4 7.0 6.5 6.0 5.4 4.8 4.3 3.8 3.4 3.2 3.0 2.9 2.8 2.8 2.9 3.0 3.1 3.2 3.4 3.7 3.9 4.2 4.5 4.8 5.1 5.4 5.8 6.1 6.5 6.8 7.1
0.0 0.0 0.0 0.0 0.0 0.0 0.0 0.0 0.0 0.0 0.0 0.0 0.0 0.0 0.0 0.0 0.1 0.1 0.1 0.1 0.2 0.3 0.3 0.5 0.6 0.8 1.0 1.2 1.5 1.8 2.1 2.4 2.7 2.9 3.2 3.4 3.6 3.8 3.9 4.0 4.1 4.2 4.2 4.3 4.4 4.4 4.5 4.7 4.8 5.1 5.4 5.8 6.2 6.6 7.0 7.3 7.7 7.9 8.1 8.3 8.4 8.4 8.3 8.1 7.7 7.3 6.7 6.2 5.6 5.0 4.5 4.1 3.7 3.5 3.4 3.3 3.3 3.4 3.5 3.7 3.9 4.1 4.4 4.7 5.0 5.4 5.7 6.1 6.5 6.9 7.3 7.6 8.0 8.3
0.0 0.0 0.0 0.0 0.0 0.0 0.0 0.0 0.0 0.0 0.0 0.0 0.0 0.0 0.0 0.0 0.1 0.1 0.1 0.2 0.2 0.3 0.4 0.5 0.7 0.9 1.1 1.4 1.6 1.9 2.2 2.5 2.8 3.1 3.3 3.5 3.7 3.8 3.9 4.0 4.1 4.1 4.1 4.2 4.2 4.3 4.4 4.5 4.7 5.1 5.5 6.0 6.5 6.9 7.3 7.7 8.0 8.3 8.6 8.7 8.8 8.9 8.8 8.6 8.3 7.9 7.4 6.8 6.3 5.7 5.1 4.7 4.3 4.1 3.9 3.8 3.9 4.0 4.1 4.3 4.6 4.9 5.2 5.6 5.9 6.3 6.7 7.2 7.6 8.0 8.4 8.8 9.1 9.4
0.0 0.0 0.0 0.0 0.0 0.0 0.0 0.0 0.0 0.0 0.0 0.0 0.0 0.0 0.0 0.0 0.1 0.1 0.1 0.2 0.3 0.3 0.5 0.6 0.8 1.0 1.2 1.5 1.8 2.1 2.4 2.7 2.9 3.2 3.4 3.6 3.7 3.8 3.9 4.0 4.0 4.0 3.9 3.9 3.9 3.9 4.0 4.2 4.5 5.0 5.5 6.1 6.6 7.1 7.5 7.9 8.3 8.6 8.9 9.1 9.2 9.2 9.2 9.0 8.8 8.4 8.0 7.4 6.9 6.3 5.8 5.3 4.9 4.6 4.4 4.4 4.4 4.5 4.7 5.0 5.3 5.6 6.0 6.4 6.8 7.3 7.7 8.1 8.6 9.0 9.4 9.7 10.1 10.3
0.0 0.0 0.0 0.0 0.0 0.0 0.0 0.0 0.0 0.0 0.0 0.0 0.0 0.0 0.0 0.1 0.1 0.1 0.2 0.2 0.3 0.4 0.5 0.7 0.9 1.1 1.3 1.6 1.9 2.2 2.5 2.8 3.0 3.3 3.5 3.6 3.7 3.8 3.8 3.8 3.7 3.7 3.6 3.5 3.4 3.4 3.5 3.8 4.3 4.9 5.5 6.0 6.6 7.1 7.6 8.0 8.4 8.8 9.0 9.3 9.4 9.5 9.5 9.3 9.1 8.8 8.4 7.9 7.4 6.8 6.3 5.8 5.4 5.1 4.9 4.9 4.9 5.0 5.3 5.5 5.9 6.3 6.7 7.2 7.6 8.1 8.5 9.0 9.4 9.8 10.2 10.6 10.9 11.1
0.0 0.0 0.0 0.0 0.0 0.0 0.0 0.0 0.0 0.0 0.0 0.0 0.0 0.0 0.0 0.1 0.1 0.1 0.2 0.2 0.3 0.4 0.6 0.7 0.9 1.2 1.4 1.7 2.0 2.3 2.6 2.9 3.1 3.3 3.5 3.6 3.6 3.6 3.6 3.5 3.4 3.2 3.1 2.9 2.7 2.7 3.0 3.5 4.1 4.7 5.3 5.9 6.5 7.1 7.6 8.1 8.5 8.8 9.2 9.4 9.6 9.7 9.7 9.6 9.4 9.1 8.8 8.3 7.8 7.3 6.8 6.3 5.9 5.6 5.4 5.3 5.3 5.5 5.7 6.1 6.4 6.9 7.3 7.8 8.3 8.8 9.2 9.7 10.1 10.5 10.9 11.2 11.5 11.7
0.0 0.0 0.0 0.0 0.0 0.0 0.0 0.0 0.0 0.0 0.0 0.0 0.0 0.0 0.1 0.1 0.1 0.1 0.2 0.3 0.4 0.5 0.6 0.8 1.0 1.3 1.6 1.8 2.1 2.4 2.7 2.9 3.1 3.3 3.4 3.5 3.5 3.4 3.3 3.2 2.9 2.7 2.4 2.1 2.0 2.2 2.7 3.3 3.9 4.5 5.2 5.8 6.4 7.0 7.5 8.0 8.5 8.9 9.2 9.5 9.7 9.8 9.8 9.8 9.6 9.4 9.1 8.7 8.2 7.7 7.2 6.7 6.3 6.0 5.8 5.7 5.7 5.9 6.1 6.5 6.9 7.3 7.8 8.3 8.8 9.3 9.8 10.2 10.6 11.0 11.3 11.6 11.9 12.1
