datasets/raw/rain/2019100120191001.grid
ncols 886
nrows 691
xllcenter 112.0000
yllcenter -44.5000
cellsize 0.0500
nodata_value 99999.90
[rows 294 to 335 of 691, columns 752 to 845 of 886]
13.3 13.5 13.6 13.7 13.8 13.8 13.7 13.6 13.3 12.9 12.3 11.6 10.9 10.0 9.2 8.5 7.7 6.9 5.9 5.0 4.2 3.6 3.3 3.0 3.0 3.2 3.4 3.7 4.1 4.4 4.9 5.4 5.8 6.1 6.1 6.0 5.7 5.3 4.8 4.3 4.1 4.0 3.8 3.7 3.5 3.4 3.3 3.2 3.4 3.4 3.2 2.9 2.5 2.1 1.7 1.4 1.3 1.2 1.3 1.4 1.6 1.8 1.8 1.8 1.7 1.6 1.5 1.4 1.3 1.2 1.2 1.2 1.2 1.2 1.2 1.3 1.4 1.5 1.6 1.7 1.8 1.9 2.1 2.2 2.3 2.5 2.8 3.6 4.4 5.0 5.6 6.0 6.3 6.6
14.3 14.6 14.9 15.2 15.4 15.5 15.5 15.4 15.2 14.7 14.1 13.4 12.5 11.5 10.5 9.6 8.7 7.7 6.7 5.8 5.0 4.4 3.9 3.5 3.4 3.4 3.6 3.8 4.1 4.4 4.8 5.3 5.6 5.8 5.9 5.7 5.4 4.9 4.5 4.1 3.9 3.7 3.6 3.4 3.3 3.2 3.1 3.1 3.1 3.0 2.8 2.4 2.0 1.5 1.1 0.9 0.9 0.9 0.9 1.0 1.2 1.4 1.8 1.9 1.8 1.7 1.7 1.6 1.5 1.5 1.5 1.5 1.5 1.5 1.6 1.7 1.8 1.9 2.0 2.2 2.3 2.5 2.6 2.8 2.9 3.1 3.3 4.1 4.9 5.5 6.1 6.5 6.9 7.2
15.2 15.7 16.1 16.5 16.8 17.1 17.2 17.2 17.0 16.6 15.9 15.1 14.1 13.0 11.8 10.6 9.4 8.3 7.3 6.4 5.7 5.1 4.4 4.0 3.8 3.7 3.7 3.9 4.2 4.6 5.0 5.4 5.7 5.8 5.8 5.5 5.1 4.7 4.4 4.0 3.8 3.6 3.3 3.2 3.0 2.8 2.7 2.7 2.6 2.4 2.2 1.8 1.4 0.9 0.6 0.4 0.5 0.5 0.6 0.8 0.9 1.2 1.7 2.0 2.0 1.9 1.9 1.8 1.8 1.8 1.8 1.8 1.9 2.0 2.1 2.2 2.3 2.4 2.6 2.7 2.9 3.1 3.2 3.4 3.6 3.7 4.0 4.7 5.5 6.1 6.6 7.1 7.4 7.7
15.8 16.4 17.0 17.6 18.0 18.4 18.7 18.7 18.6 18.2 17.5 16.7 15.6 14.4 13.0 11.6 10.3 9.0 7.9 6.9 6.1 5.5 4.9 4.5 4.1 3.9 3.9 4.1 4.4 4.8 5.2 5.7 5.9 6.0 5.8 5.5 5.1 4.6 4.2 3.8 3.5 3.2 3.0 2.7 2.6 2.4 2.3 2.2 2.0 1.9 1.7 1.4 1.0 0.6 0.3 0.1 0.2 0.3 0.5 0.6 0.8 1.1 1.6 2.1 2.1 2.1 2.1 2.1 2.1 2.2 2.2 2.3 2.4 2.5 2.6 2.7 2.9 3.1 3.2 3.4 3.6 3.8 4.0 4.2 4.4 4.6 4.8 5.4 6.1 6.7 7.2 7.7 8.0 8.3
16.1 16.8 17.5 18.2 18.8 19.3 19.7 19.8 19.8 19.5 18.9 18.0 16.9 15.6 14.1 12.6 11.1 9.7 8.5 7.4 6.4 5.7 5.1 4.7 4.2 4.0 4.1 4.3 4.6 5.0 5.5 6.0 6.3 6.2 5.9 5.5 5.0 4.5 4.0 3.6 3.2 2.9 2.6 2.3 2.1 1.9 1.8 1.7 1.5 1.4 1.2 1.0 0.8 0.5 0.3 0.2 0.3 0.4 0.4 0.5 0.7 0.9 1.3 1.9 2.2 2.4 2.4 2.4 2.5 2.6 2.7 2.8 2.9 3.1 3.2 3.4 3.6 3.8 4.0 4.2 4.5 4.7 4.9 5.1 5.3 5.5 5.8 6.3 7.0 7.5 8.0 8.3 8.7 9.0
15.9 16.7 17.5 18.2 19.0 19.6 20.1 20.4 20.4 20.2 19.7 18.9 17.8 16.5 15.0 13.4 11.8 10.3 8.9 7.7 6.7 5.9 5.2 4.7 4.3 4.2 4.2 4.4 4.8 5.2 5.7 6.2 6.5 6.3 5.9 5.5 4.9 4.3 3.8 3.3 2.9 2.4 2.1 1.8 1.5 1.4 1.3 1.2 1.1 1.0 0.9 0.8 0.6 0.5 0.4 0.4 0.3 0.3 0.4 0.5 0.6 0.7 0.9 1.3 1.8 2.4 2.6 2.7 2.9 3.1 3.2 3.4 3.5 3.8 4.0 4.2 4.5 4.7 5.0 5.2 5.5 5.7 6.0 6.2 6.5 6.7 7.0 7.4 7.9 8.4 8.7 9.1 9.4 9.7
15.2 16.0 16.9 17.7 18.5 19.2 19.8 20.3 20.5 20.4 20.1 19.4 18.4 17.1 15.6 14.0 12.3 10.7 9.2 7.9 6.9 6.0 5.3 4.7 4.3 4.2 4.2 4.4 4.7 5.2 5.7 6.3 6.5 6.2 5.8 5.3 4.7 4.1 3.5 3.0 2.5 2.0 1.5 1.2 1.0 0.8 0.8 0.8 0.7 0.7 0.7 0.6 0.6 0.6 0.5 0.4 0.4 0.3 0.4 0.4 0.5 0.6 0.7 1.0 1.4 2.1 2.5 2.9 3.3 3.5 3.8 4.0 4.3 4.6 4.8 5.1 5.4 5.8 6.1 6.4 6.7 7.0 7.3 7.6 7.9 8.1 8.4 8.7 9.0 9.3 9.6 9.9 10.2 10.4
14.0 14.9 15.7 16.6 17.5 18.3 19.0 19.5 19.9 20.0 19.8 19.3 18.4 17.3 15.9 14.2 12.6 10.9 9.4 8.0 6.9 6.0 5.3 4.7 4.3 4.1 4.1 4.3 4.6 5.0 5.6 6.3 6.3 5.8 5.4 4.9 4.3 3.8 3.2 2.6 2.1 1.5 1.0 0.6 0.4 0.3 0.4 0.4 0.4 0.5 0.5 0.6 0.6 0.6 0.6 0.6 0.5 0.4 0.4 0.4 0.5 0.5 0.6 0.8 1.0 1.4 1.9 2.7 3.4 3.8 4.2 4.7 5.1 5.5 5.8 6.2 6.6 7.0 7.4 7.8 8.1 8.5 8.9 9.2 9.6 9.9 10.2 10.3 10.4 10.5 10.6 10.8 11.0 11.2
12.5 13.4 14.2 15.1 16.0 16.8 17.5 18.2 18.7 19.0 19.0 18.6 18.0 17.0 15.7 14.2 12.6 10.9 9.4 8.0 6.9 5.9 5.2 4.6 4.2 3.9 3.9 4.0 4.2 4.6 5.1 5.6 5.6 5.2 4.8 4.3 3.8 3.3 2.8 2.2 1.6 1.0 0.5 0.2 0.0 0.0 0.1 0.2 0.3 0.4 0.5 0.7 0.8 0.8 0.8 0.8 0.7 0.5 0.5 0.4 0.4 0.5 0.5 0.5 0.7 1.0 1.5 2.5 4.0 4.5 4.6 5.3 6.0 6.5 7.0 7.5 7.9 8.4 8.9 9.4 9.8 10.3 10.7 11.2 11.6 11.9 12.3 12.2 12.0 11.8 11.8 11.8 11.9 12.0
10.9 11.7 12.5 13.3 14.2 15.0 15.8 16.5 17.1 17.5 17.6 17.5 17.1 16.3 15.2 13.8 12.3 10.7 9.2 7.8 6.7 5.7 5.0 4.4 3.9 3.6 3.5 3.6 3.7 3.9 4.2 4.5 4.6 4.3 4.0 3.6 3.2 2.8 2.3 1.8 1.2 0.7 0.2 0.0 0.0 0.0 0.0 0.1 0.3 0.5 0.7 0.9 1.0 1.1 1.2 1.1 1.0 0.8 0.7 0.6 0.5 0.4 0.3 0.3 0.4 0.7 1.1 1.8 3.0 3.8 4.7 5.7 6.8 7.7 8.3 8.9 9.5 10.1 10.7 11.2 11.8 12.4 12.9 13.4 13.9 14.4 14.7 14.5 13.9 13.4 13.1 12.9 12.8 12.9
9.4 10.1 10.8 11.6 12.4 13.2 13.9 14.5 15.2 15.6 15.9 16.0 15.8 15.2 14.3 13.1 11.7 10.3 8.8 7.5 6.4 5.5 4.7 4.1 3.6 3.3 3.1 3.0 3.0 3.0 3.2 3.4 3.5 3.4 3.2 2.9 2.6 2.3 1.9 1.5 1.0 0.5 0.2 0.0 0.0 0.0 0.0 0.1 0.4 0.6 0.9 1.2 1.4 1.6 1.7 1.6 1.5 1.2 1.0 0.8 0.6 0.4 0.3 0.2 0.3 0.5 0.9 1.5 2.3 3.4 4.7 6.1 7.5 8.8 9.8 10.5 11.3 12.0 12.7 13.4 14.1 14.8 15.4 16.0 16.7 17.2 17.6 17.3 16.2 15.2 14.5 14.1 13.9 13.8
7.9 8.5 9.2 9.9 10.7 11.5 12.0 12.7 13.2 13.7 14.1 14.2 14.2 13.8 13.1 12.2 11.0 9.6 8.3 7.1 6.0 5.1 4.4 3.8 3.3 2.9 2.7 2.5 2.3 2.2 2.3 2.4 2.5 2.5 2.4 2.3 2.0 1.8 1.5 1.1 0.8 0.4 0.2 0.0 0.0 0.0 0.1 0.3 0.6 0.9 1.3 1.6 2.0 2.2 2.4 2.4 2.2 1.8 1.5 1.2 0.9 0.6 0.4 0.3 0.3 0.5 0.9 1.3 2.1 3.4 5.0 6.8 8.5 10.1 11.4 12.4 13.3 14.1 15.0 15.8 16.7 17.5 18.3 19.0 19.8 20.5 21.0 20.6 18.8 17.3 16.2 15.5 15.0 14.8
6.6 7.1 7.7 8.3 8.9 9.6 10.5 11.1 11.5 11.8 12.1 12.4 12.4 12.2 11.8 11.0 10.0 8.8 7.7 6.6 5.6 4.8 4.1 3.5 3.0 2.6 2.3 2.0 1.7 1.5 1.4 1.5 1.6 1.7 1.8 1.7 1.5 1.4 1.1 0.9 0.6 0.3 0.2 0.1 0.1 0.1 0.3 0.5 0.8 1.2 1.7 2.1 2.6 3.0 3.3 3.3 3.2 2.8 2.3 1.8 1.4 1.0 0.7 0.5 0.5 0.7 1.1 1.4 2.2 3.8 5.7 7.8 9.9 11.7 13.3 14.5 15.5 16.5 17.5 18.6 19.6 20.5 21.5 22.4 23.3 24.1 24.8 24.4 21.9 19.7 18.1 17.0 16.2 15.8
5.2 5.7 6.1 6.7 7.3 8.0 8.5 9.0 9.5 9.9 10.3 10.6 10.7 10.6 10.3 9.7 8.9 7.9 6.9 5.9 5.0 4.3 3.7 3.2 2.8 2.3 2.0 1.6 1.2 1.0 0.8 0.8 0.9 1.1 1.2 1.2 1.1 1.0 0.8 0.6 0.4 0.3 0.2 0.1 0.1 0.3 0.5 0.7 1.1 1.6 2.1 2.7 3.3 3.8 4.2 4.5 4.3 3.9 3.3 2.6 2.0 1.5 1.1 0.9 0.9 1.2 1.7 1.9 2.9 4.9 7.1 9.5 11.9 13.9 15.5 16.8 18.0 19.2 20.4 21.6 22.8 23.9 25.0 26.1 27.1 28.1 29.0 28.7 25.5 22.4 20.2 18.6 17.6 16.9
3.9 4.2 4.6 5.0 5.5 6.1 6.8 7.4 7.8 8.2 8.6 8.8 9.0 9.0 8.8 8.4 7.7 7.0 6.1 5.3 4.5 3.8 3.3 2.9 2.5 2.1 1.7 1.2 0.9 0.6 0.4 0.3 0.4 0.6 0.8 0.8 0.8 0.7 0.6 0.4 0.3 0.2 0.2 0.2 0.2 0.4 0.6 0.9 1.4 1.9 2.5 3.2 3.9 4.6 5.1 5.4 5.3 4.9 4.2 3.4 2.6 1.9 1.5 1.4 1.5 1.9 2.8 3.7 4.7 6.8 9.4 12.1 14.6 16.6 18.0 19.3 20.7 22.1 23.5 24.9 26.2 27.6 28.9 30.1 31.3 32.5 33.5 33.6 29.5 25.4 22.5 20.4 19.0 18.1
2.8 3.0 3.2 3.5 3.8 4.4 5.0 5.7 6.4 6.8 7.1 7.3 7.4 7.5 7.4 7.1 6.6 6.0 5.3 4.6 3.9 3.3 2.9 2.5 2.3 2.0 1.5 1.1 0.7 0.4 0.2 0.1 0.2 0.4 0.5 0.5 0.5 0.5 0.4 0.3 0.2 0.2 0.1 0.2 0.3 0.5 0.7 1.1 1.6 2.1 2.8 3.5 4.4 5.2 5.7 6.0 5.9 5.5 4.7 3.8 2.9 2.3 1.9 2.0 2.4 3.1 4.4 6.0 7.7 10.0 12.8 15.6 18.0 19.6 20.6 22.0 23.6 25.2 26.8 28.4 30.0 31.5 33.0 34.4 35.8 37.1 38.4 38.5 33.8 28.8 25.0 22.3 20.5 19.3
2.0 2.1 2.2 2.4 2.6 3.0 3.6 4.2 4.9 5.4 5.7 5.9 6.1 6.1 6.1 5.8 5.5 5.0 4.5 3.9 3.3 2.9 2.5 2.2 2.0 1.8 1.6 1.3 0.7 0.4 0.2 0.1 0.1 0.2 0.2 0.3 0.3 0.3 0.3 0.2 0.1 0.1 0.1 0.1 0.3 0.5 0.8 1.2 1.7 2.2 2.9 3.7 4.5 5.3 5.8 6.2 6.1 5.7 4.8 3.9 3.0 2.3 2.2 2.6 3.4 4.8 6.8 9.1 11.7 14.5 17.4 19.9 21.7 22.5 23.3 24.9 26.7 28.5 30.3 32.1 33.9 35.7 37.3 39.0 40.5 42.0 43.4 43.6 38.4 32.4 27.7 24.3 22.0 20.5
1.3 1.3 1.4 1.5 1.7 2.0 2.5 3.0 3.5 4.1 4.5 4.8 4.9 5.0 4.9 4.8 4.5 4.1 3.7 3.2 2.8 2.4 2.1 1.9 1.7 1.5 1.4 1.3 1.0 0.6 0.2 0.1 0.0 0.0 0.1 0.1 0.1 0.2 0.1 0.1 0.1 0.0 0.0 0.1 0.2 0.5 0.8 1.2 1.7 2.2 2.8 3.5 4.3 5.0 5.5 5.8 5.7 5.2 4.5 3.5 2.7 2.2 2.4 3.3 4.8 7.0 9.9 13.0 16.3 19.5 22.4 24.6 25.0 24.5 25.8 27.8 29.8 31.9 33.9 35.9 37.9 39.9 41.8 43.6 45.3 47.0 48.6 48.9 43.3 36.1 30.5 26.4 23.6 21.7
0.7 0.7 0.8 0.8 1.1 1.4 1.7 2.1 2.6 3.0 3.5 3.8 3.9 4.0 3.9 3.8 3.6 3.3 3.0 2.7 2.3 2.0 1.8 1.6 1.4 1.3 1.2 1.1 0.9 0.5 0.2 0.1 0.0 0.0 0.0 0.0 0.1 0.1 0.1 0.0 0.0 0.0 0.0 0.0 0.2 0.5 0.8 1.2 1.6 2.1 2.6 3.2 3.8 4.4 4.8 5.0 4.8 4.4 3.6 2.8 2.1 2.0 2.6 4.3 6.7 9.9 13.6 17.5 21.3 24.7 27.3 28.3 26.2 26.5 28.4 30.7 32.9 35.2 37.5 39.7 41.9 44.0 46.1 48.1 50.1 51.9 53.7 54.1 48.2 39.9 33.3 28.5 25.2 22.9
0.4 0.3 0.3 0.4 0.7 0.9 1.2 1.5 1.9 2.2 2.7 3.1 3.1 3.2 3.1 3.0 2.9 2.7 2.4 2.2 1.9 1.7 1.5 1.3 1.2 1.1 1.0 0.8 0.5 0.3 0.1 0.1 0.0 0.0 0.0 0.0 0.0 0.0 0.0 0.0 0.0 0.0 0.1 0.1 0.2 0.6 0.9 1.2 1.5 1.9 2.3 2.7 3.1 3.5 3.8 3.9 3.7 3.2 2.5 1.8 1.4 1.9 3.0 5.6 9.1 13.2 17.8 22.1 26.2 29.7 31.4 31.0 30.0 29.1 30.9 33.4 35.8 38.3 40.8 43.2 45.6 48.0 50.3 52.5 54.6 56.6 58.5 59.0 53.0 43.7 36.0 30.5 26.7 24.1
0.1 0.1 0.1 0.2 0.4 0.6 0.8 1.1 1.4 1.8 2.3 2.5 2.5 2.5 2.5 2.4 2.3 2.1 2.0 1.8 1.6 1.4 1.2 1.1 1.0 1.0 0.9 0.7 0.4 0.2 0.1 0.1 0.0 0.0 0.0 0.0 0.0 0.0 0.0 0.0 0.0 0.1 0.2 0.2 0.4 0.6 0.9 1.2 1.4 1.7 1.9 2.2 2.4 2.6 2.7 2.6 2.4 1.9 1.4 1.0 1.2 2.2 4.0 7.3 11.6 16.7 21.9 26.7 30.8 34.0 34.4 33.0 30.0 30.8 33.2 35.8 38.4 41.1 43.8 46.4 49.0 51.5 53.9 56.3 58.6 60.8 62.9 63.6 57.5 47.2 38.6 32.5 28.1 25.2
0.0 0.0 0.1 0.2 0.3 0.4 0.6 0.8 1.1 1.4 1.8 2.0 2.0 2.0 1.9 1.9 1.8 1.7 1.6 1.4 1.3 1.2 1.0 1.0 0.9 0.8 0.8 0.7 0.5 0.3 0.2 0.2 0.1 0.1 0.0 0.0 0.0 0.0 0.1 0.1 0.1 0.2 0.3 0.4 0.6 0.8 1.0 1.2 1.3 1.5 1.6 1.7 1.7 1.7 1.6 1.5 1.3 1.0 0.8 0.8 1.4 2.8 5.2 8.9 14.0 19.8 25.7 31.0 35.3 38.1 36.0 32.3 31.2 32.5 35.0 37.8 40.6 43.4 46.2 49.0 51.7 54.4 57.0 59.5 61.9 64.3 66.5 67.4 61.6 50.5 41.0 34.2 29.4 26.1
0.0 0.0 0.0 0.1 0.2 0.3 0.4 0.6 0.9 1.3 1.5 1.5 1.6 1.5 1.5 1.5 1.4 1.4 1.3 1.2 1.1 1.0 0.9 0.8 0.8 0.8 0.7 0.7 0.6 0.6 0.6 0.5 0.4 0.2 0.2 0.1 0.1 0.2 0.2 0.2 0.3 0.4 0.5 0.7 0.8 1.0 1.1 1.2 1.3 1.3 1.3 1.3 1.2 1.0 0.9 0.6 0.5 0.4 0.5 0.8 1.8 3.4 6.1 10.3 15.9 22.3 28.8 34.3 39.2 42.3 40.2 35.2 33.1 33.9 36.4 39.3 42.2 45.1 48.0 50.9 53.7 56.5 59.2 61.8 64.4 66.8 69.1 70.3 65.1 53.3 43.1 35.7 30.5 26.9
0.0 0.0 0.1 0.1 0.2 0.3 0.4 0.5 0.8 1.1 1.2 1.2 1.2 1.2 1.2 1.2 1.1 1.1 1.0 1.0 0.9 0.8 0.8 0.8 0.7 0.7 0.7 0.6 0.5 0.4 0.4 0.5 0.5 0.5 0.3 0.3 0.3 0.3 0.4 0.4 0.5 0.6 0.8 1.0 1.2 1.2 1.3 1.3 1.3 1.2 1.1 1.0 0.8 0.6 0.4 0.2 0.1 0.2 0.4 0.9 1.9 3.7 6.6 11.1 17.0 23.9 30.9 37.0 43.1 47.4 47.5 42.2 34.7 34.6 37.3 40.2 43.1 46.0 49.0 51.9 54.8 57.7 60.5 63.2 65.8 68.3 70.7 72.1 67.8 55.6 44.7 36.9 31.4 27.6
0.0 0.1 0.1 0.1 0.2 0.2 0.3 0.4 0.7 0.9 0.9 0.9 1.0 1.0 1.0 0.9 0.9 0.9 0.9 0.8 0.8 0.8 0.7 0.7 0.7 0.7 0.7 0.7 0.6 0.4 0.3 0.3 0.5 0.6 0.7 0.5 0.5 0.6 0.7 0.8 1.0 1.0 1.1 1.3 1.5 1.5 1.6 1.6 1.3 1.2 1.0 0.8 0.6 0.3 0.1 0.0 0.0 0.0 0.2 0.8 1.8 3.5 6.5 10.9 16.9 24.3 31.9 39.2 47.7 52.9 52.3 45.5 34.8 34.8 37.5 40.4 43.3 46.3 49.2 52.2 55.1 57.9 60.7 63.4 66.0 68.5 70.9 72.7 69.7 57.2 46.0 37.8 32.0 28.0
0.1 0.1 0.1 0.1 0.1 0.2 0.2 0.3 0.5 0.6 0.7 0.7 0.7 0.8 0.8 0.8 0.8 0.7 0.7 0.7 0.7 0.7 0.7 0.7 0.6 0.6 0.7 0.7 0.6 0.5 0.5 0.3 0.4 0.8 0.9 1.0 0.8 1.0 1.2 1.4 1.5 1.6 1.7 1.9 2.0 2.1 2.0 1.7 1.5 1.3 1.0 0.8 0.5 0.4 0.1 0.0 0.0 0.0 0.2 0.7 1.6 3.1 5.9 10.0 15.7 23.0 31.1 39.5 48.2 54.7 54.6 49.2 37.1 35.0 37.3 40.1 42.9 45.8 48.7 51.6 54.4 57.2 59.9 62.6 65.2 67.6 70.0 72.0 70.5 58.3 46.7 38.4 32.4 28.3
0.1 0.1 0.1 0.1 0.1 0.1 0.2 0.3 0.5 0.5 0.6 0.6 0.6 0.6 0.6 0.6 0.6 0.6 0.6 0.6 0.6 0.6 0.6 0.6 0.6 0.6 0.6 0.6 0.5 0.4 0.3 0.3 0.4 0.8 1.0 1.1 1.2 1.3 1.4 1.5 1.6 1.7 1.8 1.9 2.0 2.2 2.2 1.9 1.7 1.5 1.2 0.9 0.6 0.5 0.3 0.2 0.1 0.1 0.3 0.7 1.4 2.6 4.8 8.3 13.4 20.3 28.5 36.7 43.8 50.3 51.9 49.8 44.4 36.5 36.7 39.3 42.0 44.7 47.5 50.2 53.0 55.6 58.3 60.8 63.3 65.7 68.0 70.1 69.6 58.5 47.1 38.6 32.6 28.4
0.1 0.2 0.2 0.2 0.2 0.2 0.3 0.4 0.4 0.4 0.4 0.5 0.5 0.5 0.5 0.5 0.5 0.5 0.6 0.6 0.6 0.6 0.6 0.6 0.6 0.6 0.6 0.4 0.3 0.2 0.2 0.2 0.4 0.6 1.0 1.2 1.2 1.3 1.4 1.5 1.6 1.7 1.7 1.8 2.0 2.1 2.2 2.2 2.0 2.0 1.5 1.2 1.0 0.8 0.7 0.5 0.4 0.4 0.5 0.7 1.1 2.0 3.6 6.3 10.5 16.8 24.6 32.6 39.5 44.7 48.0 49.0 47.1 38.7 36.3 38.0 40.6 43.2 45.8 48.3 50.9 53.4 55.9 58.3 60.6 62.9 65.0 67.0 67.0 57.9 47.0 38.5 32.5 28.4
0.2 0.2 0.2 0.2 0.2 0.2 0.3 0.3 0.3 0.3 0.3 0.4 0.4 0.4 0.4 0.4 0.5 0.5 0.5 0.5 0.5 0.5 0.6 0.6 0.5 0.4 0.2 0.2 0.1 0.1 0.2 0.2 0.4 0.6 1.0 1.2 1.3 1.3 1.4 1.5 1.5 1.6 1.7 1.8 1.9 2.0 2.2 2.3 2.5 2.6 2.1 1.9 1.5 1.2 1.1 1.0 0.9 0.8 0.8 1.0 1.3 1.9 2.9 5.0 8.6 14.2 21.0 28.5 35.4 40.6 44.1 46.0 45.0 38.6 36.3 36.7 38.8 41.2 43.6 46.0 48.4 50.7 53.0 55.2 57.3 59.4 61.3 63.2 63.5 56.8 46.5 38.2 32.2 28.1
0.1 0.1 0.2 0.2 0.2 0.2 0.2 0.2 0.2 0.2 0.2 0.3 0.3 0.3 0.4 0.4 0.4 0.4 0.4 0.5 0.5 0.5 0.5 0.5 0.4 0.2 0.1 0.1 0.1 0.1 0.1 0.2 0.4 0.6 1.0 1.2 1.3 1.4 1.4 1.5 1.5 1.6 1.7 1.7 1.8 1.9 2.1 2.3 2.5 2.8 3.0 3.0 2.2 1.7 1.6 1.6 1.5 1.4 1.4 1.4 1.5 1.9 2.8 4.8 8.0 12.7 18.7 25.4 31.9 37.1 40.5 42.8 42.4 38.9 35.2 35.0 36.9 39.1 41.3 43.5 45.6 47.7 49.8 51.8 53.7 55.6 57.3 58.9 59.6 55.4 45.8 37.6 31.8 27.8
0.1 0.1 0.1 0.1 0.1 0.1 0.1 0.1 0.1 0.1 0.2 0.2 0.3 0.3 0.3 0.3 0.4 0.4 0.4 0.4 0.5 0.5 0.3 0.2 0.2 0.1 0.1 0.0 0.0 0.1 0.1 0.2 0.3 0.5 0.9 1.1 1.3 1.4 1.4 1.5 1.5 1.6 1.6 1.7 1.8 1.9 2.1 2.3 2.5 2.8 3.2 3.3 2.7 2.2 2.1 2.2 2.1 2.1 2.1 2.1 2.2 2.5 3.5 5.4 8.3 12.5 17.9 23.9 29.6 34.3 37.6 39.9 40.6 38.1 32.6 32.9 34.8 36.8 38.8 40.8 42.7 44.6 46.5 48.3 50.0 51.6 53.1 54.5 55.5 53.5 44.8 37.0 31.3 27.4
0.1 0.1 0.1 0.1 0.1 0.1 0.1 0.1 0.1 0.1 0.1 0.2 0.2 0.2 0.3 0.3 0.3 0.3 0.4 0.4 0.4 0.4 0.3 0.2 0.1 0.1 0.1 0.1 0.1 0.1 0.1 0.2 0.3 0.5 1.0 1.2 1.3 1.4 1.5 1.5 1.5 1.6 1.6 1.7 1.8 1.9 2.0 2.3 2.5 2.8 3.1 3.4 3.1 2.7 2.7 2.8 2.8 2.8 2.9 3.0 3.2 3.8 4.9 6.8 9.6 13.5 18.5 23.8 28.8 32.9 35.7 37.6 38.4 36.1 31.1 31.1 32.8 34.6 36.4 38.1 39.9 41.6 43.2 44.8 46.2 47.7 49.0 50.2 51.2 50.6 43.6 36.2 30.7 26.9
0.0 0.0 0.0 0.0 0.0 0.1 0.1 0.1 0.1 0.1 0.1 0.1 0.2 0.2 0.2 0.3 0.3 0.3 0.3 0.4 0.4 0.4 0.3 0.2 0.1 0.1 0.1 0.1 0.1 0.1 0.2 0.2 0.3 0.5 1.1 1.3 1.4 1.4 1.5 1.5 1.6 1.6 1.6 1.7 1.8 1.9 2.1 2.3 2.5 2.8 3.0 3.4 3.5 3.3 3.2 3.4 3.5 3.6 3.8 4.0 4.4 5.1 6.3 8.1 11.0 14.9 19.7 24.6 29.1 32.6 34.9 36.4 36.6 34.0 31.7 30.2 30.9 32.4 34.0 35.6 37.1 38.6 40.1 41.4 42.7 43.9 45.0 46.0 46.9 46.8 42.1 35.4 30.1 26.3
0.0 0.0 0.0 0.0 0.0 0.0 0.0 0.0 0.0 0.0 0.0 0.1 0.1 0.2 0.2 0.2 0.2 0.3 0.3 0.2 0.2 0.2 0.2 0.1 0.1 0.1 0.1 0.1 0.1 0.2 0.2 0.2 0.3 0.5 0.8 1.2 1.4 1.4 1.5 1.5 1.6 1.6 1.7 1.7 1.8 1.9 2.1 2.3 2.6 2.9 3.0 3.3 3.5 3.7 3.7 3.9 4.1 4.3 4.6 5.0 5.5 6.3 7.5 9.3 12.1 16.0 20.8 25.6 29.9 33.2 35.2 36.1 35.9 33.7 32.0 30.4 29.4 30.4 31.8 33.2 34.6 35.9 37.1 38.3 39.5 40.5 41.4 42.3 43.0 43.2 40.7 34.7 29.5 25.8
0.0 0.0 0.0 0.0 0.0 0.0 0.0 0.0 0.0 0.0 0.0 0.1 0.1 0.1 0.2 0.2 0.2 0.2 0.2 0.2 0.2 0.1 0.1 0.1 0.1 0.1 0.1 0.1 0.1 0.2 0.2 0.2 0.3 0.4 0.7 1.2 1.4 1.3 1.4 1.5 1.6 1.7 1.7 1.8 1.9 2.0 2.2 2.4 2.6 2.9 3.0 3.4 3.6 3.8 4.1 4.3 4.6 4.8 5.2 5.7 6.4 7.2 8.4 10.0 12.6 16.3 20.9 25.7 30.2 33.6 35.1 35.4 35.2 33.9 31.6 29.6 27.8 28.5 29.8 31.0 32.3 33.4 34.5 35.6 36.5 37.4 38.2 38.9 39.5 39.9 39.1 33.9 29.0 25.4
0.0 0.0 0.0 0.0 0.0 0.0 0.0 0.0 0.0 0.0 0.0 0.0 0.1 0.1 0.1 0.1 0.1 0.1 0.1 0.1 0.1 0.1 0.1 0.1 0.1 0.1 0.1 0.1 0.2 0.2 0.2 0.2 0.3 0.3 0.5 1.0 1.3 1.2 1.3 1.4 1.5 1.7 1.8 1.8 1.9 2.1 2.2 2.5 2.7 3.0 3.1 3.5 3.9 4.0 4.4 4.7 5.0 5.3 5.7 6.2 6.8 7.6 8.5 9.9 12.2 15.5 19.7 24.4 28.8 31.9 33.5 33.9 33.6 33.1 31.5 28.7 26.3 26.9 28.0 29.1 30.2 31.2 32.2 33.1 33.9 34.7 35.4 36.0 36.5 36.8 36.5 33.1 28.5 25.0
0.0 0.0 0.0 0.0 0.0 0.0 0.0 0.0 0.0 0.0 0.0 0.0 0.0 0.1 0.0 0.0 0.1 0.1 0.1 0.1 0.1 0.1 0.1 0.1 0.1 0.1 0.1 0.1 0.2 0.2 0.2 0.2 0.2 0.3 0.3 0.6 1.1 1.0 1.1 1.1 1.4 1.7 1.8 1.9 2.0 2.1 2.2 2.5 2.8 3.0 3.1 3.6 4.1 4.3 4.6 4.9 5.2 5.5 5.9 6.3 6.8 7.4 8.1 9.1 10.9 13.5 17.1 21.2 25.2 28.3 30.3 31.4 31.6 31.4 30.4 28.6 25.3 25.4 26.4 27.4 28.3 29.3 30.1 30.9 31.7 32.3 32.9 33.4 33.8 34.1 34.1 32.4 28.2 24.6
0.0 0.0 0.0 0.0 0.0 0.0 0.0 0.0 0.0 0.0 0.0 0.0 0.0 0.0 0.0 0.0 0.1 0.1 0.1 0.1 0.1 0.1 0.1 0.1 0.1 0.1 0.1 0.1 0.1 0.2 0.2 0.2 0.2 0.2 0.3 0.3 0.5 0.6 0.7 0.8 1.4 1.6 1.7 1.8 2.0 2.0 1.8 2.0 2.5 2.9 3.1 3.6 4.1 4.4 4.7 5.1 5.4 5.7 6.0 6.3 6.6 6.9 7.3 8.0 9.2 11.2 13.9 17.2 20.7 23.9 26.4 28.1 29.1 29.2 28.8 27.5 24.7 24.2 25.0 25.9 26.8 27.6 28.3 29.0 29.7 30.3 30.8 31.2 31.5 31.8 31.9 31.3 27.9 24.4
0.0 0.0 0.0 0.0 0.0 0.0 0.0 0.0 0.0 0.0 0.0 0.0 0.0 0.0 0.0 0.0 0.1 0.1 0.1 0.1 0.1 0.1 0.1 0.1 0.1 0.1 0.1 0.1 0.1 0.1 0.1 0.1 0.2 0.2 0.2 0.2 0.3 0.3 0.4 0.4 0.6 0.7 0.9 1.0 1.3 1.0 1.2 1.6 2.2 2.8 3.2 3.6 4.1 4.5 4.8 5.2 5.5 5.8 5.9 6.1 6.2 6.3 6.5 7.0 7.8 9.2 11.1 13.6 16.7 19.9 22.7 24.9 26.3 27.0 27.1 26.2 23.7 23.1 23.8 24.6 25.4 26.1 26.8 27.4 28.0 28.5 28.9 29.3 29.6 29.8 29.9 29.7 27.6 24.2
0.0 0.0 0.0 0.0 0.0 0.0 0.0 0.0 0.0 0.0 0.0 0.0 0.0 0.0 0.0 0.0 0.0 0.0 0.0 0.0 0.1 0.1 0.1 0.1 0.1 0.1 0.1 0.1 0.1 0.1 0.1 0.1 0.1 0.2 0.2 0.2 0.2 0.2 0.2 0.2 0.3 0.2 0.2 0.3 0.4 0.5 0.7 1.2 2.0 2.8 3.3 3.7 4.1 4.5 4.9 5.3 5.7 5.9 6.0 6.0 6.0 6.0 6.2 6.5 7.1 8.0 9.4 11.3 14.0 17.0 20.0 22.5 24.2 25.2 25.5 24.7 22.6 22.1 22.7 23.5 24.2 24.8 25.5 26.0 26.5 27.0 27.3 27.6 27.9 28.0 28.1 28.1 27.2 24.1
0.0 0.0 0.0 0.0 0.0 0.0 0.0 0.0 0.0 0.0 0.0 0.0 0.0 0.0 0.1 0.1 0.0 0.0 0.0 0.0 0.0 0.1 0.1 0.1 0.1 0.1 0.1 0.1 0.1 0.1 0.1 0.1 0.1 0.1 0.1 0.1 0.2 0.2 0.2 0.1 0.1 0.1 0.1 0.1 0.2 0.4 0.6 1.1 1.9 2.8 3.4 3.7 4.2 4.6 5.1 5.5 5.8 6.0 6.1 6.1 6.1 6.1 6.3 6.5 7.0 7.7 8.8 10.6 13.0 15.8 18.7 21.2 23.0 24.2 24.6 23.9 22.1 21.3 21.8 22.5 23.1 23.7 24.3 24.8 25.2 25.6 25.9 26.1 26.3 26.4 26.5 26.5 26.0 23.8
0.0 0.0 0.0 0.0 0.0 0.0 0.0 0.0 0.0 0.0 0.0 0.0 0.0 0.0 0.1 0.1 0.0 0.0 0.0 0.0 0.0 0.1 0.1 0.1 0.1 0.1 0.1 0.1 0.1 0.1 0.1 0.1 0.1 0.1 0.1 0.1 0.1 0.1 0.1 0.1 0.1 0.1 0.1 0.1 0.3 0.5 0.8 1.3 1.9 2.7 3.3 3.8 4.3 4.7 5.2 5.6 6.0 6.3 6.4 6.4 6.4 6.5 6.7 6.9 7.4 8.1 9.4 11.2 13.5 16.2 18.8 21.1 22.8 23.9 24.4 24.1 22.8 21.0 21.0 21.6 22.2 22.7 23.2 23.6 24.0 24.3 24.6 24.8 24.9 25.0 25.0 24.9 24.7 23.5
