datasets/raw/rain/2019113020191130.grid
ncols 886
nrows 691
xllcenter 112.0000
yllcenter -44.5000
cellsize 0.0500
nodata_value 99999.90
[rows 504 to 545 of 691, columns 470 to 563 of 886]
3.5 3.4 3.3 3.3 3.2 3.1 3.1 3.0 3.0 2.9 2.9 2.8 2.8 2.8 2.7 2.7 2.6 2.6 2.5 2.5 2.5 2.4 2.4 2.4 2.3 2.3 2.3 2.3 2.3 2.3 2.3 2.3 2.4 2.4 2.4 2.6 2.8 3.0 3.1 3.0 3.3 3.5 3.5 3.4 3.1 2.7 2.3 2.0 1.9 1.8 1.7 1.8 1.7 1.6 1.5 1.4 1.3 1.3 1.3 1.2 1.2 1.2 1.2 1.2 1.1 1.0 0.9 0.8 0.7 0.6 0.4 0.4 0.3 0.3 0.3 0.4 0.5 0.6 0.7 0.8 0.8 0.9 0.9 1.0 1.0 1.0 1.1 1.1 1.1 1.2 1.2 1.1 1.1 1.0
3.5 3.5 3.4 3.3 3.2 3.2 3.1 3.1 3.0 3.0 2.9 2.9 2.8 2.8 2.7 2.7 2.6 2.6 2.5 2.5 2.4 2.4 2.3 2.3 2.3 2.2 2.2 2.2 2.2 2.2 2.2 2.3 2.3 2.3 2.4 2.6 2.9 3.1 3.2 3.3 3.4 3.4 3.4 3.2 2.6 2.3 2.1 2.0 1.9 1.8 1.8 1.9 1.9 1.7 1.6 1.5 1.4 1.4 1.4 1.4 1.4 1.4 1.4 1.4 1.3 1.2 1.1 1.0 0.9 0.7 0.6 0.5 0.4 0.4 0.4 0.5 0.6 0.7 0.8 0.9 0.9 1.0 1.0 1.1 1.1 1.2 1.3 1.3 1.4 1.4 1.4 1.4 1.3 1.2
3.6 3.5 3.4 3.4 3.3 3.2 3.2 3.1 3.1 3.0 3.0 2.9 2.8 2.8 2.7 2.7 2.6 2.5 2.5 2.4 2.3 2.3 2.2 2.2 2.2 2.1 2.1 2.1 2.1 2.1 2.1 2.1 2.2 2.3 2.3 2.5 2.6 2.8 3.0 3.1 3.3 3.4 3.4 3.2 2.8 2.5 2.2 2.0 1.9 1.9 2.0 2.0 1.9 1.8 1.7 1.6 1.6 1.6 1.6 1.6 1.6 1.7 1.7 1.6 1.6 1.5 1.4 1.3 1.1 1.0 0.9 0.8 0.7 0.6 0.6 0.7 0.8 0.8 0.9 1.0 1.0 1.1 1.1 1.2 1.3 1.3 1.4 1.5 1.6 1.6 1.7 1.6 1.6 1.4
3.6 3.5 3.5 3.4 3.3 3.3 3.2 3.1 3.1 3.0 3.0 2.9 2.8 2.8 2.7 2.6 2.5 2.4 2.4 2.3 2.2 2.2 2.1 2.1 2.0 2.0 2.0 2.0 2.0 2.0 2.0 2.0 2.1 2.1 2.2 2.3 2.4 2.5 2.7 2.8 3.0 3.1 3.2 3.1 2.8 2.5 2.2 2.0 2.1 2.0 2.1 2.1 2.0 1.9 1.8 1.7 1.7 1.7 1.7 1.8 1.8 1.9 1.9 1.9 1.9 1.8 1.7 1.6 1.5 1.3 1.2 1.0 0.9 0.9 0.9 0.9 0.9 1.0 1.0 1.1 1.1 1.2 1.2 1.3 1.4 1.4 1.5 1.6 1.7 1.8 1.8 1.8 1.7 1.6
3.6 3.5 3.5 3.4 3.3 3.3 3.2 3.1 3.1 3.0 2.9 2.9 2.8 2.7 2.6 2.5 2.4 2.4 2.3 2.2 2.1 2.1 2.0 2.0 1.9 1.9 1.9 1.9 1.8 1.8 1.8 1.9 1.9 1.9 1.9 2.0 2.0 2.1 2.3 2.4 2.5 2.7 2.8 2.8 2.7 2.4 2.2 2.1 2.1 2.1 2.1 2.1 2.0 1.9 1.9 1.8 1.8 1.7 1.7 1.8 1.9 2.0 2.1 2.2 2.2 2.2 2.1 2.0 1.8 1.7 1.5 1.3 1.2 1.1 1.1 1.1 1.1 1.1 1.2 1.2 1.3 1.3 1.4 1.4 1.5 1.5 1.6 1.7 1.8 1.9 1.9 1.9 1.8 1.7
3.6 3.5 3.5 3.4 3.3 3.3 3.2 3.1 3.0 3.0 2.9 2.8 2.7 2.6 2.5 2.4 2.3 2.2 2.2 2.1 2.0 1.9 1.9 1.8 1.8 1.8 1.7 1.7 1.7 1.7 1.7 1.6 1.6 1.6 1.5 1.6 1.6 1.6 1.7 1.9 2.0 2.2 2.3 2.4 2.4 2.3 2.3 2.2 2.2 2.1 2.1 2.0 2.0 2.0 1.9 1.9 1.9 1.8 1.8 1.8 1.9 2.1 2.3 2.4 2.5 2.6 2.5 2.4 2.2 1.9 1.7 1.5 1.4 1.3 1.2 1.2 1.2 1.3 1.3 1.4 1.4 1.4 1.5 1.5 1.6 1.6 1.7 1.8 1.9 1.9 2.0 1.9 1.8 1.7
3.6 3.5 3.5 3.4 3.3 3.2 3.1 3.1 3.0 2.9 2.8 2.7 2.6 2.5 2.4 2.3 2.2 2.1 2.0 2.0 1.9 1.8 1.8 1.7 1.7 1.6 1.6 1.6 1.5 1.5 1.4 1.4 1.3 1.2 1.2 1.1 1.1 1.1 1.2 1.3 1.4 1.6 1.8 1.9 2.0 2.1 2.1 2.1 2.1 2.0 2.0 2.0 2.0 2.0 2.0 2.1 2.1 2.0 1.9 1.8 1.9 2.1 2.3 2.6 2.7 2.8 2.8 2.6 2.4 2.1 1.9 1.7 1.5 1.4 1.4 1.3 1.4 1.4 1.4 1.5 1.5 1.6 1.6 1.6 1.7 1.7 1.7 1.8 1.9 1.9 2.0 1.9 1.8 1.7
3.6 3.5 3.4 3.3 3.3 3.2 3.1 3.0 2.9 2.8 2.7 2.6 2.5 2.4 2.3 2.2 2.1 2.0 1.9 1.8 1.8 1.7 1.7 1.6 1.6 1.5 1.5 1.4 1.3 1.3 1.2 1.1 1.0 0.9 0.8 0.8 0.7 0.6 0.7 0.8 0.9 1.1 1.3 1.4 1.6 1.8 1.9 1.9 1.9 1.9 1.9 2.0 2.0 2.0 2.1 2.2 2.2 2.1 2.1 2.0 2.0 2.2 2.4 2.6 2.8 2.9 2.8 2.7 2.5 2.2 2.0 1.8 1.6 1.5 1.5 1.4 1.5 1.5 1.6 1.7 1.7 1.7 1.7 1.7 1.7 1.8 1.8 1.8 1.9 1.9 1.9 1.9 1.8 1.7
3.5 3.4 3.4 3.3 3.2 3.1 3.0 2.9 2.8 2.7 2.6 2.5 2.4 2.2 2.1 2.0 2.0 1.9 1.8 1.7 1.6 1.6 1.5 1.5 1.4 1.4 1.3 1.2 1.1 1.0 1.0 0.9 0.8 0.6 0.5 0.4 0.3 0.3 0.3 0.4 0.5 0.7 0.9 1.1 1.3 1.5 1.6 1.7 1.8 1.8 1.8 1.9 1.9 2.0 2.1 2.2 2.2 2.2 2.2 2.1 2.2 2.3 2.4 2.6 2.7 2.8 2.8 2.6 2.4 2.2 2.0 1.8 1.6 1.5 1.5 1.5 1.6 1.6 1.8 1.9 1.9 1.9 1.9 1.8 1.8 1.8 1.8 1.8 1.8 1.8 1.8 1.8 1.7 1.6
3.5 3.4 3.3 3.2 3.1 3.0 2.9 2.8 2.7 2.6 2.4 2.3 2.2 2.1 2.0 1.9 1.8 1.7 1.7 1.6 1.5 1.5 1.4 1.4 1.3 1.3 1.1 1.0 0.9 0.9 0.8 0.7 0.5 0.4 0.3 0.2 0.2 0.1 0.2 0.2 0.3 0.5 0.6 0.8 1.1 1.2 1.4 1.5 1.6 1.7 1.8 1.8 1.9 2.0 2.0 2.1 2.2 2.2 2.2 2.2 2.2 2.3 2.4 2.5 2.6 2.6 2.6 2.4 2.3 2.1 1.9 1.8 1.6 1.6 1.5 1.5 1.6 1.8 2.0 2.1 2.2 2.1 2.0 1.9 1.9 1.8 1.8 1.8 1.8 1.8 1.7 1.7 1.6 1.6
3.4 3.3 3.2 3.1 3.0 2.9 2.8 2.6 2.5 2.4 2.3 2.2 2.1 2.0 1.9 1.8 1.7 1.6 1.5 1.5 1.4 1.4 1.3 1.3 1.2 1.2 1.0 0.8 0.8 0.7 0.6 0.5 0.4 0.2 0.2 0.1 0.1 0.1 0.1 0.1 0.2 0.4 0.5 0.7 0.9 1.1 1.3 1.4 1.5 1.6 1.7 1.7 1.8 1.9 2.0 2.0 2.1 2.1 2.1 2.2 2.2 2.2 2.3 2.4 2.4 2.4 2.3 2.2 2.1 2.0 1.8 1.7 1.6 1.6 1.5 1.5 1.6 1.8 2.0 2.2 2.2 2.2 2.0 1.9 1.9 1.8 1.8 1.8 1.7 1.7 1.7 1.6 1.6 1.5
3.2 3.2 3.1 3.0 2.9 2.7 2.6 2.5 2.4 2.3 2.2 2.1 1.9 1.8 1.7 1.7 1.6 1.5 1.4 1.4 1.3 1.3 1.2 1.2 1.1 1.0 0.8 0.7 0.7 0.6 0.5 0.5 0.3 0.2 0.1 0.1 0.1 0.1 0.1 0.2 0.3 0.4 0.5 0.7 0.9 1.0 1.2 1.3 1.4 1.5 1.6 1.6 1.7 1.8 1.9 1.9 2.0 2.0 2.0 2.1 2.1 2.1 2.2 2.2 2.2 2.2 2.1 2.1 2.0 1.9 1.8 1.7 1.6 1.5 1.5 1.5 1.6 1.8 1.9 2.1 2.1 2.1 2.0 1.9 1.8 1.8 1.8 1.7 1.7 1.6 1.6 1.5 1.5 1.4
3.0 3.0 3.0 2.8 2.7 2.6 2.5 2.4 2.2 2.1 2.0 1.9 1.8 1.7 1.6 1.5 1.5 1.4 1.3 1.3 1.2 1.2 1.2 1.1 1.0 0.9 0.7 0.6 0.6 0.5 0.5 0.4 0.3 0.3 0.2 0.2 0.1 0.2 0.2 0.3 0.4 0.5 0.6 0.7 0.9 1.0 1.1 1.2 1.3 1.4 1.5 1.6 1.6 1.7 1.7 1.8 1.9 1.9 1.9 2.0 2.0 2.0 2.1 2.1 2.0 2.0 2.0 1.9 1.9 1.8 1.7 1.6 1.6 1.5 1.5 1.5 1.5 1.7 1.8 1.9 1.9 1.9 1.9 1.8 1.8 1.7 1.7 1.7 1.6 1.6 1.5 1.5 1.4 1.4
2.8 2.8 2.8 2.7 2.6 2.5 2.3 2.2 2.1 2.0 1.9 1.8 1.7 1.6 1.5 1.4 1.4 1.3 1.2 1.2 1.2 1.1 1.1 1.0 0.9 0.8 0.7 0.6 0.5 0.5 0.5 0.4 0.4 0.3 0.3 0.2 0.2 0.3 0.3 0.4 0.5 0.6 0.7 0.8 0.9 1.0 1.1 1.2 1.3 1.4 1.4 1.5 1.5 1.6 1.6 1.7 1.7 1.8 1.8 1.8 1.9 1.9 1.9 1.9 1.9 1.9 1.8 1.8 1.8 1.7 1.6 1.6 1.6 1.5 1.5 1.5 1.5 1.6 1.7 1.7 1.8 1.8 1.7 1.7 1.7 1.7 1.6 1.6 1.5 1.5 1.5 1.4 1.4 1.4
2.6 2.6 2.6 2.5 2.4 2.3 2.2 2.1 2.0 1.9 1.7 1.6 1.6 1.5 1.4 1.3 1.3 1.2 1.2 1.1 1.1 1.0 1.0 1.0 0.9 0.8 0.7 0.6 0.5 0.5 0.5 0.5 0.4 0.4 0.4 0.4 0.4 0.4 0.4 0.5 0.6 0.7 0.7 0.8 0.9 1.0 1.1 1.2 1.2 1.3 1.4 1.5 1.5 1.5 1.6 1.6 1.6 1.6 1.7 1.7 1.7 1.7 1.7 1.7 1.7 1.7 1.7 1.7 1.6 1.6 1.5 1.5 1.5 1.5 1.5 1.5 1.5 1.5 1.5 1.6 1.6 1.6 1.6 1.6 1.6 1.6 1.6 1.5 1.5 1.4 1.4 1.4 1.3 1.3
2.4 2.4 2.4 2.4 2.3 2.2 2.0 1.9 1.8 1.7 1.6 1.5 1.4 1.4 1.3 1.2 1.2 1.1 1.1 1.0 1.0 1.0 1.0 0.9 0.9 0.9 0.8 0.6 0.6 0.5 0.5 0.6 0.5 0.5 0.5 0.5 0.5 0.5 0.6 0.6 0.7 0.8 0.8 0.9 1.0 1.1 1.1 1.2 1.2 1.3 1.4 1.4 1.5 1.5 1.5 1.6 1.6 1.6 1.6 1.6 1.7 1.7 1.7 1.6 1.6 1.6 1.6 1.6 1.6 1.5 1.5 1.5 1.5 1.5 1.5 1.4 1.4 1.5 1.5 1.5 1.5 1.5 1.5 1.5 1.5 1.5 1.5 1.5 1.4 1.4 1.3 1.3 1.3 1.3
2.2 2.2 2.2 2.2 2.1 2.0 1.9 1.8 1.7 1.6 1.5 1.4 1.3 1.3 1.2 1.1 1.1 1.0 1.0 1.0 0.9 0.9 0.9 0.9 0.9 0.9 0.8 0.7 0.7 0.6 0.6 0.7 0.6 0.7 0.6 0.7 0.7 0.7 0.7 0.8 0.8 0.9 0.9 1.0 1.0 1.1 1.1 1.2 1.3 1.3 1.3 1.4 1.4 1.5 1.5 1.5 1.6 1.6 1.6 1.6 1.6 1.7 1.7 1.7 1.6 1.6 1.6 1.6 1.6 1.6 1.5 1.5 1.5 1.5 1.5 1.4 1.4 1.4 1.4 1.4 1.5 1.5 1.5 1.5 1.5 1.4 1.4 1.4 1.4 1.4 1.3 1.3 1.3 1.3
2.0 2.0 2.0 2.0 1.9 1.9 1.8 1.7 1.6 1.5 1.4 1.3 1.2 1.2 1.1 1.1 1.0 1.0 0.9 0.9 0.9 0.9 0.8 0.8 0.8 0.8 0.8 0.8 0.7 0.8 0.7 0.7 0.7 0.8 0.8 0.8 0.8 0.9 0.9 0.9 0.9 1.0 1.0 1.0 1.1 1.1 1.1 1.2 1.2 1.3 1.3 1.4 1.4 1.4 1.5 1.5 1.6 1.6 1.6 1.6 1.6 1.7 1.7 1.7 1.7 1.6 1.6 1.6 1.6 1.6 1.5 1.5 1.5 1.5 1.5 1.4 1.4 1.4 1.4 1.4 1.4 1.4 1.4 1.4 1.4 1.4 1.4 1.4 1.4 1.3 1.3 1.3 1.3 1.3
1.9 1.9 1.8 1.8 1.8 1.7 1.6 1.5 1.4 1.4 1.3 1.2 1.1 1.1 1.0 1.0 0.9 0.9 0.9 0.9 0.8 0.8 0.8 0.8 0.8 0.8 0.8 0.8 0.8 0.8 0.8 0.8 0.8 0.8 0.8 0.8 0.9 0.9 0.9 0.9 0.9 1.0 1.0 1.0 1.0 1.1 1.1 1.1 1.2 1.2 1.3 1.3 1.4 1.4 1.4 1.5 1.5 1.6 1.6 1.6 1.6 1.7 1.7 1.7 1.7 1.7 1.6 1.6 1.6 1.6 1.5 1.5 1.5 1.5 1.4 1.4 1.4 1.4 1.4 1.4 1.4 1.4 1.4 1.4 1.4 1.4 1.4 1.4 1.4 1.4 1.3 1.3 1.3 1.3
1.8 1.8 1.7 1.7 1.6 1.6 1.5 1.4 1.3 1.3 1.2 1.1 1.1 1.0 1.0 0.9 0.9 0.9 0.8 0.8 0.8 0.8 0.8 0.7 0.7 0.7 0.7 0.7 0.7 0.7 0.8 0.8 0.8 0.8 0.8 0.8 0.8 0.9 0.9 0.9 0.9 0.9 1.0 1.0 1.0 1.0 1.1 1.1 1.2 1.2 1.2 1.3 1.3 1.4 1.4 1.5 1.5 1.5 1.6 1.6 1.6 1.6 1.7 1.7 1.7 1.6 1.6 1.6 1.6 1.6 1.5 1.5 1.5 1.5 1.5 1.4 1.4 1.4 1.4 1.4 1.4 1.4 1.4 1.4 1.4 1.4 1.4 1.4 1.4 1.4 1.4 1.3 1.3 1.3
1.7 1.7 1.6 1.6 1.5 1.5 1.4 1.3 1.2 1.2 1.1 1.0 1.0 0.9 0.9 0.9 0.8 0.8 0.8 0.8 0.7 0.7 0.7 0.7 0.7 0.7 0.7 0.7 0.7 0.7 0.7 0.7 0.7 0.8 0.8 0.8 0.8 0.8 0.8 0.9 0.9 0.9 0.9 1.0 1.0 1.0 1.1 1.1 1.1 1.2 1.2 1.2 1.3 1.3 1.4 1.4 1.5 1.5 1.5 1.6 1.6 1.6 1.6 1.6 1.6 1.6 1.6 1.6 1.6 1.6 1.5 1.5 1.5 1.5 1.5 1.4 1.4 1.4 1.4 1.4 1.4 1.4 1.4 1.4 1.4 1.4 1.4 1.4 1.4 1.4 1.4 1.4 1.4 1.4
1.6 1.6 1.5 1.5 1.4 1.4 1.3 1.2 1.2 1.1 1.0 1.0 0.9 0.9 0.8 0.8 0.8 0.8 0.7 0.7 0.7 0.7 0.7 0.7 0.7 0.7 0.7 0.7 0.7 0.7 0.7 0.7 0.7 0.7 0.8 0.8 0.8 0.8 0.8 0.9 0.9 0.9 0.9 0.9 1.0 1.0 1.0 1.1 1.1 1.1 1.2 1.2 1.2 1.3 1.3 1.4 1.4 1.5 1.5 1.5 1.6 1.6 1.6 1.6 1.6 1.6 1.6 1.6 1.6 1.6 1.5 1.5 1.5 1.5 1.5 1.5 1.5 1.5 1.5 1.5 1.5 1.5 1.5 1.5 1.5 1.4 1.4 1.4 1.4 1.4 1.4 1.4 1.4 1.4
1.6 1.5 1.5 1.4 1.4 1.3 1.2 1.2 1.1 1.0 1.0 0.9 0.9 0.8 0.8 0.8 0.7 0.7 0.7 0.7 0.7 0.7 0.6 0.6 0.6 0.6 0.6 0.6 0.7 0.7 0.7 0.7 0.7 0.7 0.7 0.7 0.8 0.8 0.8 0.8 0.9 0.9 0.9 0.9 1.0 1.0 1.0 1.0 1.1 1.1 1.1 1.2 1.2 1.3 1.3 1.3 1.4 1.4 1.5 1.5 1.5 1.6 1.6 1.6 1.6 1.6 1.6 1.6 1.6 1.6 1.5 1.5 1.5 1.5 1.5 1.5 1.5 1.5 1.5 1.5 1.5 1.5 1.5 1.5 1.5 1.5 1.5 1.5 1.4 1.4 1.4 1.4 1.4 1.4
1.5 1.5 1.4 1.4 1.3 1.3 1.2 1.1 1.1 1.0 0.9 0.9 0.8 0.8 0.7 0.7 0.7 0.7 0.7 0.6 0.6 0.6 0.6 0.6 0.6 0.6 0.6 0.6 0.6 0.6 0.6 0.7 0.7 0.7 0.7 0.7 0.7 0.8 0.8 0.8 0.8 0.9 0.9 0.9 0.9 1.0 1.0 1.0 1.0 1.1 1.1 1.1 1.2 1.2 1.3 1.3 1.3 1.4 1.4 1.5 1.5 1.5 1.6 1.6 1.6 1.6 1.6 1.6 1.6 1.6 1.6 1.6 1.5 1.5 1.6 1.6 1.6 1.6 1.6 1.6 1.6 1.6 1.6 1.6 1.6 1.5 1.5 1.5 1.5 1.5 1.5 1.5 1.4 1.4
1.4 1.4 1.4 1.3 1.3 1.2 1.2 1.1 1.0 1.0 0.9 0.8 0.8 0.7 0.7 0.7 0.7 0.6 0.6 0.6 0.6 0.6 0.6 0.6 0.6 0.6 0.6 0.6 0.6 0.6 0.6 0.6 0.7 0.7 0.7 0.7 0.7 0.8 0.8 0.8 0.8 0.8 0.9 0.9 0.9 0.9 1.0 1.0 1.0 1.0 1.1 1.1 1.1 1.2 1.2 1.3 1.3 1.3 1.4 1.4 1.5 1.5 1.5 1.6 1.6 1.6 1.6 1.6 1.6 1.6 1.6 1.6 1.6 1.6 1.6 1.6 1.6 1.7 1.7 1.7 1.7 1.7 1.7 1.6 1.6 1.6 1.6 1.6 1.5 1.5 1.5 1.5 1.5 1.5
1.4 1.4 1.3 1.3 1.2 1.2 1.1 1.1 1.0 1.0 0.9 0.8 0.8 0.7 0.7 0.6 0.6 0.6 0.6 0.6 0.6 0.6 0.6 0.6 0.6 0.6 0.6 0.6 0.6 0.6 0.6 0.6 0.6 0.7 0.7 0.7 0.7 0.7 0.8 0.8 0.8 0.8 0.9 0.9 0.9 0.9 0.9 1.0 1.0 1.0 1.0 1.1 1.1 1.1 1.2 1.2 1.3 1.3 1.3 1.4 1.4 1.5 1.5 1.5 1.6 1.6 1.6 1.6 1.6 1.6 1.7 1.7 1.7 1.7 1.7 1.7 1.7 1.7 1.8 1.8 1.7 1.7 1.7 1.7 1.7 1.7 1.6 1.6 1.6 1.5 1.5 1.5 1.5 1.5
1.4 1.3 1.3 1.2 1.2 1.2 1.1 1.1 1.0 1.0 0.9 0.9 0.8 0.7 0.7 0.6 0.6 0.6 0.6 0.6 0.5 0.5 0.5 0.5 0.5 0.5 0.5 0.5 0.6 0.6 0.6 0.6 0.6 0.6 0.7 0.7 0.7 0.7 0.7 0.8 0.8 0.8 0.8 0.9 0.9 0.9 0.9 0.9 1.0 1.0 1.0 1.0 1.1 1.1 1.1 1.2 1.2 1.3 1.3 1.4 1.4 1.5 1.5 1.5 1.6 1.6 1.6 1.7 1.7 1.7 1.7 1.8 1.8 1.8 1.8 1.8 1.8 1.8 1.8 1.8 1.8 1.8 1.8 1.8 1.7 1.7 1.7 1.6 1.6 1.6 1.6 1.6 1.6 1.5
1.3 1.3 1.2 1.2 1.2 1.1 1.1 1.0 1.0 1.0 0.9 0.9 0.8 0.8 0.7 0.7 0.6 0.6 0.5 0.5 0.5 0.5 0.5 0.5 0.5 0.5 0.5 0.5 0.5 0.5 0.6 0.6 0.6 0.6 0.6 0.7 0.7 0.7 0.7 0.8 0.8 0.8 0.8 0.8 0.9 0.9 0.9 0.9 0.9 1.0 1.0 1.0 1.0 1.1 1.1 1.1 1.2 1.2 1.3 1.3 1.4 1.4 1.5 1.6 1.6 1.7 1.7 1.7 1.8 1.8 1.8 1.8 1.9 1.9 1.9 1.9 1.9 1.9 1.9 1.9 1.9 1.9 1.8 1.8 1.8 1.7 1.7 1.7 1.7 1.7 1.7 1.7 1.6 1.6
1.3 1.2 1.2 1.2 1.1 1.1 1.1 1.0 1.0 1.0 0.9 0.9 0.8 0.8 0.8 0.7 0.7 0.6 0.6 0.5 0.5 0.5 0.5 0.5 0.5 0.5 0.5 0.5 0.5 0.5 0.5 0.6 0.6 0.6 0.6 0.6 0.7 0.7 0.7 0.7 0.8 0.8 0.8 0.8 0.8 0.9 0.9 0.9 0.9 0.9 1.0 1.0 1.0 1.0 1.1 1.1 1.2 1.2 1.3 1.3 1.4 1.4 1.5 1.6 1.7 1.7 1.8 1.8 1.9 1.9 1.9 1.9 1.9 1.9 1.9 1.9 1.9 1.9 1.9 1.9 1.9 1.9 1.9 1.8 1.8 1.8 1.7 1.7 1.7 1.8 1.8 1.8 1.7 1.6
1.2 1.2 1.2 1.1 1.1 1.1 1.0 1.0 1.0 1.0 0.9 0.9 0.9 0.8 0.8 0.7 0.7 0.7 0.6 0.6 0.6 0.6 0.5 0.5 0.5 0.5 0.5 0.5 0.5 0.5 0.5 0.6 0.6 0.6 0.6 0.6 0.7 0.7 0.7 0.7 0.8 0.8 0.8 0.9 0.9 0.9 0.9 0.9 1.0 1.0 1.0 1.0 1.1 1.1 1.1 1.2 1.2 1.2 1.3 1.3 1.4 1.4 1.5 1.6 1.7 1.8 1.9 1.9 1.9 1.9 2.0 2.0 2.0 2.0 2.0 2.0 2.0 1.9 1.9 1.9 1.9 1.9 1.8 1.8 1.8 1.8 1.8 1.7 1.7 1.9 1.9 1.8 1.8 1.7
1.2 1.2 1.1 1.1 1.1 1.1 1.0 1.0 1.0 0.9 0.9 0.9 0.9 0.8 0.8 0.8 0.7 0.7 0.7 0.7 0.6 0.6 0.6 0.6 0.6 0.6 0.6 0.6 0.6 0.6 0.6 0.6 0.6 0.7 0.7 0.7 0.7 0.8 0.8 0.8 0.8 0.9 0.9 0.9 0.9 1.0 1.0 1.0 1.0 1.1 1.1 1.1 1.1 1.2 1.2 1.2 1.2 1.3 1.3 1.4 1.4 1.5 1.5 1.6 1.7 1.8 1.9 1.9 2.0 2.0 2.0 2.0 2.0 2.0 2.0 1.9 1.9 1.9 1.9 1.9 1.9 1.8 1.8 1.8 1.8 1.9 1.9 1.9 1.9 1.8 1.9 1.9 1.8 1.7
1.2 1.1 1.1 1.1 1.1 1.0 1.0 1.0 1.0 0.9 0.9 0.9 0.9 0.8 0.8 0.8 0.8 0.7 0.7 0.7 0.7 0.7 0.7 0.6 0.6 0.6 0.6 0.6 0.6 0.7 0.7 0.7 0.7 0.7 0.7 0.8 0.8 0.8 0.8 0.9 0.9 0.9 0.9 1.0 1.0 1.0 1.0 1.1 1.1 1.1 1.1 1.2 1.2 1.2 1.2 1.3 1.3 1.3 1.3 1.4 1.4 1.5 1.5 1.6 1.7 1.9 1.9 1.9 2.0 2.0 2.0 1.9 1.9 1.9 1.9 1.9 1.9 1.9 1.9 1.8 1.8 1.8 1.8 1.8 1.9 2.0 2.1 2.1 2.0 1.9 1.9 1.9 1.8 1.7
1.1 1.1 1.1 1.1 1.0 1.0 1.0 1.0 0.9 0.9 0.9 0.9 0.9 0.8 0.8 0.8 0.8 0.8 0.7 0.7 0.7 0.7 0.7 0.7 0.7 0.7 0.7 0.7 0.7 0.7 0.7 0.7 0.7 0.8 0.8 0.8 0.8 0.9 0.9 0.9 0.9 1.0 1.0 1.0 1.0 1.1 1.1 1.1 1.1 1.2 1.2 1.2 1.2 1.2 1.3 1.3 1.3 1.3 1.4 1.4 1.4 1.5 1.6 1.6 1.7 1.9 1.9 1.9 1.9 1.9 1.9 1.9 1.9 1.9 1.9 1.9 1.8 1.8 1.8 1.8 1.8 1.8 1.9 2.0 2.1 2.2 2.2 2.2 2.2 2.1 2.0 1.8 1.7 1.6
1.1 1.1 1.1 1.0 1.0 1.0 1.0 1.0 0.9 0.9 0.9 0.9 0.9 0.8 0.8 0.8 0.8 0.8 0.8 0.7 0.7 0.7 0.7 0.7 0.7 0.7 0.7 0.7 0.7 0.7 0.7 0.8 0.8 0.8 0.8 0.8 0.9 0.9 0.9 0.9 1.0 1.0 1.0 1.0 1.1 1.1 1.1 1.1 1.2 1.2 1.2 1.2 1.2 1.3 1.3 1.3 1.3 1.3 1.4 1.4 1.4 1.5 1.6 1.6 1.7 1.8 1.9 1.9 1.9 1.9 1.8 1.8 1.8 1.8 1.8 1.8 1.8 1.7 1.7 1.7 1.7 1.8 1.9 2.0 2.1 2.2 2.2 2.2 2.2 2.1 1.9 1.8 1.7 1.6
1.1 1.1 1.0 1.0 1.0 1.0 1.0 0.9 0.9 0.9 0.9 0.9 0.9 0.8 0.8 0.8 0.8 0.8 0.8 0.8 0.7 0.7 0.7 0.7 0.7 0.7 0.7 0.7 0.7 0.8 0.8 0.8 0.8 0.8 0.8 0.8 0.9 0.9 0.9 0.9 1.0 1.0 1.0 1.0 1.1 1.1 1.1 1.1 1.2 1.2 1.2 1.2 1.3 1.3 1.3 1.3 1.3 1.4 1.4 1.4 1.4 1.5 1.5 1.6 1.7 1.8 1.8 1.8 1.8 1.8 1.8 1.8 1.7 1.7 1.7 1.7 1.7 1.7 1.6 1.6 1.7 1.8 1.9 1.9 2.0 2.1 2.1 2.1 2.0 1.9 1.8 1.7 1.6 1.5
1.0 1.0 1.0 1.0 1.0 1.0 0.9 0.9 0.9 0.9 0.9 0.9 0.8 0.8 0.8 0.8 0.8 0.8 0.8 0.8 0.8 0.7 0.7 0.7 0.7 0.7 0.7 0.7 0.8 0.8 0.8 0.8 0.8 0.8 0.8 0.9 0.9 0.9 0.9 0.9 1.0 1.0 1.0 1.0 1.1 1.1 1.1 1.2 1.2 1.2 1.2 1.2 1.3 1.3 1.3 1.3 1.3 1.4 1.4 1.4 1.4 1.5 1.5 1.6 1.7 1.7 1.7 1.7 1.7 1.7 1.7 1.7 1.7 1.6 1.6 1.6 1.6 1.6 1.6 1.6 1.6 1.7 1.7 1.8 1.9 1.9 1.9 1.9 1.8 1.8 1.7 1.6 1.5 1.4
0.9 1.0 1.0 1.0 1.0 0.9 0.9 0.9 0.9 0.9 0.9 0.8 0.8 0.8 0.8 0.8 0.8 0.8 0.8 0.8 0.8 0.7 0.7 0.7 0.7 0.7 0.7 0.8 0.8 0.8 0.8 0.8 0.8 0.8 0.8 0.9 0.9 0.9 0.9 0.9 1.0 1.0 1.0 1.0 1.1 1.1 1.1 1.2 1.2 1.2 1.2 1.3 1.3 1.3 1.3 1.3 1.3 1.4 1.4 1.4 1.4 1.4 1.5 1.5 1.6 1.7 1.7 1.6 1.6 1.6 1.6 1.6 1.6 1.5 1.5 1.5 1.5 1.5 1.5 1.5 1.5 1.5 1.6 1.6 1.6 1.7 1.6 1.6 1.6 1.5 1.5 1.4 1.3 1.3
0.7 0.8 0.9 0.9 0.9 0.9 0.9 0.9 0.9 0.9 0.9 0.8 0.8 0.8 0.8 0.8 0.8 0.8 0.8 0.8 0.8 0.7 0.7 0.7 0.7 0.7 0.7 0.8 0.8 0.8 0.8 0.8 0.8 0.8 0.8 0.9 0.9 0.9 0.9 0.9 1.0 1.0 1.0 1.0 1.1 1.1 1.1 1.2 1.2 1.2 1.2 1.3 1.3 1.3 1.3 1.3 1.3 1.3 1.4 1.4 1.4 1.4 1.4 1.5 1.5 1.6 1.6 1.6 1.5 1.5 1.5 1.5 1.5 1.5 1.4 1.4 1.4 1.4 1.4 1.4 1.4 1.4 1.4 1.4 1.4 1.3 1.3 1.3 1.3 1.3 1.3 1.2 1.2 1.1
0.6 0.7 0.7 0.8 0.8 0.9 0.9 0.9 0.9 0.9 0.8 0.8 0.8 0.8 0.8 0.8 0.8 0.8 0.8 0.8 0.7 0.7 0.7 0.7 0.7 0.7 0.7 0.7 0.8 0.8 0.8 0.8 0.8 0.8 0.8 0.8 0.9 0.9 0.9 0.9 1.0 1.0 1.0 1.0 1.1 1.1 1.1 1.2 1.2 1.2 1.2 1.2 1.3 1.3 1.3 1.3 1.3 1.3 1.3 1.4 1.4 1.4 1.4 1.4 1.5 1.5 1.5 1.5 1.4 1.4 1.4 1.4 1.4 1.4 1.3 1.3 1.3 1.3 1.3 1.3 1.2 1.2 1.2 1.1 1.1 1.0 1.0 1.0 1.0 1.0 1.1 1.1 1.1 1.0
0.5 0.6 0.6 0.7 0.7 0.8 0.8 0.8 0.8 0.8 0.8 0.8 0.8 0.8 0.8 0.8 0.8 0.8 0.8 0.7 0.7 0.7 0.7 0.7 0.7 0.7 0.7 0.7 0.8 0.8 0.8 0.8 0.8 0.8 0.8 0.8 0.9 0.9 0.9 0.9 1.0 1.0 1.0 1.0 1.1 1.1 1.1 1.2 1.2 1.2 1.2 1.2 1.3 1.3 1.3 1.3 1.3 1.3 1.3 1.3 1.3 1.3 1.4 1.4 1.4 1.4 1.4 1.4 1.3 1.3 1.3 1.3 1.3 1.3 1.3 1.2 1.2 1.2 1.2 1.2 1.2 1.1 1.0 0.9 0.8 0.7 0.7 0.7 0.8 0.9 0.9 0.9 1.0 1.0
0.4 0.4 0.5 0.5 0.6 0.6 0.7 0.7 0.8 0.8 0.8 0.8 0.8 0.8 0.8 0.8 0.8 0.8 0.7 0.7 0.7 0.7 0.7 0.7 0.7 0.7 0.7 0.7 0.7 0.8 0.8 0.8 0.8 0.8 0.8 0.8 0.9 0.9 0.9 0.9 1.0 1.0 1.0 1.0 1.1 1.1 1.1 1.1 1.2 1.2 1.2 1.2 1.3 1.3 1.3 1.3 1.3 1.3 1.3 1.3 1.3 1.3 1.3 1.3 1.3 1.3 1.3 1.3 1.3 1.2 1.2 1.2 1.2 1.2 1.2 1.2 1.2 1.1 1.1 1.1 1.1 1.0 0.9 0.8 0.6 0.5 0.5 0.5 0.6 0.7 0.8 0.8 0.9 0.9
0.3 0.4 0.4 0.4 0.5 0.5 0.6 0.6 0.6 0.7 0.7 0.8 0.8 0.8 0.8 0.8 0.8 0.7 0.7 0.7 0.7 0.7 0.7 0.7 0.7 0.7 0.7 0.7 0.7 0.7 0.8 0.8 0.8 0.8 0.8 0.8 0.9 0.9 0.9 0.9 0.9 1.0 1.0 1.0 1.1 1.1 1.1 1.1 1.2 1.2 1.2 1.2 1.2 1.3 1.3 1.3 1.3 1.3 1.3 1.3 1.3 1.3 1.3 1.3 1.2 1.2 1.2 1.2 1.2 1.2 1.1 1.1 1.1 1.1 1.1 1.1 1.1 1.1 1.1 1.0 1.0 0.9 0.8 0.7 0.5 0.4 0.4 0.4 0.5 0.6 0.7 0.7 0.8 0.8
